{
"N": {
"shape": [147, 103],
"data": [[0,0,0.004857379653], [1,0,-0.999988202862], [3,0,-0.004857379653], [4,0,0.999988202862], [0,1,0.001037167323], [1,1,-0.999999462142], [6,1,-0.001037167323], [7,1,0.999999462142], [3,2,-0.709104194514], [4,2,0.705103709622], [21,2,0.709104194514], [22,2,-0.705103709622], [6,3,-0.708087331187], [7,3,0.706124869561], [24,3,0.708087331187], [25,3,-0.706124869561], [6,4,-0.999999504751], [7,4,-0.000995237398], [48,4,0.999999504751], [49,4,0.000995237398], [9,5,-0.007707642235], [10,5,-0.999970295684], [12,5,0.007707642235], [13,5,0.999970295684], [12,6,0.001879980967], [13,6,-0.999998232834], [18,6,-0.001879980967], [19,6,0.999998232834], [12,7,-0.999988156045], [13,7,0.004867008246], [33,7,0.999988156045], [34,7,-0.004867008246], [12,8,-0.707514569887], [13,8,-0.706698757179], [36,8,0.707514569887], [37,8,0.706698757179], [12,9,-0.999998706329], [13,9,0.001608521347], [54,9,0.999998706329], [55,9,-0.001608521347], [15,10,0.000948983050], [16,10,-0.999999549715], [18,10,-0.000948983050], [19,10,0.999999549715], [18,11,-0.708186543370], [19,11,0.706025367668], [36,11,0.708186543370], [37,11,-0.706025367668], [18,12,-0.999996454495], [19,12,0.002662892598], [60,12,0.999996454495], [61,12,-0.002662892598], [21,13,-0.007882547494], [22,13,-0.999968932240], [24,13,0.007882547494], [25,13,0.999968932240], [21,14,-0.000820874172], [22,14,-0.999999663083], [27,14,0.000820874172], [28,14,0.999999663083], [24,15,0.006200574137], [25,15,-0.999980776255], [27,15,-0.006200574137], [28,15,0.999980776255], [24,16,-0.704957047936], [25,16,-0.709249998636], [48,16,0.704957047936], [49,16,0.709249998636], [24,17,-0.999999990496], [25,17,-0.000137871375], [66,17,0.999999990496], [67,17,0.000137871375], [27,18,-0.708598277913], [28,18,0.705612131797], [45,18,0.708598277913], [46,18,-0.705612131797], [27,19,-0.999993566115], [28,19,-0.003587161587], [48,19,0.999993566115], [49,19,0.003587161587], [27,20,-0.708631673266], [28,20,-0.705578593527], [51,20,0.708631673266], [52,20,0.705578593527], [27,21,-0.999997653058], [28,21,-0.002166535968], [69,21,0.999997653058], [70,21,0.002166535968], [30,22,-0.000175411176], [31,22,-0.999999984615], [36,22,0.000175411176], [37,22,0.999999984615], [30,23,-0.706768768901], [31,23,0.707444631972], [48,23,0.706768768901], [49,23,-0.707444631972], [30,24,-0.999999388515], [31,24,0.001105879844], [51,24,0.999999388515], [52,24,-0.001105879844], [30,25,-0.705448185847], [31,25,-0.708761495205], [54,25,0.705448185847], [55,25,0.708761495205], [30,26,-0.999999946631], [31,26,0.000326707528], [72,26,0.999999946631], [73,26,-0.000326707528], [33,27,-0.006043049958], [34,27,-0.999981740607], [36,27,0.006043049958], [37,27,0.999981740607], [33,28,-0.710550788978], [34,28,0.703645916838], [51,28,0.710550788978], [52,28,-0.703645916838], [33,29,-0.999999944127], [34,29,0.000334285338], [75,29,0.999999944127], [76,29,-0.000334285338], [36,30,-0.704177568049], [37,30,0.710023909919], [54,30,0.704177568049], [55,30,-0.710023909919], [39,31,-0.708354630374], [40,31,0.705856725992], [57,31,0.708354630374], [58,31,-0.705856725992], [39,32,-0.999997761553], [40,32,0.002115866080], [60,32,0.999997761553], [61,32,-0.002115866080], [39,33,-0.999998470717], [40,33,-0.001748874985], [81,33,0.999998470717], [82,33,0.001748874985], [42,34,-0.999999651001], [43,34,0.000835462120], [63,34,0.999999651001], [64,34,-0.000835462120], [42,35,-0.999999869272], [43,35,0.000511328374], [84,35,0.999999869272], [85,35,-0.000511328374], [45,36,-0.999995241789], [46,36,0.003084866249], [66,36,0.999995241789], [67,36,-0.003084866249], [45,37,-0.705487061743], [46,37,-0.708722798923], [69,37,0.705487061743], [70,37,0.708722798923], [48,38,-0.703068274311], [49,38,0.711122353507], [66,38,0.703068274311], [67,38,-0.711122353507], [48,39,-0.999999732554], [49,39,-0.000731363278], [69,39,0.999999732554], [70,39,0.000731363278], [51,40,0.008229493285], [52,40,-0.999966137147], [54,40,-0.008229493285], [55,40,0.999966137147], [51,41,0.000939115265], [52,41,-0.999999559031], [57,41,-0.000939115265], [58,41,0.999999559031], [51,42,-0.704906145326], [52,42,0.709300589512], [69,42,0.704906145326], [70,42,-0.709300589512], [51,43,-0.704903288928], [52,43,-0.709303428202], [75,43,0.704903288928], [76,43,0.709303428202], [54,44,-0.006366713217], [55,44,-0.999979732276], [57,44,0.006366713217], [58,44,0.999979732276], [54,45,-0.000616791918], [55,45,-0.999999809784], [60,45,0.000616791918], [61,45,0.999999809784], [54,46,-0.999997355851], [55,46,0.002299628612], [75,46,0.999997355851], [76,46,-0.002299628612], [54,47,-0.709363656952], [55,47,-0.704842679039], [78,47,0.709363656952], [79,47,0.704842679039], [57,48,0.005123111936], [58,48,-0.999986876776], [60,48,-0.005123111936], [61,48,0.999986876776], [57,49,-0.999997431477], [58,49,0.002266503907], [78,49,0.999997431477], [79,49,-0.002266503907], [57,50,-0.705459353970], [58,50,-0.708750379115], [81,50,0.705459353970], [82,50,0.708750379115], [60,51,-0.706714221735], [61,51,0.707499122825], [78,51,0.706714221735], [79,51,-0.707499122825], [60,52,-0.999984363203], [61,52,-0.005592258032], [81,52,0.999984363203], [82,52,0.005592258032], [60,53,-0.999995517082], [61,53,-0.002994297122], [102,53,0.999995517082], [103,53,0.002994297122], [63,54,-0.999999982625], [64,54,0.000186415637], [84,54,0.999999982625], [85,54,-0.000186415637], [63,55,-0.999993051663], [64,55,0.003727817842], [105,55,0.999993051663], [106,55,-0.003727817842], [69,56,-0.001086329565], [70,56,-0.999999409944], [72,56,0.001086329565], [73,56,0.999999409944], [69,57,0.000764390251], [70,57,-0.999999707854], [75,57,-0.000764390251], [76,57,0.999999707854], [72,58,0.002619631339], [73,58,-0.999996568760], [75,58,-0.002619631339], [76,58,0.999996568760], [72,59,0.000159795212], [73,59,-0.999999987233], [78,59,-0.000159795212], [79,59,0.999999987233], [72,60,-0.999995268184], [73,60,0.003076297947], [93,60,0.999995268184], [94,60,-0.003076297947], [75,61,-0.002298310394], [76,61,-0.999997358881], [78,61,0.002298310394], [79,61,0.999997358881], [75,62,-0.707369005742], [76,62,0.706844459351], [93,62,0.707369005742], [94,62,-0.706844459351], [78,63,-0.708439841339], [79,63,0.705771203155], [96,63,0.708439841339], [97,63,-0.705771203155], [81,64,-0.999999932907], [82,64,-0.000366314793], [102,64,0.999999932907], [103,64,0.000366314793], [81,65,-0.999998879479], [82,65,0.001497010674], [123,65,0.999998879479], [124,65,-0.001497010674], [84,66,-0.999973730487], [85,66,0.007248333306], [105,66,0.999973730487], [106,66,-0.007248333306], [87,67,-0.002930723080], [88,67,-0.999995705422], [90,67,0.002930723080], [91,67,0.999995705422], [87,68,-0.707083051717], [88,68,0.707130509860], [105,68,0.707083051717], [106,68,-0.707130509860], [87,69,-0.999999969966], [88,69,0.000245087130], [108,69,0.999999969966], [109,69,-0.000245087130], [87,70,-0.709343435111], [88,70,-0.704863030003], [111,70,0.709343435111], [112,70,0.704863030003], [87,71,-0.999998129868], [88,71,0.001933975375], [129,71,0.999998129868], [130,71,-0.001933975375], [90,72,-0.707750075592], [91,72,0.706462901007], [108,72,0.707750075592], [109,72,-0.706462901007], [90,73,-0.999996282754], [91,73,0.002726624084], [111,73,0.999996282754], [112,73,-0.002726624084], [90,74,-0.999999901645], [91,74,-0.000443519558], [132,74,0.999999901645], [133,74,0.000443519558], [93,75,-0.005561604908], [94,75,-0.999984534156], [96,75,0.005561604908], [97,75,0.999984534156], [93,76,-0.002773461833], [94,76,-0.999996153947], [99,76,0.002773461833], [100,76,0.999996153947], [93,77,-0.708842145990], [94,77,0.705367147001], [111,77,0.708842145990], [112,77,-0.705367147001], [93,78,-0.705414651424], [94,78,-0.708794871283], [117,78,0.705414651424], [118,78,0.708794871283], [96,79,-0.000004501114], [97,79,-0.999999999990], [99,79,0.000004501114], [100,79,0.999999999990], [96,80,-0.999961625407], [97,80,-0.008760577282], [117,80,0.999961625407], [118,80,0.008760577282], [96,81,-0.704708506059], [97,81,-0.709496949597], [120,81,0.704708506059], [121,81,0.709496949597], [99,82,-0.707165380968], [100,82,0.707048176549], [117,82,0.707165380968], [118,82,-0.707048176549], [99,83,-0.999988178431], [100,83,-0.004862406562], [120,83,0.999988178431], [121,83,0.004862406562], [99,84,-0.706900877347], [100,84,-0.707312625086], [123,84,0.706900877347], [124,84,0.707312625086], [99,85,-0.999997522784], [100,85,0.002225853926], [141,85,0.999997522784], [142,85,-0.002225853926], [102,86,-0.710254263156], [103,86,0.703945226327], [120,86,0.710254263156], [121,86,-0.703945226327], [105,87,-0.002404484687], [106,87,-0.999997109223], [108,87,0.002404484687], [109,87,0.999997109223], [105,88,-0.000510707984], [106,88,-0.999999869589], [111,88,0.000510707984], [112,88,0.999999869589], [108,89,0.001392362320], [109,89,-0.999999030663], [111,89,-0.001392362320], [112,89,0.999999030663], [108,90,-0.703744427638], [109,90,-0.710453221942], [132,90,0.703744427638], [133,90,0.710453221942], [111,91,0.007025821491], [112,91,-0.999975318612], [114,91,-0.007025821491], [115,91,0.999975318612], [111,92,-0.999993382618], [112,92,-0.003637955512], [132,92,0.999993382618], [133,92,0.003637955512], [111,93,-0.705324840201], [112,93,-0.708884242874], [135,93,0.705324840201], [136,93,0.708884242874], [114,94,-0.000873419565], [115,94,-0.999999618569], [117,94,0.000873419565], [118,94,0.999999618569], [114,95,-0.706313673555], [115,95,0.707899000246], [132,95,0.706313673555], [133,95,-0.707899000246], [114,96,-0.999994089214], [115,96,0.003438246078], [135,96,0.999994089214], [136,96,-0.003438246078], [114,97,-0.712584791640], [115,97,-0.701585999521], [138,97,0.712584791640], [139,97,0.701585999521], [126,98,-0.000945401932], [127,98,-0.999999553107], [129,98,0.000945401932], [130,98,0.999999553107], [132,99,-0.004442525750], [133,99,-0.999990131934], [135,99,0.004442525750], [136,99,0.999990131934], [132,100,-0.004087207889], [133,100,-0.999991647331], [138,100,0.004087207889], [139,100,0.999991647331], [138,101,0.006949214102], [139,101,-0.999975853920], [141,101,-0.006949214102], [142,101,0.999975853920], [138,102,0.003552921880], [139,102,-0.999993688353], [144,102,-0.003552921880], [145,102,0.999993688353], ]
},
"Q": {
"shape": [103, 103],
"data": [[0,0,2.000000000000], [1,0,0.999992702925], [2,0,0.708539779703], [0,1,0.999992702925], [1,1,2.000000000000], [3,1,0.706858894808], [4,1,0.000041929947], [0,2,0.708539779703], [2,2,2.000000000000], [13,2,0.699492256138], [14,2,0.704521386742], [1,3,0.706858894808], [3,3,2.000000000000], [4,3,0.707384218630], [13,3,-0.700521399825], [15,3,0.710501843189], [16,3,0.001647908098], [17,3,-0.707989970051], [1,4,0.000041929947], [3,4,0.707384218630], [4,4,2.000000000000], [16,4,0.705662570930], [19,4,0.999996640947], [23,4,0.706064343520], [38,4,-0.702360190556], [39,4,-0.999999965185], [5,5,2.000000000000], [6,5,-0.999954038350], [7,5,-0.002840687272], [8,5,-0.712131034356], [9,5,-0.006099158697], [5,6,-0.999954038350], [6,6,2.000000000000], [7,6,-0.006746958345], [8,6,0.705367394400], [9,6,-0.003488497039], [10,6,0.999999566621], [11,6,0.707355497226], [12,6,0.004542862193], [5,7,-0.002840687272], [6,7,-0.006746958345], [7,7,2.000000000000], [8,7,0.704066681438], [9,7,0.999994691076], [27,7,-0.001176059007], [28,7,-0.713967023726], [29,7,-0.999989727142], [5,8,-0.712131034356], [6,8,0.705367394400], [7,8,0.704066681438], [8,8,2.000000000000], [9,8,0.706376914559], [11,8,0.002105047765], [22,8,0.706822852269], [27,8,0.710961399180], [30,8,0.003557125524], [5,9,-0.006099158697], [6,9,-0.003488497039], [7,9,0.999994691076], [8,9,0.706376914559], [9,9,2.000000000000], [25,9,0.704307215234], [30,9,0.705318745691], [40,9,-0.009837949517], [44,9,-0.004758216235], [45,9,0.000991729921], [46,9,-0.999999761184], [47,9,-0.708228984773], [6,10,0.999999566621], [10,10,2.000000000000], [11,10,0.706697106781], [12,10,0.003611871084], [6,11,0.707355497226], [8,11,0.002105047765], [10,11,0.706697106781], [11,11,2.000000000000], [12,11,0.710064102216], [22,11,-0.705901132971], [27,11,-0.701732869412], [30,11,-0.999983969888], [6,12,0.004542862193], [10,12,0.003611871084], [11,12,0.710064102216], [12,12,2.000000000000], [32,12,0.999999850380], [45,12,-0.002046102360], [48,12,-0.007785951423], [51,12,-0.708595710253], [52,12,-0.999965926171], [53,12,-0.999983998102], [2,13,0.699492256138], [3,13,-0.700521399825], [13,13,2.000000000000], [14,13,0.999975065913], [15,13,-0.999900832772], [16,13,-0.714784821239], [17,13,-0.008020414510], [2,14,0.704521386742], [13,14,0.999975065913], [14,14,2.000000000000], [15,14,0.999975349453], [18,14,0.705030224040], [19,14,-0.004408029269], [20,14,-0.706160053244], [21,14,-0.002987407483], [3,15,0.710501843189], [13,15,-0.999900832772], [14,15,0.999975349453], [15,15,2.000000000000], [16,15,0.704865225756], [17,15,-0.006062705354], [18,15,0.709992283445], [19,15,0.002613441615], [20,15,-0.701171106439], [21,15,0.004034065266], [3,16,0.001647908098], [4,16,0.705662570930], [13,16,-0.714784821239], [15,16,0.704865225756], [16,16,2.000000000000], [17,16,0.705054826508], [19,16,0.707496706674], [23,16,-0.003513479363], [38,16,0.008730593100], [39,16,-0.705475578802], [3,17,-0.707989970051], [13,17,-0.008020414510], [15,17,-0.006062705354], [16,17,0.705054826508], [17,17,2.000000000000], [36,17,0.999994806970], [38,17,0.702970224212], [14,18,0.705030224040], [15,18,0.709992283445], [18,18,2.000000000000], [19,18,0.706062574138], [20,18,0.004270367822], [21,18,0.707067880811], [36,18,-0.710771625303], [37,18,0.000176487961], [4,19,0.999996640947], [14,19,-0.004408029269], [15,19,0.002613441615], [16,19,0.707496706674], [18,19,0.706062574138], [19,19,2.000000000000], [20,19,0.711158138439], [21,19,0.999998990903], [23,19,0.704226503423], [38,19,-0.700512840060], [39,19,-0.999995922189], [14,20,-0.706160053244], [15,20,-0.701171106439], [18,20,0.004270367822], [19,20,0.711158138439], [20,20,2.000000000000], [21,20,0.710158671550], [24,20,0.707850954803], [28,20,0.007041298190], [40,20,-0.699723021026], [41,20,-0.704912795568], [42,20,0.000948491078], [43,20,-0.999986112378], [14,21,-0.002987407483], [15,21,0.004034065266], [18,21,0.707067880811], [19,21,0.999998990903], [20,21,0.710158671550], [21,21,2.000000000000], [37,21,0.707020879441], [39,21,0.999998970138], [42,21,0.703367765713], [56,21,-0.003252861705], [57,21,-0.001402146878], [8,22,0.706822852269], [11,22,-0.705901132971], [22,22,2.000000000000], [23,22,-0.707320645947], [24,22,-0.000930468758], [25,22,0.708885227797], [26,22,-0.000151296356], [27,22,0.999982785241], [30,22,0.709900378380], [4,23,0.706064343520], [16,23,-0.003513479363], [19,23,0.704226503423], [22,23,-0.707320645947], [23,23,2.000000000000], [24,23,0.707550685482], [25,23,-0.002820769296], [26,23,0.706999858668], [38,23,-0.999986390352], [39,23,-0.706251180853], [20,24,0.707850954803], [22,24,-0.000930468758], [23,24,0.707550685482], [24,24,2.000000000000], [25,24,0.704663949424], [26,24,0.999999696445], [28,24,0.711328502323], [40,24,0.009335330649], [41,24,0.002044994047], [42,24,-0.705690115511], [43,24,-0.704118453525], [9,25,0.704307215234], [22,25,0.708885227797], [23,25,-0.002820769296], [24,25,0.704663949424], [25,25,2.000000000000], [26,25,0.705216590482], [30,25,-0.006476820130], [40,25,0.702932013410], [44,25,-0.713238516511], [45,25,-0.709196475126], [46,25,-0.703816432324], [47,25,-0.999984655983], [22,26,-0.000151296356], [23,26,0.706999858668], [24,26,0.999999696445], [25,26,0.705216590482], [26,26,2.000000000000], [56,26,0.000759622173], [58,26,0.002946337606], [59,26,0.000486502727], [60,26,-0.999996219865], [7,27,-0.001176059007], [8,27,0.710961399180], [11,27,-0.701732869412], [22,27,0.999982785241], [27,27,2.000000000000], [28,27,-0.699339174775], [29,27,0.005708770386], [30,27,0.705755565090], [7,28,-0.713967023726], [20,28,0.007041298190], [24,28,0.711328502323], [27,28,-0.699339174775], [28,28,2.000000000000], [29,28,0.710785967791], [40,28,0.709469562326], [41,28,0.704312895644], [42,28,-0.999968081337], [43,28,-0.001771127047], [7,29,-0.999989727142], [27,29,0.005708770386], [28,29,0.710785967791], [29,29,2.000000000000], [43,29,0.704666139806], [46,29,0.999998068710], [57,29,-0.001098675449], [58,29,-0.002953915384], [61,29,-0.001964025810], [62,29,-0.707605253958], [8,30,0.003557125524], [9,30,0.705318745691], [11,30,-0.999983969888], [22,30,0.709900378380], [25,30,-0.006476820130], [27,30,0.705755565090], [30,30,2.000000000000], [40,30,-0.715794891051], [44,30,0.705526222720], [45,30,0.709589443828], [46,30,-0.705808497397], [47,30,0.000937180034], [31,31,2.000000000000], [32,31,0.709846543063], [33,31,0.707119091928], [41,31,-0.706521641377], [44,31,-0.701332529095], [48,31,0.709476442938], [49,31,-0.709952637976], [50,31,0.000560822223], [12,32,0.999999850380], [31,32,0.709846543063], [32,32,2.000000000000], [33,32,0.999992531888], [45,32,-0.001499075141], [48,32,-0.007238938781], [51,32,-0.708209613188], [52,32,-0.999970292322], [53,32,-0.999986943114], [31,33,0.707119091928], [32,33,0.999992531888], [33,33,2.000000000000], [50,33,0.706697790932], [52,33,0.999992614104], [64,33,-0.999999044263], [65,33,-0.999994732113], [34,34,2.000000000000], [35,34,0.999999947469], [54,34,-0.999999789369], [55,34,-0.999995817117], [34,35,0.999999947469], [35,35,2.000000000000], [54,35,0.999999947216], [66,35,-0.999977306041], [17,36,0.999994806970], [18,36,-0.710771625303], [36,36,2.000000000000], [37,36,0.703297389844], [38,36,0.705258646311], [18,37,0.000176487961], [21,37,0.707020879441], [36,37,0.703297389844], [37,37,2.000000000000], [39,37,0.706005206892], [42,37,-0.005395333807], [56,37,-0.709488772190], [57,37,-0.708183324440], [4,38,-0.702360190556], [16,38,0.008730593100], [17,38,0.702970224212], [19,38,-0.700512840060], [23,38,-0.999986390352], [36,38,0.705258646311], [38,38,2.000000000000], [39,38,0.702547997502], [4,39,-0.999999965185], [16,39,-0.705475578802], [19,39,-0.999995922189], [21,39,0.999998970138], [23,39,-0.706251180853], [37,39,0.706005206892], [38,39,0.702547997502], [39,39,2.000000000000], [42,39,0.704387200397], [56,39,-0.001817692122], [57,39,0.000033026982], [9,40,-0.009837949517], [20,40,-0.699723021026], [24,40,0.009335330649], [25,40,0.702932013410], [28,40,0.709469562326], [30,40,-0.715794891051], [40,40,2.000000000000], [41,40,0.999973424636], [42,40,-0.715077590960], [43,40,0.703478412281], [44,40,-0.999893475285], [45,40,-0.999960871052], [46,40,0.010529022265], [47,40,-0.698981107603], [20,41,-0.704912795568], [24,41,0.002044994047], [28,41,0.704312895644], [31,41,-0.706521641377], [40,41,0.999973424636], [41,41,2.000000000000], [42,41,-0.709962264854], [43,41,0.708641129983], [44,41,0.999973312239], [48,41,-0.999991247006], [49,41,0.003205615760], [50,41,-0.708087558931], [20,42,0.000948491078], [21,42,0.703367765713], [24,42,-0.705690115511], [28,42,-0.999968081337], [37,42,-0.005395333807], [39,42,0.704387200397], [40,42,-0.715077590960], [41,42,-0.709962264854], [42,42,2.000000000000], [43,42,-0.006218679541], [56,42,0.708534410598], [57,42,0.709839205678], [20,43,-0.999986112378], [24,43,-0.704118453525], [28,43,-0.001771127047], [29,43,0.704666139806], [40,43,0.703478412281], [41,43,0.708641129983], [42,43,-0.006218679541], [43,43,2.000000000000], [46,43,0.703270290600], [57,43,0.708764399780], [58,43,0.707454407665], [61,43,-0.710921641403], [62,43,0.002740459590], [9,44,-0.004758216235], [25,44,-0.713238516511], [30,44,0.705526222720], [31,44,-0.701332529095], [40,44,-0.999893475285], [41,44,0.999973312239], [44,44,2.000000000000], [45,44,0.999983469001], [46,44,0.004067114379], [47,44,0.709344708453], [48,44,-0.999933991933], [49,44,-0.004100238894], [50,44,-0.713227471751], [9,45,0.000991729921], [12,45,-0.002046102360], [25,45,-0.709196475126], [30,45,0.709589443828], [32,45,-0.001499075141], [40,45,-0.999960871052], [44,45,0.999983469001], [45,45,2.000000000000], [46,45,-0.001682837887], [47,45,0.705280074737], [48,45,0.999983526668], [51,45,0.707063092627], [52,45,-0.006209039241], [53,45,-0.003611085706], [9,46,-0.999999761184], [25,46,-0.703816432324], [29,46,0.999998068710], [30,46,-0.705808497397], [40,46,0.010529022265], [43,46,0.703270290600], [44,46,0.004067114379], [45,46,-0.001682837887], [46,46,2.000000000000], [47,46,0.707740904897], [57,46,-0.003064016170], [58,46,-0.004919245134], [61,46,0.000001318221], [62,46,-0.708992615095], [9,47,-0.708228984773], [25,47,-0.999984655983], [30,47,0.000937180034], [40,47,-0.698981107603], [44,47,0.709344708453], [45,47,0.705280074737], [46,47,0.707740904897], [47,47,2.000000000000], [49,47,0.707764306249], [51,47,0.002641807600], [59,47,0.704729317125], [61,47,0.706471155332], [63,47,-0.005083810962], [12,48,-0.007785951423], [31,48,0.709476442938], [32,48,-0.007238938781], [41,48,-0.999991247006], [44,48,-0.999933991933], [45,48,0.999983526668], [48,48,2.000000000000], [49,48,-0.007389572940], [50,48,0.705126930789], [51,48,0.711110414220], [52,48,-0.000469152817], [53,48,0.002128831141], [31,49,-0.709952637976], [41,49,0.003205615760], [44,49,-0.004100238894], [47,49,0.707764306249], [48,49,-0.007389572940], [49,49,2.000000000000], [50,49,0.703851156478], [51,49,0.708315956049], [59,49,-0.002426298680], [61,49,0.000031806569], [63,49,-0.710037654884], [31,50,0.000560822223], [33,50,0.706697790932], [41,50,-0.708087558931], [44,50,-0.713227471751], [48,50,0.705126930789], [49,50,0.703851156478], [50,50,2.000000000000], [52,50,0.709411837845], [64,50,-0.705718932387], [65,50,-0.704397556605], [12,51,-0.708595710253], [32,51,-0.708209613188], [45,51,0.707063092627], [47,51,0.002641807600], [48,51,0.711110414220], [49,51,0.708315956049], [51,51,2.000000000000], [52,51,0.702746653335], [53,51,0.704592591005], [59,51,-0.707612043341], [61,51,-0.705873005594], [63,51,-0.999997018265], [12,52,-0.999965926171], [32,52,-0.999970292322], [33,52,0.999992614104], [45,52,-0.006209039241], [48,52,-0.000469152817], [50,52,0.709411837845], [51,52,0.702746653335], [52,52,2.000000000000], [53,52,0.999996625237], [64,52,-0.999986344637], [65,52,-0.999974871029], [12,53,-0.999983998102], [32,53,-0.999986943114], [45,53,-0.003611085706], [48,53,0.002128831141], [51,53,0.704592591005], [52,53,0.999996625237], [53,53,2.000000000000], [64,53,0.999996546845], [86,53,-0.708143257979], [34,54,-0.999999789369], [35,54,0.999999947216], [54,54,2.000000000000], [55,54,0.999993729211], [66,54,-0.999975064315], [34,55,-0.999995817117], [54,55,0.999993729211], [55,55,2.000000000000], [66,55,0.999993802799], [68,55,0.709714192397], [87,55,0.001323339086], [88,55,0.003217112921], [21,56,-0.003252861705], [26,56,0.000759622173], [37,56,-0.709488772190], [39,56,-0.001817692122], [42,56,0.708534410598], [56,56,2.000000000000], [57,56,0.999998287418], [58,56,-0.999993132923], [59,56,-0.999999223586], [60,56,0.001989971706], [21,57,-0.001402146878], [29,57,-0.001098675449], [37,57,-0.708183324440], [39,57,0.000033026982], [42,57,0.709839205678], [43,57,0.708764399780], [46,57,-0.003064016170], [56,57,0.999998287418], [57,57,2.000000000000], [58,57,0.999998279035], [61,57,-0.999995309930], [62,57,0.707384958821], [26,58,0.002946337606], [29,58,-0.002953915384], [43,58,0.707454407665], [46,58,-0.004919245134], [56,58,-0.999993132923], [57,58,0.999998279035], [58,58,2.000000000000], [59,58,0.999996974597], [60,58,-0.005695906335], [61,58,-0.999987906924], [62,58,0.708695080014], [26,59,0.000486502727], [47,59,0.704729317125], [49,59,-0.002426298680], [51,59,-0.707612043341], [56,59,-0.999999223586], [58,59,0.999996974597], [59,59,2.000000000000], [60,59,-0.003236092363], [61,59,0.999996978855], [63,59,0.705884399439], [26,60,-0.999996219865], [56,60,0.001989971706], [58,60,-0.005695906335], [59,60,-0.003236092363], [60,60,2.000000000000], [62,60,0.709540122761], [75,60,-0.002485328222], [76,60,0.000302837405], [77,60,-0.711008711386], [78,60,-0.703230849324], [29,61,-0.001964025810], [43,61,-0.710921641403], [46,61,0.000001318221], [47,61,0.706471155332], [49,61,0.000031806569], [51,61,-0.705873005594], [57,61,-0.999995309930], [58,61,-0.999987906924], [59,61,0.999996978855], [61,61,2.000000000000], [62,61,-0.705216838953], [63,61,0.704141124479], [29,62,-0.707605253958], [43,62,0.002740459590], [46,62,-0.708992615095], [57,62,0.707384958821], [58,62,0.708695080014], [60,62,0.709540122761], [61,62,-0.705216838953], [62,62,2.000000000000], [75,62,0.702899420471], [76,62,0.704879879851], [77,62,-0.999997823703], [78,62,0.002019266969], [47,63,-0.005083810962], [49,63,-0.710037654884], [51,63,-0.999997018265], [59,63,0.705884399439], [61,63,0.704141124479], [63,63,2.000000000000], [75,63,-0.701820225310], [79,63,0.705768014380], [80,63,-0.702229692080], [81,63,0.001498933529], [33,64,-0.999999044263], [50,64,-0.705718932387], [52,64,-0.999986344637], [53,64,0.999996546845], [64,64,2.000000000000], [65,64,0.999998264009], [86,64,-0.709996349953], [33,65,-0.999994732113], [50,65,-0.704397556605], [52,65,-0.999974871029], [64,65,0.999998264009], [65,65,2.000000000000], [84,65,0.705841230699], [35,66,-0.999977306041], [54,66,-0.999975064315], [55,66,0.999993802799], [66,66,2.000000000000], [68,66,0.712189994616], [87,66,0.004843890830], [88,66,0.006737637792], [67,67,2.000000000000], [68,67,-0.705055208414], [69,67,0.002685636914], [70,67,0.706938892090], [71,67,0.000996750529], [72,67,0.704385647566], [73,67,-0.000204099811], [74,67,-0.003374240445], [55,68,0.709714192397], [66,68,0.712189994616], [67,68,-0.705055208414], [68,68,2.000000000000], [69,68,0.707256339068], [70,68,0.003134567027], [71,68,0.708449302372], [87,68,0.705428295332], [88,68,0.706769304682], [67,69,0.002685636914], [68,69,0.707256339068], [69,69,2.000000000000], [70,69,0.709170660950], [71,69,0.999998573827], [72,69,0.707923199301], [87,69,0.002159398194], [89,69,0.001637449170], [90,69,-0.703570283561], [67,70,0.706938892090], [68,70,0.003134567027], [69,70,0.709170660950], [70,70,2.000000000000], [71,70,0.707978920802], [73,70,0.707418901793], [77,70,0.005625298289], [88,70,0.705225205437], [89,70,0.703874683682], [91,70,-0.699861912654], [92,70,-0.711903001460], [93,70,-0.999983840371], [67,71,0.000996750529], [68,71,0.708449302372], [69,71,0.999998573827], [70,71,0.707978920802], [71,71,2.000000000000], [98,71,-0.000988574348], [67,72,0.704385647566], [69,72,0.707923199301], [72,72,2.000000000000], [73,72,0.709673703471], [74,72,0.707436675868], [87,72,-0.704759084561], [89,72,0.707447660743], [90,72,0.003833672344], [67,73,-0.000204099811], [70,73,0.707418901793], [72,73,0.709673703471], [73,73,2.000000000000], [74,73,0.999994975088], [77,73,0.710762782101], [88,73,-0.002215917643], [89,73,-0.004118978585], [91,73,0.009752352161], [92,73,-0.999979746059], [93,73,-0.703389357486], [67,74,-0.003374240445], [72,74,0.707436675868], [73,74,0.999994975088], [74,74,2.000000000000], [90,74,0.704059458321], [92,74,0.999994897768], [95,74,0.705999637033], [99,74,-0.004886040495], [100,74,-0.004530723340], [60,75,-0.002485328222], [62,75,0.702899420471], [63,75,-0.701820225310], [75,75,2.000000000000], [76,75,0.999996113062], [77,75,-0.701413937944], [78,75,0.712707146759], [79,75,-0.999984559179], [80,75,-0.014321833276], [81,75,-0.713405286914], [60,76,0.000302837405], [62,76,0.704879879851], [75,76,0.999996113062], [76,76,2.000000000000], [77,76,-0.703398487484], [78,76,0.710748585833], [79,76,0.999996166421], [82,76,0.705084161010], [83,76,-0.007635816907], [84,76,-0.709270467328], [85,76,-0.000547609598], [60,77,-0.711008711386], [62,77,-0.999997823703], [70,77,0.005625298289], [73,77,0.710762782101], [75,77,-0.701413937944], [76,77,-0.703398487484], [77,77,2.000000000000], [78,77,0.000067019163], [88,77,-0.705005043669], [89,77,-0.706353428357], [91,77,0.710329935943], [92,77,-0.706271361011], [93,77,0.000059682601], [60,78,-0.703230849324], [62,78,0.002019266969], [75,78,0.712707146759], [76,78,0.710748585833], [77,78,0.000067019163], [78,78,2.000000000000], [80,78,0.711597033670], [82,78,-0.002307300573], [94,78,0.709410723885], [63,79,0.705768014380], [75,79,-0.999984559179], [76,79,0.999996166421], [79,79,2.000000000000], [80,79,0.008765078223], [81,79,0.709500121563], [82,79,0.707044993510], [83,79,-0.004866907622], [84,79,-0.707315806920], [85,79,0.002221352823], [63,80,-0.702229692080], [75,80,-0.014321833276], [78,80,0.711597033670], [79,80,0.008765078223], [80,80,2.000000000000], [81,80,0.710897066015], [82,80,0.700944093591], [94,80,0.009633959989], [63,81,0.001498933529], [75,81,-0.713405286914], [79,81,0.709500121563], [80,81,0.710897066015], [81,81,2.000000000000], [83,81,0.708150037923], [86,81,0.001075229948], [76,82,0.705084161010], [78,82,-0.002307300573], [79,82,0.707044993510], [80,82,0.700944093591], [82,82,2.000000000000], [83,82,0.703719065470], [84,82,-0.000208273582], [85,82,0.708737415126], [94,82,-0.706430254779], [76,83,-0.007635816907], [79,83,-0.004866907622], [81,83,0.708150037923], [82,83,0.703719065470], [83,83,2.000000000000], [84,83,0.710331762219], [85,83,0.999974878238], [86,83,0.706822998949], [65,84,0.705841230699], [76,84,-0.709270467328], [79,84,-0.707315806920], [82,84,-0.000208273582], [83,84,0.710331762219], [84,84,2.000000000000], [85,84,0.705324751617], [76,85,-0.000547609598], [79,85,0.002221352823], [82,85,0.708737415126], [83,85,0.999974878238], [84,85,0.705324751617], [85,85,2.000000000000], [101,85,-0.009174997068], [53,86,-0.708143257979], [64,86,-0.709996349953], [81,86,0.001075229948], [83,86,0.706822998949], [86,86,2.000000000000], [55,87,0.001323339086], [66,87,0.004843890830], [68,87,0.705428295332], [69,87,0.002159398194], [72,87,-0.704759084561], [87,87,2.000000000000], [88,87,0.999998206801], [89,87,-0.999992791975], [90,87,-0.712143310880], [55,88,0.003217112921], [66,88,0.006737637792], [68,88,0.706769304682], [70,88,0.705225205437], [73,88,-0.002215917643], [77,88,-0.705005043669], [87,88,0.999998206801], [88,88,2.000000000000], [89,88,0.999998189161], [91,88,-0.999971600060], [92,88,-0.004148659642], [93,88,-0.709244365455], [69,89,0.001637449170], [70,89,0.703874683682], [72,89,0.707447660743], [73,89,-0.004118978585], [77,89,-0.706353428357], [87,89,-0.999992791975], [88,89,0.999998189161], [89,89,2.000000000000], [90,89,0.709472666050], [91,89,-0.999984131788], [92,89,-0.002245598880], [93,89,-0.707901487996], [69,90,-0.703570283561], [72,90,0.003833672344], [74,90,0.704059458321], [87,90,-0.712143310880], [89,90,0.709472666050], [90,90,2.000000000000], [92,90,0.706324367907], [95,90,-0.005864813606], [99,90,-0.713572613884], [100,90,-0.713323637538], [70,91,-0.699861912654], [73,91,0.009752352161], [77,91,0.710329935943], [88,91,-0.999971600060], [89,91,-0.999984131788], [91,91,2.000000000000], [92,91,-0.003387909276], [93,91,0.703911260206], [94,91,-0.999968800700], [95,91,0.712843962103], [96,91,0.010463941180], [97,91,-0.696562189862], [70,92,-0.711903001460], [73,92,-0.999979746059], [74,92,0.999994897768], [77,92,-0.706271361011], [88,92,-0.004148659642], [89,92,-0.002245598880], [90,92,0.706324367907], [91,92,-0.003387909276], [92,92,2.000000000000], [93,92,0.707899062136], [95,92,0.703733694537], [99,92,-0.008080415965], [100,92,-0.007725105967], [70,93,-0.999983840371], [73,93,-0.703389357486], [77,93,0.000059682601], [88,93,-0.709244365455], [89,93,-0.707901487996], [91,93,0.703911260206], [92,93,0.707899062136], [93,93,2.000000000000], [96,93,0.702883352710], [99,93,0.712010671322], [78,94,0.709410723885], [80,94,0.009633959989], [82,94,-0.706430254779], [91,94,-0.999968800700], [94,94,2.000000000000], [95,94,-0.707281822050], [96,94,-0.002564830364], [97,94,0.702208117413], [74,95,0.705999637033], [90,95,-0.005864813606], [91,95,0.712843962103], [92,95,0.703733694537], [94,95,-0.707281822050], [95,95,2.000000000000], [96,95,0.708743429647], [97,95,0.006656354254], [99,95,0.704754197970], [100,95,0.705006236582], [91,96,0.010463941180], [93,96,0.702883352710], [94,96,-0.002564830364], [95,96,0.708743429647], [96,96,2.000000000000], [97,96,0.710168354393], [99,96,0.001004287343], [91,97,-0.696562189862], [94,97,0.702208117413], [95,97,0.006656354254], [96,97,0.710168354393], [97,97,2.000000000000], [100,97,0.704492621587], [101,97,-0.696617154686], [102,97,-0.699049813260], [71,98,-0.000988574348], [98,98,2.000000000000], [74,99,-0.004886040495], [90,99,-0.713572613884], [92,99,-0.008080415965], [93,99,0.712010671322], [95,99,0.704754197970], [96,99,0.001004287343], [99,99,2.000000000000], [100,99,0.999999936873], [74,100,-0.004530723340], [90,100,-0.713323637538], [92,100,-0.007725105967], [95,100,0.705006236582], [97,100,0.704492621587], [99,100,0.999999936873], [100,100,2.000000000000], [101,100,-0.999939098570], [102,100,-0.999970814206], [85,101,-0.009174997068], [97,101,-0.696617154686], [100,101,-0.999939098570], [101,101,2.000000000000], [102,101,0.999994232441], [97,102,-0.699049813260], [100,102,-0.999970814206], [101,102,0.999994232441], [102,102,2.000000000000], ]
},
"Minv": {
"shape": [147, 147],
"data": [[0,0,1.000000000000], [1,1,1.000000000000], [2,2,2.000000000000], [3,3,1.000000000000], [4,4,1.000000000000], [5,5,2.000000000000], [6,6,1.000000000000], [7,7,1.000000000000], [8,8,2.000000000000], [9,9,1.000000000000], [10,10,1.000000000000], [11,11,2.000000000000], [12,12,1.000000000000], [13,13,1.000000000000], [14,14,2.000000000000], [15,15,1.000000000000], [16,16,1.000000000000], [17,17,2.000000000000], [18,18,1.000000000000], [19,19,1.000000000000], [20,20,2.000000000000], [21,21,1.000000000000], [22,22,1.000000000000], [23,23,2.000000000000], [24,24,1.000000000000], [25,25,1.000000000000], [26,26,2.000000000000], [27,27,1.000000000000], [28,28,1.000000000000], [29,29,2.000000000000], [30,30,1.000000000000], [31,31,1.000000000000], [32,32,2.000000000000], [33,33,1.000000000000], [34,34,1.000000000000], [35,35,2.000000000000], [36,36,1.000000000000], [37,37,1.000000000000], [38,38,2.000000000000], [39,39,1.000000000000], [40,40,1.000000000000], [41,41,2.000000000000], [42,42,1.000000000000], [43,43,1.000000000000], [44,44,2.000000000000], [45,45,1.000000000000], [46,46,1.000000000000], [47,47,2.000000000000], [48,48,1.000000000000], [49,49,1.000000000000], [50,50,2.000000000000], [51,51,1.000000000000], [52,52,1.000000000000], [53,53,2.000000000000], [54,54,1.000000000000], [55,55,1.000000000000], [56,56,2.000000000000], [57,57,1.000000000000], [58,58,1.000000000000], [59,59,2.000000000000], [60,60,1.000000000000], [61,61,1.000000000000], [62,62,2.000000000000], [63,63,1.000000000000], [64,64,1.000000000000], [65,65,2.000000000000], [66,66,1.000000000000], [67,67,1.000000000000], [68,68,2.000000000000], [69,69,1.000000000000], [70,70,1.000000000000], [71,71,2.000000000000], [72,72,1.000000000000], [73,73,1.000000000000], [74,74,2.000000000000], [75,75,1.000000000000], [76,76,1.000000000000], [77,77,2.000000000000], [78,78,1.000000000000], [79,79,1.000000000000], [80,80,2.000000000000], [81,81,1.000000000000], [82,82,1.000000000000], [83,83,2.000000000000], [84,84,1.000000000000], [85,85,1.000000000000], [86,86,2.000000000000], [87,87,1.000000000000], [88,88,1.000000000000], [89,89,2.000000000000], [90,90,1.000000000000], [91,91,1.000000000000], [92,92,2.000000000000], [93,93,1.000000000000], [94,94,1.000000000000], [95,95,2.000000000000], [96,96,1.000000000000], [97,97,1.000000000000], [98,98,2.000000000000], [99,99,1.000000000000], [100,100,1.000000000000], [101,101,2.000000000000], [102,102,1.000000000000], [103,103,1.000000000000], [104,104,2.000000000000], [105,105,1.000000000000], [106,106,1.000000000000], [107,107,2.000000000000], [108,108,1.000000000000], [109,109,1.000000000000], [110,110,2.000000000000], [111,111,1.000000000000], [112,112,1.000000000000], [113,113,2.000000000000], [114,114,1.000000000000], [115,115,1.000000000000], [116,116,2.000000000000], [117,117,1.000000000000], [118,118,1.000000000000], [119,119,2.000000000000], [120,120,1.000000000000], [121,121,1.000000000000], [122,122,2.000000000000], [123,123,1.000000000000], [124,124,1.000000000000], [125,125,2.000000000000], [126,126,1.000000000000], [127,127,1.000000000000], [128,128,2.000000000000], [129,129,1.000000000000], [130,130,1.000000000000], [131,131,2.000000000000], [132,132,1.000000000000], [133,133,1.000000000000], [134,134,2.000000000000], [135,135,1.000000000000], [136,136,1.000000000000], [137,137,2.000000000000], [138,138,1.000000000000], [139,139,1.000000000000], [140,140,2.000000000000], [141,141,1.000000000000], [142,142,1.000000000000], [143,143,2.000000000000], [144,144,1.000000000000], [145,145,1.000000000000], [146,146,2.000000000000], ]
},
"v0": {
"shape": [147, 1],
