{
"N": {
"shape": [147, 104],
"data": [[0,0,-0.004129879975], [1,0,-0.999991472009], [3,0,0.004129879975], [4,0,0.999991472009], [0,1,-0.999994632024], [1,1,0.003276571786], [21,1,0.999994632024], [22,1,-0.003276571786], [0,2,-0.999999775155], [1,2,-0.000670588653], [42,2,0.999999775155], [43,2,0.000670588653], [3,3,-0.704608196697], [4,3,0.709596567881], [21,3,0.704608196697], [22,3,-0.709596567881], [6,4,-0.000716937408], [7,4,-0.999999743000], [9,4,0.000716937408], [10,4,0.999999743000], [6,5,0.001296271270], [7,5,-0.999999159840], [12,5,-0.001296271270], [13,5,0.999999159840], [6,6,-0.999995683841], [7,6,0.002938077550], [27,6,0.999995683841], [28,6,-0.002938077550], [6,7,-0.707714555433], [7,7,-0.706498484095], [30,7,0.707714555433], [31,7,0.706498484095], [6,8,-0.999999710898], [7,8,0.000760397700], [48,8,0.999999710898], [49,8,-0.000760397700], [9,9,0.003318864093], [10,9,-0.999994492555], [12,9,-0.003318864093], [13,9,0.999994492555], [9,10,-0.704272322084], [10,10,0.709929923546], [27,10,0.704272322084], [28,10,-0.709929923546], [9,11,-0.999987355857], [10,11,0.005028730126], [30,11,0.999987355857], [31,11,-0.005028730126], [12,12,-0.706728109555], [13,12,0.707485250139], [30,12,0.706728109555], [31,12,-0.707485250139], [15,13,-0.709016614482], [16,13,0.705191775610], [33,13,0.709016614482], [34,13,-0.705191775610], [15,14,-0.999999542849], [16,14,0.000956191361], [36,14,0.999999542849], [37,14,-0.000956191361], [18,15,-0.707453850209], [19,15,0.706759541728], [36,15,0.707453850209], [37,15,-0.706759541728], [18,16,-0.999982539524], [19,16,-0.005909369513], [39,16,0.999982539524], [40,16,0.005909369513], [18,17,-0.999993329512], [19,17,-0.003652523870], [60,17,0.999993329512], [61,17,0.003652523870], [24,18,0.002417939733], [25,18,-0.999997076779], [30,18,-0.002417939733], [31,18,0.999997076779], [24,19,-0.705581065518], [25,19,0.708629211917], [42,19,0.705581065518], [43,19,-0.708629211917], [24,20,-0.999973160679], [25,20,0.007326521864], [45,20,0.999973160679], [46,20,-0.007326521864], [24,21,-0.707237095571], [25,21,-0.706976442782], [48,21,0.707237095571], [49,21,0.706976442782], [24,22,-0.999996418378], [25,22,0.002676421194], [66,22,0.999996418378], [67,22,-0.002676421194], [27,23,-0.001056536607], [28,23,-0.999999441865], [30,23,0.001056536607], [31,23,0.999999441865], [27,24,-0.002014967250], [28,24,-0.999997969951], [33,24,0.002014967250], [34,24,0.999997969951], [27,25,-0.999998998984], [28,25,-0.001414931746], [48,25,0.999998998984], [49,25,0.001414931746], [27,26,-0.709431951663], [28,26,-0.704773939615], [51,26,0.709431951663], [52,26,0.704773939615], [30,27,-0.001195934232], [31,27,-0.999999284870], [36,27,0.001195934232], [37,27,0.999999284870], [30,28,-0.706812014638], [31,28,0.707401424909], [48,28,0.706812014638], [49,28,-0.707401424909], [33,29,0.000589493563], [34,29,-0.999999826249], [36,29,-0.000589493563], [37,29,0.999999826249], [33,30,-0.706909999220], [34,30,-0.707303508406], [57,30,0.706909999220], [58,30,0.707303508406], [33,31,-0.999997826876], [34,31,0.002084764617], [75,31,0.999997826876], [76,31,-0.002084764617], [36,32,-0.708312463141], [37,32,0.705899039919], [54,32,0.708312463141], [55,32,-0.705899039919], [36,33,-0.703448855291], [37,33,-0.710745881445], [60,33,0.703448855291], [61,33,0.710745881445], [36,34,-0.999993634672], [37,34,-0.003567998706], [78,34,0.999993634672], [79,34,0.003567998706], [39,35,-0.999999014228], [40,35,-0.001404116439], [60,35,0.999999014228], [61,35,0.001404116439], [45,36,0.008098554782], [46,36,-0.999967206168], [48,36,-0.008098554782], [49,36,0.999967206168], [45,37,0.000721075832], [46,37,-0.999999740025], [51,37,-0.000721075832], [52,37,0.999999740025], [45,38,-0.999998024688], [46,38,-0.001987616716], [66,38,0.999998024688], [67,38,0.001987616716], [45,39,-0.702647910865], [46,39,-0.711537710425], [69,39,0.702647910865], [70,39,0.711537710425], [48,40,-0.006674674410], [49,40,-0.999977724113], [51,40,0.006674674410], [52,40,0.999977724113], [48,41,-0.002655083099], [49,41,-0.999996475261], [54,41,0.002655083099], [55,41,0.999996475261], [51,42,-0.708925783326], [52,42,0.705283087657], [69,42,0.708925783326], [70,42,-0.705283087657], [51,43,-0.999968414263], [52,43,-0.007947985681], [72,43,0.999968414263], [73,43,0.007947985681], [51,44,-0.704743324271], [52,44,-0.709462364679], [75,44,0.704743324271], [76,44,0.709462364679], [51,45,-0.999999894313], [52,45,-0.000459754086], [93,45,0.999999894313], [94,45,0.000459754086], [54,46,0.003454096999], [55,46,-0.999994034589], [57,46,-0.003454096999], [58,46,0.999994034589], [54,47,0.001980668929], [55,47,-0.999998038473], [60,47,-0.001980668929], [61,47,0.999998038473], [54,48,-0.708476735793], [55,48,0.705734167262], [72,48,0.708476735793], [73,48,-0.705734167262], [54,49,-0.999994716884], [55,49,0.003250569916], [75,49,0.999994716884], [76,49,-0.003250569916], [54,50,-0.705797927664], [55,50,-0.708413216495], [78,50,0.705797927664], [79,50,0.708413216495], [54,51,-0.999999897840], [55,51,0.000452018325], [96,51,0.999999897840], [97,51,-0.000452018325], [57,52,-0.705517351614], [58,52,0.708692646054], [75,52,0.705517351614], [76,52,-0.708692646054], [57,53,-0.999980414453], [58,53,-0.006258650923], [78,53,0.999980414453], [79,53,0.006258650923], [57,54,-0.999999997803], [58,54,-0.000066291583], [99,54,0.999999997803], [100,54,0.000066291583], [60,55,-0.708785619768], [61,55,0.705423947148], [78,55,0.708785619768], [79,55,-0.705423947148], [60,56,-0.999994984020], [61,56,0.003167323058], [102,56,0.999994984020], [103,56,-0.003167323058], [63,57,-0.004153240377], [64,57,-0.999991375260], [66,57,0.004153240377], [67,57,0.999991375260], [63,58,-0.000137433017], [64,58,-0.999999990556], [69,58,0.000137433017], [70,58,0.999999990556], [63,59,-0.712178241279], [64,59,-0.701998684222], [87,59,0.712178241279], [88,59,0.701998684222], [66,60,0.003835837089], [67,60,-0.999992643150], [69,60,-0.003835837089], [70,60,0.999992643150], [66,61,-0.707727985839], [67,61,-0.706485030316], [90,61,0.707727985839], [91,61,0.706485030316], [69,62,-0.705961285223], [70,62,0.708250424473], [87,62,0.705961285223], [88,62,-0.708250424473], [69,63,-0.999971290477], [70,63,0.007577481167], [90,63,0.999971290477], [91,63,-0.007577481167], [69,64,-0.710975613542], [70,64,-0.703216664300], [93,64,0.710975613542], [94,64,0.703216664300], [72,65,0.004506585478], [73,65,-0.999989845292], [75,65,-0.004506585478], [76,65,0.999989845292], [72,66,-0.999975562476], [73,66,0.006991026402], [93,66,0.999975562476], [94,66,-0.006991026402], [72,67,-0.709295623567], [73,67,-0.704911142193], [96,67,0.709295623567], [97,67,0.704911142193], [75,68,-0.999997314105], [76,68,-0.002317710532], [96,68,0.999997314105], [97,68,0.002317710532], [78,69,0.002496272696], [79,69,-0.999996884306], [81,69,-0.002496272696], [82,69,0.999996884306], [78,70,-0.999980953521], [79,70,0.006171919907], [99,70,0.999980953521], [100,70,-0.006171919907], [78,71,-0.709939603316], [79,71,-0.704262564420], [102,71,0.709939603316], [103,71,0.704262564420], [81,72,-0.707248266358], [82,72,0.706965267699], [99,72,0.707248266358], [100,72,-0.706965267699], [81,73,-0.999999636179], [82,73,-0.000853019479], [102,73,0.999999636179], [103,73,0.000853019479], [81,74,-0.999999952191], [82,74,0.000309220551], [123,74,0.999999952191], [124,74,-0.000309220551], [84,75,-0.007968223316], [85,75,-0.999968253205], [87,75,0.007968223316], [88,75,0.999968253205], [84,76,-0.002921734310], [85,76,-0.999995731725], [90,76,0.002921734310], [91,76,0.999995731725], [84,77,-0.708878547838], [85,77,-0.705330563931], [108,77,0.708878547838], [109,77,0.705330563931], [84,78,-0.999999023027], [85,78,0.001397835552], [126,78,0.999999023027], [127,78,-0.001397835552], [87,79,-0.999997341969], [88,79,-0.002305657366], [129,79,0.999997341969], [130,79,0.002305657366], [90,80,0.001341247290], [91,80,-0.999999100527], [96,80,-0.001341247290], [97,80,0.999999100527], [93,81,0.002258653256], [94,81,-0.999997449239], [96,81,-0.002258653256], [97,81,0.999997449239], [96,82,-0.711020105193], [97,82,0.703171678903], [114,82,0.711020105193], [115,82,-0.703171678903], [99,83,-0.004792929399], [100,83,-0.999988513848], [102,83,0.004792929399], [103,83,0.999988513848], [105,84,-0.999999869425], [106,84,0.000511028830], [126,84,0.999999869425], [127,84,-0.000511028830], [108,85,-0.709587051383], [109,85,0.704617780438], [126,85,0.709587051383], [127,85,-0.704617780438], [108,86,-0.999993494910], [109,86,-0.003606956727], [129,86,0.999993494910], [130,86,0.003606956727], [111,87,0.002740080617], [112,87,-0.999996245972], [117,87,-0.002740080617], [118,87,0.999996245972], [111,88,-0.706124992323], [112,88,0.708087208765], [129,88,0.706124992323], [130,88,-0.708087208765], [111,89,-0.999998591519], [112,89,0.001678380166], [132,89,0.999998591519], [133,89,-0.001678380166], [111,90,-0.707296324646], [112,90,-0.706917186905], [135,90,0.707296324646], [136,90,0.706917186905], [114,91,0.007317307756], [115,91,-0.999973228145], [117,91,-0.007317307756], [118,91,0.999973228145], [114,92,0.004265113628], [115,92,-0.999990904362], [120,92,-0.004265113628], [121,92,0.999990904362], [114,93,-0.707844075288], [115,93,-0.706368717512], [138,93,0.707844075288], [139,93,0.706368717512], [117,94,0.001203927971], [118,94,-0.999999275278], [120,94,-0.001203927971], [121,94,0.999999275278], [120,95,-0.707224554574], [121,95,0.706988988180], [138,95,0.707224554574], [139,95,-0.706988988180], [120,96,-0.706117679190], [121,96,-0.708094501557], [144,96,0.706117679190], [145,96,0.708094501557], [123,97,-0.710334860660], [124,97,0.703863897164], [141,97,0.710334860660], [142,97,-0.703863897164], [123,98,-0.999963015147], [124,98,-0.008600484726], [144,98,0.999963015147], [145,98,0.008600484726], [126,99,-0.000427620250], [127,99,-0.999999908570], [132,99,0.000427620250], [133,99,0.999999908570], [129,100,-0.001613173025], [130,100,-0.999998698836], [132,100,0.001613173025], [133,100,0.999998698836], [129,101,-0.001861302783], [130,101,-0.999998267774], [135,101,0.001861302783], [136,101,0.999998267774], [132,102,-0.002108499060], [133,102,-0.999997777113], [135,102,0.002108499060], [136,102,0.999997777113], [141,103,-0.001068192410], [142,103,-0.999999429482], [144,103,0.001068192410], [145,103,0.999999429482], ]
},
"Q": {
"shape": [104, 104],
"data": [[0,0,2.000000000000], [1,0,0.000853313963], [2,0,0.004800461981], [3,0,0.706680569166], [0,1,0.000853313963], [1,1,2.000000000000], [2,1,0.999992209949], [3,1,0.706929458471], [0,2,0.004800461981], [1,2,0.999992209949], [2,2,2.000000000000], [19,2,0.705105708164], [0,3,0.706680569166], [1,3,0.706929458471], [3,3,2.000000000000], [4,4,2.000000000000], [5,4,0.999997973495], [6,4,-0.002221142481], [7,4,0.707005689565], [8,4,-0.000043460303], [9,4,-0.999991856139], [10,4,0.709424821921], [11,4,0.004311800490], [4,5,0.999997973495], [5,5,2.000000000000], [6,5,-0.004234340757], [7,5,0.705580500478], [8,5,-0.002056667956], [9,5,0.999997954548], [12,5,0.708400767082], [4,6,-0.002221142481], [5,6,-0.004234340757], [6,6,2.000000000000], [7,6,0.705635753489], [8,6,0.999997628847], [10,6,0.706355111503], [23,6,0.001881543863], [24,6,0.000923113032], [25,6,-0.999990525650], [26,6,-0.707358209152], [4,7,0.707005689565], [5,7,0.705580500478], [6,7,0.705635753489], [7,7,2.000000000000], [8,7,0.707177131009], [11,7,0.704152816777], [12,7,0.000324513123], [18,7,0.704785207701], [23,7,0.707245816109], [27,7,-0.707344358920], [28,7,-0.000443116368], [4,8,-0.000043460303], [5,8,-0.002056667956], [6,8,0.999997628847], [7,8,0.707177131009], [8,8,2.000000000000], [21,8,0.706699307847], [25,8,0.999997633971], [28,8,0.707349716713], [36,8,-0.008858925204], [40,8,-0.005914291720], [41,8,-0.001894687312], [4,9,-0.999991856139], [5,9,0.999997954548], [9,9,2.000000000000], [10,9,-0.712263397768], [11,9,-0.008347524560], [12,9,0.709826888250], [4,10,0.709424821921], [6,10,0.706355111503], [9,10,-0.712263397768], [10,10,2.000000000000], [11,10,0.707833463158], [23,10,0.709185437820], [24,10,0.708509396690], [25,10,-0.703267114710], [26,10,0.000706821110], [4,11,0.004311800490], [7,11,0.704152816777], [9,11,-0.008347524560], [10,11,0.707833463158], [11,11,2.000000000000], [12,11,0.710276925975], [18,11,-0.007446624586], [23,11,-0.003972204071], [27,11,0.003832807420], [28,11,-0.710360408462], [5,12,0.708400767082], [7,12,0.000324513123], [9,12,0.709826888250], [11,12,0.710276925975], [12,12,2.000000000000], [18,12,-0.709192007980], [23,12,-0.706738171148], [27,12,0.706639543857], [28,12,-0.999999992967], [13,13,2.000000000000], [14,13,0.709690588638], [24,13,-0.703761698779], [29,13,0.705609613812], [30,13,-0.002426317403], [31,13,-0.710485232563], [13,14,0.709690588638], [14,14,2.000000000000], [15,14,0.708129324164], [27,14,0.000239743008], [29,14,-0.001545684488], [32,14,-0.708987113899], [33,14,-0.702768924637], [34,14,-0.999989765835], [14,15,0.708129324164], [15,15,2.000000000000], [16,15,0.703264994439], [17,15,0.704867675051], [27,15,-0.705912968027], [29,15,-0.707176458419], [32,15,-0.999999261160], [33,15,0.004668832355], [34,15,-0.704927629903], [15,16,0.703264994439], [16,16,2.000000000000], [17,16,0.999997453266], [35,16,-0.999989851212], [15,17,0.704867675051], [16,17,0.999997453266], [17,17,2.000000000000], [33,17,0.706040179241], [35,17,0.999997472316], [47,17,0.001671860988], [55,17,-0.706204314017], [56,17,-0.999976744843], [7,18,0.704785207701], [11,18,-0.007446624586], [12,18,-0.709192007980], [18,18,2.000000000000], [19,18,-0.710333192931], [20,18,-0.009744375284], [21,18,0.705264319459], [22,18,-0.005094344444], [23,18,0.999993964004], [27,18,-0.999993469955], [28,18,0.709108385873], [2,19,0.705105708164], [18,19,-0.710333192931], [19,19,2.000000000000], [20,19,0.710753915616], [21,19,-0.001971056025], [22,19,0.707475128636], [18,20,-0.009744375284], [19,20,0.710753915616], [20,20,2.000000000000], [21,20,0.702038435442], [22,20,0.999989188011], [36,20,0.015424619021], [37,20,0.008047576438], [38,20,-0.999956623102], [39,20,-0.697415955679], [8,21,0.706699307847], [18,21,0.705264319459], [19,21,-0.001971056025], [20,21,0.702038435442], [21,21,2.000000000000], [22,21,0.705342395780], [25,21,0.708236711028], [28,21,-0.000232466654], [36,21,0.701225659952], [40,21,-0.711681271598], [41,21,-0.708851724133], [18,22,-0.005094344444], [19,22,0.707475128636], [20,22,0.999989188011], [21,22,0.705342395780], [22,22,2.000000000000], [38,22,0.999989123374], [57,22,0.001476827390], [60,22,0.006512224855], [61,22,-0.705834599516], [6,23,0.001881543863], [7,23,0.707245816109], [10,23,0.709185437820], [11,23,-0.003972204071], [12,23,-0.706738171148], [18,23,0.999993964004], [23,23,2.000000000000], [24,23,0.999999540704], [25,23,0.002471466505], [26,23,0.705523087083], [27,23,-0.999999990284], [28,23,0.706654257316], [6,24,0.000923113032], [10,24,0.708509396690], [13,24,-0.703761698779], [23,24,0.999999540704], [24,24,2.000000000000], [25,24,0.003429894106], [26,24,0.706201991038], [29,24,-0.999996608390], [30,24,-0.708726473042], [31,24,0.000069797514], [6,25,-0.999990525650], [8,25,0.999997633971], [10,25,-0.703267114710], [21,25,0.708236711028], [23,25,0.002471466505], [24,25,0.003429894106], [25,25,2.000000000000], [26,25,0.710428448531], [28,25,0.705810382374], [36,25,-0.006683661330], [40,25,-0.008089567956], [41,25,-0.004070007200], [6,26,-0.707358209152], [10,26,0.000706821110], [23,26,0.705523087083], [24,26,0.706201991038], [25,26,0.710428448531], [26,26,2.000000000000], [37,26,0.704262202156], [40,26,0.709493467443], [42,26,-0.005869461818], [43,26,-0.715011076912], [44,26,-0.999978017722], [45,26,-0.709755899383], [7,27,-0.707344358920], [11,27,0.003832807420], [12,27,0.706639543857], [14,27,0.000239743008], [15,27,-0.705912968027], [18,27,-0.999993469955], [23,27,-0.999999990284], [27,27,2.000000000000], [28,27,-0.706555618342], [29,27,0.999998406124], [32,27,0.705051439989], [33,27,-0.711586651735], [34,27,-0.004763922773], [7,28,-0.000443116368], [8,28,0.707349716713], [11,28,-0.710360408462], [12,28,-0.999999992967], [18,28,0.709108385873], [21,28,-0.000232466654], [23,28,0.706654257316], [25,28,0.705810382374], [27,28,-0.706555618342], [28,28,2.000000000000], [36,28,-0.713102382326], [40,28,0.702667926848], [41,28,0.705522286870], [13,29,0.705609613812], [14,29,-0.001545684488], [15,29,-0.707176458419], [24,29,-0.999996608390], [27,29,0.999998406124], [29,29,2.000000000000], [30,29,0.706886666617], [31,29,-0.002674256537], [32,29,0.706316462906], [33,29,-0.710331079380], [34,29,-0.002978508275], [13,30,-0.002426317403], [24,30,-0.708726473042], [29,30,0.706886666617], [30,30,2.000000000000], [31,30,0.705433901689], [46,30,0.704857553343], [52,30,0.002523524457], [53,30,-0.711322919756], [54,30,-0.706956885936], [13,31,-0.710485232563], [24,31,0.000069797514], [29,31,-0.002674256537], [30,31,0.705433901689], [31,31,2.000000000000], [44,31,0.703262730741], [49,31,0.999999320444], [52,31,0.706993275790], [65,31,-0.006591319132], [68,31,-0.999990309106], [14,32,-0.708987113899], [15,32,-0.999999261160], [27,32,0.705051439989], [29,32,0.706316462906], [32,32,2.000000000000], [33,32,-0.003453243954], [34,32,0.705789307639], [41,32,-0.704015923359], [46,32,0.708341408895], [47,32,0.707300587768], [48,32,-0.999999972916], [49,32,-0.710603295227], [50,32,0.000142740766], [51,32,-0.708631470082], [14,33,-0.702768924637], [15,33,0.004668832355], [17,33,0.706040179241], [27,33,-0.711586651735], [29,33,-0.710331079380], [32,33,-0.003453243954], [33,33,2.000000000000], [34,33,0.705980317993], [35,33,0.704446131827], [47,33,0.709351188006], [55,33,0.002782732236], [56,33,-0.701194164986], [14,34,-0.999989765835], [15,34,-0.704927629903], [27,34,-0.004763922773], [29,34,-0.002978508275], [32,34,0.705789307639], [33,34,0.705980317993], [34,34,2.000000000000], [50,34,0.708321052469], [53,34,0.999996380108], [55,34,0.706264156385], [69,34,-0.001071730782], [70,34,-0.999952566912], [71,34,-0.712447892237], [16,35,-0.999989851212], [17,35,0.999997472316], [33,35,0.704446131827], [35,35,2.000000000000], [47,35,-0.000576553292], [55,35,-0.707794423706], [56,35,-0.999989550962], [8,36,-0.008858925204], [20,36,0.015424619021], [21,36,0.701225659952], [25,36,-0.006683661330], [28,36,-0.713102382326], [36,36,2.000000000000], [37,36,0.999972785873], [38,36,-0.006110987250], [39,36,0.705823943778], [40,36,-0.999890875794], [41,36,-0.999942179208], [20,37,0.008047576438], [26,37,0.704262202156], [36,37,0.999972785873], [37,37,2.000000000000], [38,37,0.001266541792], [39,37,0.711030863016], [40,37,0.999972651197], [42,37,0.705794093550], [43,37,-0.007226930558], [44,37,-0.708954006857], [45,37,0.000261321789], [20,38,-0.999956623102], [22,38,0.999989123374], [36,38,-0.006110987250], [37,38,0.001266541792], [38,38,2.000000000000], [39,38,0.704060787164], [57,38,0.006140831746], [60,38,0.001848227418], [61,38,-0.709130809311], [20,39,-0.697415955679], [36,39,0.705823943778], [37,39,0.711030863016], [38,39,0.704060787164], [39,39,2.000000000000], [42,39,-0.003710292781], [58,39,0.711634270728], [60,39,0.708837232832], [62,39,0.007904663223], [63,39,-0.697236074579], [64,39,-0.999930704780], [8,40,-0.005914291720], [21,40,-0.711681271598], [25,40,-0.008089567956], [26,40,0.709493467443], [28,40,0.702667926848], [36,40,-0.999890875794], [37,40,0.999972651197], [40,40,2.000000000000], [41,40,0.999991921267], [42,40,0.700535528066], [43,40,-0.014622272218], [44,40,-0.714150493008], [45,40,-0.007134417549], [8,41,-0.001894687312], [21,41,-0.708851724133], [25,41,-0.004070007200], [28,41,0.705522286870], [32,41,-0.704015923359], [36,41,-0.999942179208], [40,41,0.999991921267], [41,41,2.000000000000], [46,41,-0.999981338956], [47,41,-0.999989254900], [48,41,0.703850615126], [49,41,0.000595489387], [50,41,-0.710284671672], [51,41,-0.002203066096], [26,42,-0.005869461818], [37,42,0.705794093550], [39,42,-0.003710292781], [40,42,0.700535528066], [42,42,2.000000000000], [43,42,0.703297811501], [44,42,-0.000761093935], [45,42,0.708601451621], [58,42,-0.705185651187], [60,42,-0.707997222808], [62,42,-0.999991203332], [63,42,-0.714249699719], [64,42,-0.008062123467], [26,43,-0.715011076912], [37,43,-0.007226930558], [40,43,-0.014622272218], [42,43,0.703297811501], [43,43,2.000000000000], [44,43,0.710359861149], [45,43,0.999971962698], [48,43,0.702845192977], [65,43,-0.003441461837], [66,43,-0.999888412933], [67,43,-0.714875843606], [26,44,-0.999978017722], [31,44,0.703262730741], [37,44,-0.708954006857], [40,44,-0.714150493008], [42,44,-0.000761093935], [43,44,0.710359861149], [44,44,2.000000000000], [45,44,0.705069428010], [49,44,0.702433444010], [52,44,-0.005582116793], [65,44,0.706279174265], [68,44,-0.706385759799], [26,45,-0.709755899383], [37,45,0.000261321789], [40,45,-0.007134417549], [42,45,0.708601451621], [43,45,0.999971962698], [44,45,0.705069428010], [45,45,2.000000000000], [64,45,0.711298845136], [66,45,0.999972242639], [81,45,0.001798900104], [30,46,0.704857553343], [32,46,0.708341408895], [41,46,-0.999981338956], [46,46,2.000000000000], [47,46,0.999998914497], [48,46,-0.708177104634], [49,46,-0.006704629276], [50,46,0.705971096015], [51,46,-0.003906112275], [52,46,0.711125343779], [53,46,-0.002804584239], [54,46,0.003387805804], [17,47,0.001671860988], [32,47,0.707300587768], [33,47,0.709351188006], [35,47,-0.000576553292], [41,47,-0.999989254900], [46,47,0.999998914497], [47,47,2.000000000000], [48,47,-0.707136040803], [49,47,-0.005231222006], [50,47,0.707013874898], [51,47,-0.002432686166], [55,47,0.706826433095], [56,47,0.005147975840], [32,48,-0.999999972916], [41,48,0.703850615126], [43,48,0.702845192977], [46,48,-0.708177104634], [47,48,-0.707136040803], [48,48,2.000000000000], [49,48,0.710767031081], [50,48,0.000090000500], [51,48,0.708795668191], [65,48,0.708919811707], [66,48,-0.713393228572], [67,48,-0.005039570167], [31,49,0.999999320444], [32,49,-0.710603295227], [41,49,0.000595489387], [44,49,0.702433444010], [46,49,-0.006704629276], [47,49,-0.005231222006], [48,49,0.710767031081], [49,49,2.000000000000], [50,49,0.703491452162], [51,49,0.999996084041], [52,49,0.707817279279], [65,49,-0.007757098577], [68,49,-0.999984497123], [32,50,0.000142740766], [34,50,0.708321052469], [41,50,-0.710284671672], [46,50,0.705971096015], [47,50,0.707013874898], [48,50,0.000090000500], [49,50,0.703491452162], [50,50,2.000000000000], [51,50,0.705477639804], [53,50,0.710217815257], [55,50,0.000527774199], [69,50,-0.706649145201], [70,50,-0.701412215066], [71,50,-0.999982809305], [32,51,-0.708631470082], [41,51,-0.002203066096], [46,51,-0.003906112275], [47,51,-0.002432686166], [48,51,0.708795668191], [49,51,0.999996084041], [50,51,0.705477639804], [51,51,2.000000000000], [67,51,0.708976918351], [68,51,0.999996164298], [80,51,-0.001793265071], [81,51,-0.002710670197], [82,51,-0.711337879040], [30,52,0.002523524457], [31,52,0.706993275790], [44,52,-0.005582116793], [46,52,0.711125343779], [49,52,0.707817279279], [52,52,2.000000000000], [53,52,0.701068073787], [54,52,0.705470369707], [65,52,-0.711864923739], [68,52,-0.703872912259], [30,53,-0.711322919756], [34,53,0.999996380108], [46,53,-0.002804584239], [50,53,0.710217815257], [52,53,0.701068073787], [53,53,2.000000000000], [54,53,0.999980827151], [55,53,0.704356735575], [69,53,-0.003762407618], [70,53,-0.999922740454], [71,53,-0.714333432310], [30,54,-0.706956885936], [46,54,0.003387805804], [52,54,0.705470369707], [53,54,0.999980827151], [54,54,2.000000000000], [70,54,0.999980542177], [72,54,0.707201398958], [83,54,-0.004859220210], [17,55,-0.706204314017], [33,55,0.002782732236], [34,55,0.706264156385], [35,55,-0.707794423706], [47,55,0.706826433095], [50,55,0.000527774199], [53,55,0.704356735575], [55,55,2.000000000000], [56,55,0.711016370047], [69,55,0.707191071453], [70,55,-0.713125940000], [71,55,-0.006391303713], [17,56,-0.999976744843], [33,56,-0.701194164986], [35,56,-0.999989550962], [47,56,0.005147975840], [55,56,0.711016370047], [56,56,2.000000000000], [71,56,0.707705415214], [73,56,0.999991918412], [83,56,0.001625618680], [22,57,0.001476827390], [38,57,0.006140831746], [57,57,2.000000000000], [58,57,0.999991936609], [59,57,0.704950477092], [60,57,-0.999968087320], [61,57,-0.709418301513], [39,58,0.711634270728], [42,58,-0.705185651187], [57,58,0.999991936609], [58,58,2.000000000000], [59,58,0.702096554397], [60,58,0.999992106535], [62,58,0.708153395394], [63,58,0.007440052023], [64,58,-0.703314369182], [57,59,0.704950477092], [58,59,0.702096554397], [59,59,2.000000000000], [62,59,0.005579400442], [75,59,0.707651193280], [79,59,-0.713794916724], [22,60,0.006512224855], [38,60,0.001848227418], [39,60,0.708837232832], [42,60,-0.707997222808], [57,60,-0.999968087320], [58,60,0.999992106535], [60,60,2.000000000000], [61,60,0.703765103555], [62,60,0.710953166462], [63,60,0.011413152384], [64,60,-0.700484304212], [22,61,-0.705834599516], [38,61,-0.709130809311], [57,61,-0.709418301513], [60,61,0.703765103555], [61,61,2.000000000000], [63,61,0.702354290294], [76,61,0.708549807982], [80,61,-0.705535156609], [39,62,0.007904663223], [42,62,-0.999991203332], [58,62,0.708153395394], [59,62,0.005579400442], [60,62,0.710953166462], [62,62,2.000000000000], [63,62,0.711307771665], [64,62,0.003867756912], [75,62,-0.702602682618], [79,62,-0.704326425948], [39,63,-0.697236074579], [42,63,-0.714249699719], [58,63,0.007440052023], [60,63,0.011413152384], [61,63,0.702354290294], [62,63,0.711307771665], [63,63,2.000000000000], [64,63,0.705626590742], [76,63,-0.004655798396], [80,63,0.008918683134], [39,64,-0.999930704780], [42,64,-0.008062123467], [45,64,0.711298845136], [58,64,-0.703314369182], [60,64,-0.700484304212], [62,64,0.003867756912], [63,64,0.705626590742], [64,64,2.000000000000], [66,64,0.706042032792], [81,64,-0.701609023178], [31,65,-0.006591319132], [43,65,-0.003441461837], [44,65,0.706279174265], [48,65,0.708919811707], [49,65,-0.007757098577], [52,65,-0.711864923739], [65,65,2.000000000000], [66,65,-0.011497430759], [67,65,0.701707482670], [68,65,0.002188886378], [43,66,-0.999888412933], [45,66,0.999972242639], [48,66,-0.713393228572], [64,66,0.706042032792], [65,66,-0.011497430759], [66,66,2.000000000000], [67,66,0.704350237732], [81,66,0.009249606629], [43,67,-0.714875843606], [48,67,-0.005039570167], [51,67,0.708976918351], [65,67,0.701707482670], [66,67,0.704350237732], [67,67,2.000000000000], [68,67,0.710927498452], [80,67,0.703959167313], [81,67,0.703307291265], [82,67,-0.008649897548], [31,68,-0.999990309106], [44,68,-0.706385759799], [49,68,-0.999984497123], [51,68,0.999996164298], [52,68,-0.703872912259], [65,68,0.002188886378], [67,68,0.710927498452], [68,68,2.000000000000], [80,68,0.000976464760], [81,68,0.000059057431], [82,68,-0.709388447062], [34,69,-0.001071730782], [50,69,-0.706649145201], [53,69,-0.003762407618], [55,69,0.707191071453], [69,69,2.000000000000], [70,69,-0.008668125828], [71,69,0.702488167306], [72,69,0.708728549549], [73,69,0.001643254966], [74,69,0.002805492164], [34,70,-0.999952566912], [50,70,-0.701412215066], [53,70,-0.999922740454], [54,70,0.999980542177], [55,70,-0.713125940000], [69,70,-0.008668125828], [70,70,2.000000000000], [71,70,0.705579429325], [72,70,0.711598128778], [83,70,0.001379010904], [34,71,-0.712447892237], [50,71,-0.999982809305], [53,71,-0.714333432310], [55,71,-0.006391303713], [56,71,0.707705415214], [69,71,0.702488167306], [70,71,0.705579429325], [71,71,2.000000000000], [73,71,0.710540094711], [83,71,0.707657165549], [54,72,0.707201398958], [69,72,0.708728549549], [70,72,0.711598128778], [72,72,2.000000000000], [73,72,0.706644953902], [74,72,0.707466840735], [83,72,0.703567356380], [56,73,0.999991918412], [69,73,0.001643254966], [71,73,0.710540094711], [72,73,0.706644953902], [73,73,2.000000000000], [74,73,0.999999324599], [83,73,0.005645937337], [69,74,0.002805492164], [72,74,0.707466840735], [73,74,0.999999324599], [74,74,2.000000000000], [97,74,-0.710552475882], [98,74,-0.999960307894], [59,75,0.707651193280], [62,75,-0.702602682618], [75,75,2.000000000000], [76,75,0.999987266097], [77,75,0.710956674519], [78,75,0.006570424356], [79,75,-0.010273786305], [61,76,0.708549807982], [63,76,-0.004655798396], [75,76,0.999987266097], [76,76,2.000000000000], [77,76,0.707398708161], [78,76,0.001523901870], [80,76,-0.999990913488], [75,77,0.710956674519], [76,77,0.707398708161], [77,77,2.000000000000], [78,77,0.707891919145], [85,77,-0.006022582117], [86,77,-0.711418033342], [75,78,0.006570424356], [76,78,0.001523901870], [77,78,0.707891919145], [78,78,2.000000000000], [84,78,0.999999606787], [85,78,0.710571297920], [99,78,0.000970215592], [59,79,-0.713794916724], [62,79,-0.704326425948], [75,79,-0.010273786305], [79,79,2.000000000000], [86,79,0.999999153303], [88,79,0.704490508932], [100,79,-0.003918823104], [101,79,-0.004166951207], [51,80,-0.001793265071], [61,80,-0.705535156609], [63,80,0.008918683134], [67,80,0.703959167313], [68,80,0.000976464760], [76,80,-0.999990913488], [80,80,2.000000000000], [81,80,0.999999579182], [82,80,0.704124700208], [45,81,0.001798900104], [51,81,-0.002710670197], [64,81,-0.701609023178], [66,81,0.009249606629], [67,81,0.703307291265], [68,81,0.000059057431], [80,81,0.999999579182], [81,81,2.000000000000], [82,81,0.704775833156], [51,82,-0.711337879040], [67,82,-0.008649897548], [68,82,-0.709388447062], [80,82,0.704124700208], [81,82,0.704775833156], [82,82,2.000000000000], [91,82,0.708355606623], [92,82,0.706197864648], [93,82,-0.006592891855], [54,83,-0.004859220210], [56,83,0.001625618680], [70,83,0.001379010904], [71,83,0.707657165549], [72,83,0.703567356380], [73,83,0.005645937337], [83,83,2.000000000000], [78,84,0.999999606787], [84,84,2.000000000000], [85,84,0.709947038728], [99,84,0.000083408589], [77,85,-0.006022582117], [78,85,0.710571297920], [84,85,0.709947038728], [85,85,2.000000000000], [86,85,0.707040909613], [99,85,0.704314282223], [77,86,-0.711418033342], [79,86,0.999999153303], [85,86,0.707040909613], [86,86,2.000000000000], [88,86,0.703566358995], [100,86,-0.005220114565], [101,86,-0.005468241154], [87,87,2.000000000000], [88,87,-0.710019389991], [89,87,-0.004418450623], [90,87,0.704976484168], [91,87,0.999989524231], [94,87,-0.999998820113], [79,88,0.704490508932], [86,88,0.703566358995], [87,88,-0.710019389991], [88,88,2.000000000000], [89,88,0.707312437286], [90,88,-0.001119405893], [100,88,0.706947185637], [101,88,0.706771669786], [87,89,-0.004418450623], [88,89,0.707312437286], [89,89,2.000000000000], [90,89,0.706108852648], [99,89,-0.001250760364], [100,89,-0.000065207228], [102,89,-0.000430119655], [87,90,0.704976484168], [88,90,-0.001119405893], [89,90,0.706108852648], [90,90,2.000000000000], [101,90,0.708232454982], [102,90,0.708406949144], [82,91,0.708355606623], [87,91,0.999989524231], [91,91,2.000000000000], [92,91,0.999995341899], [93,91,0.701170293769], [94,91,-0.999981312955], [82,92,0.706197864648], [91,92,0.999995341899], [92,92,2.000000000000], [93,92,0.703343257225], [94,92,0.999995314536], [95,92,0.709998950750], [96,92,-0.705076388849], [82,93,-0.006592891855], [91,93,0.701170293769], [92,93,0.703343257225], [93,93,2.000000000000], [95,93,0.001209805978], [87,94,-0.999998820113], [91,94,-0.999981312955], [92,94,0.999995314536], [94,94,2.000000000000], [95,94,0.707839923233], [96,94,-0.707243873561], [92,95,0.709998950750], [93,95,0.001209805978], [94,95,0.707839923233], [95,95,2.000000000000], [96,95,-0.001231254050], [92,96,-0.705076388849], [94,96,-0.707243873561], [95,96,-0.001231254050], [96,96,2.000000000000], [98,96,0.712181519477], [103,96,0.708848367122], [74,97,-0.710552475882], [97,97,2.000000000000], [98,97,0.704255018333], [103,97,0.703104721290], [74,98,-0.999960307894], [96,98,0.712181519477], [97,98,0.704255018333], [98,98,2.000000000000], [103,98,0.009668632722], [78,99,0.000970215592], [84,99,0.000083408589], [85,99,0.704314282223], [89,99,-0.001250760364], [99,99,2.000000000000], [100,99,0.999999297232], [102,99,-0.999998587321], [79,100,-0.003918823104], [86,100,-0.005220114565], [88,100,0.706947185637], [89,100,-0.000065207228], [99,100,0.999999297232], [100,100,2.000000000000], [101,100,0.999999969216], [102,100,-0.999999877326], [79,101,-0.004166951207], [86,101,-0.005468241154], [88,101,0.706771669786], [90,101,0.708232454982], [100,101,0.999999969216], [101,101,2.000000000000], [102,101,0.999999969447], [89,102,-0.000430119655], [90,102,0.708406949144], [99,102,-0.999998587321], [100,102,-0.999999877326], [101,102,0.999999969447], [102,102,2.000000000000], [96,103,0.708848367122], [97,103,0.703104721290], [98,103,0.009668632722], [103,103,2.000000000000], ]
},
"Minv": {
"shape": [147, 147],
"data": [[0,0,1.000000000000], [1,1,1.000000000000], [2,2,2.000000000000], [3,3,1.000000000000], [4,4,1.000000000000], [5,5,2.000000000000], [6,6,1.000000000000], [7,7,1.000000000000], [8,8,2.000000000000], [9,9,1.000000000000], [10,10,1.000000000000], [11,11,2.000000000000], [12,12,1.000000000000], [13,13,1.000000000000], [14,14,2.000000000000], [15,15,1.000000000000], [16,16,1.000000000000], [17,17,2.000000000000], [18,18,1.000000000000], [19,19,1.000000000000], [20,20,2.000000000000], [21,21,1.000000000000], [22,22,1.000000000000], [23,23,2.000000000000], [24,24,1.000000000000], [25,25,1.000000000000], [26,26,2.000000000000], [27,27,1.000000000000], [28,28,1.000000000000], [29,29,2.000000000000], [30,30,1.000000000000], [31,31,1.000000000000], [32,32,2.000000000000], [33,33,1.000000000000], [34,34,1.000000000000], [35,35,2.000000000000], [36,36,1.000000000000], [37,37,1.000000000000], [38,38,2.000000000000], [39,39,1.000000000000], [40,40,1.000000000000], [41,41,2.000000000000], [42,42,1.000000000000], [43,43,1.000000000000], [44,44,2.000000000000], [45,45,1.000000000000], [46,46,1.000000000000], [47,47,2.000000000000], [48,48,1.000000000000], [49,49,1.000000000000], [50,50,2.000000000000], [51,51,1.000000000000], [52,52,1.000000000000], [53,53,2.000000000000], [54,54,1.000000000000], [55,55,1.000000000000], [56,56,2.000000000000], [57,57,1.000000000000], [58,58,1.000000000000], [59,59,2.000000000000], [60,60,1.000000000000], [61,61,1.000000000000], [62,62,2.000000000000], [63,63,1.000000000000], [64,64,1.000000000000], [65,65,2.000000000000], [66,66,1.000000000000], [67,67,1.000000000000], [68,68,2.000000000000], [69,69,1.000000000000], [70,70,1.000000000000], [71,71,2.000000000000], [72,72,1.000000000000], [73,73,1.000000000000], [74,74,2.000000000000], [75,75,1.000000000000], [76,76,1.000000000000], [77,77,2.000000000000], [78,78,1.000000000000], [79,79,1.000000000000], [80,80,2.000000000000], [81,81,1.000000000000], [82,82,1.000000000000], [83,83,2.000000000000], [84,84,1.000000000000], [85,85,1.000000000000], [86,86,2.000000000000], [87,87,1.000000000000], [88,88,1.000000000000], [89,89,2.000000000000], [90,90,1.000000000000], [91,91,1.000000000000], [92,92,2.000000000000], [93,93,1.000000000000], [94,94,1.000000000000], [95,95,2.000000000000], [96,96,1.000000000000], [97,97,1.000000000000], [98,98,2.000000000000], [99,99,1.000000000000], [100,100,1.000000000000], [101,101,2.000000000000], [102,102,1.000000000000], [103,103,1.000000000000], [104,104,2.000000000000], [105,105,1.000000000000], [106,106,1.000000000000], [107,107,2.000000000000], [108,108,1.000000000000], [109,109,1.000000000000], [110,110,2.000000000000], [111,111,1.000000000000], [112,112,1.000000000000], [113,113,2.000000000000], [114,114,1.000000000000], [115,115,1.000000000000], [116,116,2.000000000000], [117,117,1.000000000000], [118,118,1.000000000000], [119,119,2.000000000000], [120,120,1.000000000000], [121,121,1.000000000000], [122,122,2.000000000000], [123,123,1.000000000000], [124,124,1.000000000000], [125,125,2.000000000000], [126,126,1.000000000000], [127,127,1.000000000000], [128,128,2.000000000000], [129,129,1.000000000000], [130,130,1.000000000000], [131,131,2.000000000000], [132,132,1.000000000000], [133,133,1.000000000000], [134,134,2.000000000000], [135,135,1.000000000000], [136,136,1.000000000000], [137,137,2.000000000000], [138,138,1.000000000000], [139,139,1.000000000000], [140,140,2.000000000000], [141,141,1.000000000000], [142,142,1.000000000000], [143,143,2.000000000000], [144,144,1.000000000000], [145,145,1.000000000000], [146,146,2.000000000000], ]
},
"v0": {
"shape": [147, 1],
"data": [[0,0,0.290328169882], [1,0,0.010162668274], [2,0,0.000000000000], [3,0,-0.823619989111], [4,0,-0.588437776059], [5,0,0.000000000000], [6,0,0.071469074987], [7,0,0.928360480190], [8,0,0.000000000000], [9,0,0.093417824826], [10,0,-0.700903300532], [11,0,0.000000000000], [12,0,-0.227414713044], [13,0,-0.770416371993], [14,0,0.000000000000], [15,0,0.473107663342], [16,0,-0.156668410222], [17,0,0.000000000000], [18,0,0.843753815088], [19,0,-0.153095825704], [20,0,0.000000000000], [21,0,-0.936043812174], [22,0,-0.375506096876], [23,0,0.000000000000], [24,0,0.451609431999], [25,0,0.227160153903], [26,0,0.000000000000], [27,0,0.014610587438], [28,0,0.941996848430], [29,0,0.000000000000], [30,0,-0.110289356469], [31,0,0.051127065728], [32,0,0.000000000000], [33,0,0.210432051979], [34,0,0.393897815480], [35,0,0.000000000000], [36,0,0.074026347929], [37,0,-0.228092570287], [38,0,0.000000000000], [39,0,0.244567804580], [40,0,0.725658588473], [41,0,0.000000000000], [42,0,-0.871254974427], [43,0,-0.363206082912], [44,0,0.000000000000], [45,0,-0.012024068949], [46,0,0.743487960604], [47,0,0.000000000000], [48,0,-0.561997184947], [49,0,0.667698700081], [50,0,0.000000000000], [51,0,0.855284926029], [52,0,-0.904230687055], [53,0,0.000000000000], [54,0,0.475126637905], [55,0,0.506065869671], [56,0,0.000000000000], [57,0,0.963632641405], [58,0,-0.917159724486], [59,0,0.000000000000], [60,0,0.146859311567], [61,0,-0.718754574010], [62,0,0.000000000000], [63,0,0.073812121638], [64,0,0.748859812539], [65,0,0.000000000000], [66,0,-0.515453699928], [67,0,0.519638950784], [68,0,0.000000000000], [69,0,0.329506686863], [70,0,-0.165273348651], [71,0,0.000000000000], [72,0,0.047611203801], [73,0,0.713014745421], [74,0,0.000000000000], [75,0,-0.675491213859], [76,0,0.565722925248], [77,0,0.000000000000], [78,0,-0.242856146611], [79,0,0.799019323085], [80,0,0.000000000000], [81,0,0.998717040490], [82,0,0.518141374182], [83,0,0.000000000000], [84,0,0.137236638933], [85,0,0.803093854654], [86,0,0.000000000000], [87,0,0.096001890077], [88,0,-0.360680783960], [89,0,0.000000000000], [90,0,-0.330270123679], [91,0,-0.276564523076], [92,0,0.000000000000], [93,0,-0.898970927330], [94,0,-0.143867846970], [95,0,0.000000000000], [96,0,-0.864509439960], [97,0,-0.942002918514], [98,0,0.000000000000], [99,0,-0.758465696333], [100,0,0.932735707208], [101,0,0.000000000000], [102,0,-0.877146920016], [103,0,-0.661343823439], [104,0,0.000000000000], [105,0,0.609177761245], [106,0,-0.634218053407], [107,0,0.000000000000], [108,0,0.500834200246], [109,0,-0.455228229295], [110,0,0.000000000000], [111,0,0.674463619544], [112,0,0.580161487480], [113,0,0.000000000000], [114,0,-0.256561104592], [115,0,0.731895508363], [116,0,0.000000000000], [117,0,-0.434432730703], [118,0,0.042395480452], [119,0,0.000000000000], [120,0,0.175745886421], [121,0,-0.624349891061], [122,0,0.000000000000], [123,0,0.971374297316], [124,0,0.174303646112], [125,0,0.000000000000], [126,0,-0.258921255390], [127,0,0.204942476059], [128,0,0.000000000000], [129,0,-0.838000464953], [130,0,0.844709949048], [131,0,0.000000000000], [132,0,0.411051056012], [133,0,-0.261208402245], [134,0,0.000000000000], [135,0,-0.042303704201], [136,0,-0.430460260092], [137,0,0.000000000000], [138,0,-0.231592077900], [139,0,0.056441293808], [140,0,0.000000000000], [141,0,0.179200443972], [142,0,0.249960466951], [143,0,0.000000000000], [144,0,-0.579327667248], [145,0,-0.675719750586], [146,0,0.000000000000], ]
},
"b": {
"shape": [104, 1],
