{
"N": {
"shape": [147, 112],
"data": [[0,0,-0.004738132481], [1,0,-0.999988774987], [3,0,0.004738132481], [4,0,0.999988774987], [3,1,-0.708170904193], [4,1,0.706041054369], [21,1,0.708170904193], [22,1,-0.706041054369], [3,2,-0.999994349497], [4,2,-0.003361691999], [24,2,0.999994349497], [25,2,0.003361691999], [3,3,-0.702632983747], [4,3,-0.711552450738], [27,3,0.702632983747], [28,3,0.711552450738], [3,4,-0.999999995480], [4,4,0.000095079705], [45,4,0.999999995480], [46,4,-0.000095079705], [6,5,-0.000073760207], [7,5,-0.999999997280], [9,5,0.000073760207], [10,5,0.999999997280], [6,6,-0.004626983311], [7,6,-0.999989295455], [12,6,0.004626983311], [13,6,0.999989295455], [6,7,-0.710375108631], [7,7,-0.703823276851], [30,7,0.710375108631], [31,7,0.703823276851], [9,8,-0.009175859722], [10,8,-0.999957900913], [12,8,0.009175859722], [13,8,0.999957900913], [9,9,-0.002923809445], [10,9,-0.999995725660], [15,9,0.002923809445], [16,9,0.999995725660], [12,10,0.004725377388], [13,10,-0.999988835342], [18,10,-0.004725377388], [19,10,0.999988835342], [12,11,-0.708664572518], [13,11,-0.705545550377], [36,11,0.708664572518], [37,11,0.705545550377], [15,12,0.006104008749], [16,12,-0.999981370365], [18,12,-0.006104008749], [19,12,0.999981370365], [15,13,-0.999998058079], [16,13,0.001970745434], [36,13,0.999998058079], [37,13,-0.001970745434], [15,14,-0.704966731433], [16,14,-0.709240373620], [39,14,0.704966731433], [40,14,0.709240373620], [15,15,-0.999999720443], [16,15,-0.000747739712], [57,15,0.999999720443], [58,15,0.000747739712], [18,16,-0.710277366445], [19,16,0.703921915212], [36,16,0.710277366445], [37,16,-0.703921915212], [21,17,0.001157575999], [22,17,-0.999999330009], [27,17,-0.001157575999], [28,17,0.999999330009], [21,18,-0.709574246836], [22,18,-0.704630675054], [45,18,0.709574246836], [46,18,0.704630675054], [24,19,0.006263019921], [25,19,-0.999980387098], [27,19,-0.006263019921], [28,19,0.999980387098], [24,20,0.004266196582], [25,20,-0.999990899742], [30,20,-0.004266196582], [31,20,0.999990899742], [24,21,-0.999993640845], [25,21,0.003566268429], [45,21,0.999993640845], [46,21,-0.003566268429], [24,22,-0.703099005690], [25,22,-0.711091968875], [48,22,0.703099005690], [49,22,0.711091968875], [27,23,0.002248488188], [28,23,-0.999997472147], [30,23,-0.002248488188], [31,23,0.999997472147], [30,24,-0.708973568176], [31,24,0.705235052750], [48,24,0.708973568176], [49,24,-0.705235052750], [30,25,-0.999983316801], [31,25,-0.005776341358], [51,25,0.999983316801], [52,25,0.005776341358], [30,26,-0.705907797077], [31,26,-0.708303735713], [54,26,0.705907797077], [55,26,0.708303735713], [30,27,-0.999999236971], [31,27,-0.001235337211], [72,27,0.999999236971], [73,27,0.001235337211], [33,28,0.000053674699], [34,28,-0.999999998560], [36,28,-0.000053674699], [37,28,0.999999998560], [33,29,0.001695780226], [34,29,-0.999998562164], [39,29,-0.001695780226], [40,29,0.999998562164], [33,30,-0.705034552916], [34,30,0.709172954359], [51,30,0.705034552916], [52,30,-0.709172954359], [33,31,-0.999997624158], [34,31,0.002179834661], [54,31,0.999997624158], [55,31,-0.002179834661], [33,32,-0.705809424831], [34,32,-0.708401761587], [57,32,0.705809424831], [58,32,0.708401761587], [33,33,-0.999999978305], [34,33,0.000208302643], [75,33,0.999999978305], [76,33,-0.000208302643], [36,34,0.003313753805], [37,34,-0.999994509503], [39,34,-0.003313753805], [40,34,0.999994509503], [36,35,-0.999993895222], [37,35,-0.003494212120], [57,35,0.999993895222], [58,35,0.003494212120], [39,36,-0.704231947853], [40,36,0.709969973748], [57,36,0.704231947853], [58,36,-0.709969973748], [39,37,-0.999966723613], [40,37,0.008157920508], [60,37,0.999966723613], [61,37,-0.008157920508], [42,38,0.002907903571], [43,38,-0.999995772039], [45,38,-0.002907903571], [46,38,0.999995772039], [42,39,0.004096459016], [43,39,-0.999991609477], [48,39,-0.004096459016], [49,39,0.999991609477], [42,40,-0.999978003258], [43,40,-0.006632721950], [63,40,0.999978003258], [64,40,0.006632721950], [42,41,-0.706363119502], [43,41,-0.707849661586], [66,41,0.706363119502], [67,41,0.707849661586], [42,42,-0.999995330248], [43,42,-0.003056056742], [84,42,0.999995330248], [85,42,0.003056056742], [45,43,-0.708822725006], [46,43,0.705386663125], [63,43,0.708822725006], [64,43,-0.705386663125], [48,44,-0.001943751602], [49,44,-0.999998110913], [54,44,0.001943751602], [55,44,0.999998110913], [48,45,-0.708556258533], [49,45,0.705654326490], [66,45,0.708556258533], [67,45,-0.705654326490], [48,46,-0.999999886234], [49,46,-0.000477003343], [90,46,0.999999886234], [91,46,0.000477003343], [51,47,0.001757009071], [52,47,-0.999998456458], [54,47,-0.001757009071], [55,47,0.999998456458], [51,48,0.002548412676], [52,48,-0.999996752791], [57,48,-0.002548412676], [58,48,0.999996752791], [51,49,-0.705175052490], [52,49,-0.709033246996], [75,49,0.705175052490], [76,49,0.709033246996], [54,50,-0.704206497813], [55,50,0.709995217194], [72,50,0.704206497813], [73,50,-0.709995217194], [54,51,-0.999999957579], [55,51,-0.000291277533], [96,51,0.999999957579], [97,51,0.000291277533], [57,52,-0.008161896422], [58,52,-0.999966691169], [60,52,0.008161896422], [61,52,0.999966691169], [60,53,-0.709012037525], [61,53,0.705196377362], [78,53,0.709012037525], [79,53,-0.705196377362], [60,54,-0.999999180745], [61,54,-0.001280043033], [102,54,0.999999180745], [103,54,0.001280043033], [66,55,0.002202124956], [67,55,-0.999997575320], [69,55,-0.002202124956], [70,55,0.999997575320], [66,56,0.003823140147], [67,56,-0.999992691773], [72,56,-0.003823140147], [73,56,0.999992691773], [66,57,-0.703034761120], [67,57,-0.711155485570], [90,57,0.703034761120], [91,57,0.711155485570], [69,58,0.005451478052], [70,58,-0.999985140583], [72,58,-0.005451478052], [73,58,0.999985140583], [69,59,0.001262784898], [70,59,-0.999999202687], [75,59,-0.001262784898], [76,59,0.999999202687], [69,60,-0.709611843544], [70,60,0.704592812553], [87,60,0.709611843544], [88,60,-0.704592812553], [69,61,-0.999997742898], [70,61,-0.002124664377], [90,61,0.999997742898], [91,61,0.002124664377], [69,62,-0.707392210159], [70,62,-0.706821236952], [93,62,0.707392210159], [94,62,0.706821236952], [69,63,-0.999998976620], [70,63,-0.001430649947], [111,63,0.999998976620], [112,63,0.001430649947], [72,64,-0.002891751951], [73,64,-0.999995818877], [75,64,0.002891751951], [76,64,0.999995818877], [72,65,-0.708851578638], [73,65,0.705357667756], [90,65,0.708851578638], [91,65,-0.705357667756], [72,66,-0.999999351464], [73,66,0.001138890240], [114,66,0.999999351464], [115,66,-0.001138890240], [75,67,-0.704877066106], [76,67,0.709329487388], [93,67,0.704877066106], [94,67,-0.709329487388], [75,68,-0.999999317373], [76,68,0.001168440537], [96,68,0.999999317373], [97,68,-0.001168440537], [75,69,-0.710138981987], [76,69,-0.704061521646], [99,69,0.710138981987], [100,69,0.704061521646], [75,70,-0.999999915112], [76,70,-0.000412039973], [117,70,0.999999915112], [118,70,0.000412039973], [78,71,-0.000787450085], [79,71,-0.999999689961], [81,71,0.000787450085], [82,71,0.999999689961], [78,72,-0.706615683091], [79,72,0.707597538442], [96,72,0.706615683091], [97,72,-0.707597538442], [78,73,-0.999972314093], [79,73,0.007441172461], [99,73,0.999972314093], [100,73,-0.007441172461], [78,74,-0.708653332569], [79,74,-0.705556839836], [102,74,0.708653332569], [103,74,0.705556839836], [78,75,-0.999999245282], [79,75,0.001228590477], [120,75,0.999999245282], [121,75,-0.001228590477], [81,76,-0.703908635462], [82,76,0.710290527124], [99,76,0.703908635462], [100,76,-0.710290527124], [81,77,-0.999998467812], [82,77,0.001750535233], [102,77,0.999998467812], [103,77,-0.001750535233], [81,78,-0.999999621311], [82,78,0.000870274120], [123,78,0.999999621311], [124,78,-0.000870274120], [84,79,-0.999979352997], [85,79,0.006426008000], [105,79,0.999979352997], [106,79,-0.006426008000], [84,80,-0.709838708069], [85,80,-0.704364258411], [108,80,0.709838708069], [109,80,0.704364258411], [87,81,0.007200862545], [88,81,-0.999974073453], [90,81,-0.007200862545], [91,81,0.999974073453], [87,82,0.002244896161], [88,82,-0.999997480217], [93,82,-0.002244896161], [94,82,0.999997480217], [87,83,-0.999978475274], [88,83,0.006561172780], [108,83,0.999978475274], [109,83,-0.006561172780], [87,84,-0.706659741530], [88,84,-0.707553538399], [111,84,0.706659741530], [112,84,0.707553538399], [87,85,-0.999998365360], [88,85,0.001808114437], [129,85,0.999998365360], [130,85,-0.001808114437], [90,86,-0.002723276665], [91,86,-0.999996291875], [93,86,0.002723276665], [94,86,0.999996291875], [90,87,-0.999999724148], [91,87,-0.000742767414], [111,87,0.999999724148], [112,87,0.000742767414], [90,88,-0.710047169780], [91,88,-0.704154114301], [114,88,0.710047169780], [115,88,0.704154114301], [93,89,0.000159386752], [94,89,-0.999999987298], [99,89,-0.000159386752], [100,89,0.999999987298], [93,90,-0.709625387154], [94,90,0.704579172206], [111,90,0.709625387154], [112,90,-0.704579172206], [93,91,-0.999998776710], [94,91,0.001564154110], [114,91,0.999998776710], [115,91,-0.001564154110], [93,92,-0.703114341122], [94,92,-0.711076805492], [117,92,0.703114341122], [118,92,0.711076805492], [93,93,-0.999998715551], [94,93,-0.001602777569], [135,93,0.999998715551], [136,93,0.001602777569], [96,94,0.002554223764], [97,94,-0.999996737965], [99,94,-0.002554223764], [100,94,0.999996737965], [96,95,-0.000456261708], [97,95,-0.999999895913], [102,95,0.000456261708], [103,95,0.999999895913], [96,96,-0.708727492979], [97,96,-0.705482346126], [120,96,0.708727492979], [121,96,0.705482346126], [99,97,-0.709195216294], [100,97,0.705012159601], [117,97,0.709195216294], [118,97,-0.705012159601], [99,98,-0.999987842428], [100,98,-0.004931023862], [120,98,0.999987842428], [121,98,0.004931023862], [105,99,-0.999977238670], [106,99,-0.006747009820], [126,99,0.999977238670], [127,99,0.006747009820], [105,100,-0.706054761343], [106,100,-0.708157238178], [129,100,0.706054761343], [130,100,0.708157238178], [108,101,-0.001201007054], [109,101,-0.999999278791], [111,101,0.001201007054], [112,101,0.999999278791], [108,102,0.000564081829], [109,102,-0.999999840906], [114,102,-0.000564081829], [115,102,0.999999840906], [108,103,-0.710637183691], [109,103,0.703558663620], [126,103,0.710637183691], [127,103,-0.703558663620], [108,104,-0.999995750117], [109,104,-0.002915432695], [129,104,0.999995750117], [130,104,0.002915432695], [108,105,-0.707215172375], [109,105,-0.706998373380], [132,105,0.707215172375], [133,105,0.706998373380], [111,106,-0.706739634648], [112,106,0.707473737193], [129,106,0.706739634648], [130,106,-0.707473737193], [117,107,-0.008230836289], [118,107,-0.999966126093], [120,107,0.008230836289], [121,107,0.999966126093], [129,108,0.000340755401], [130,108,-0.999999941943], [135,108,-0.000340755401], [136,108,0.999999941943], [132,109,-0.003108417237], [133,109,-0.999995168859], [135,109,0.003108417237], [136,109,0.999995168859], [132,110,-0.001275677622], [133,110,-0.999999186323], [138,110,0.001275677622], [139,110,0.999999186323], [141,111,0.001465525867], [142,111,-0.999998926116], [144,111,-0.001465525867], [145,111,0.999998926116], ]
},
"Q": {
"shape": [112, 112],
"data": [[0,0,2.000000000000], [1,0,0.702677721486], [2,0,-0.008099759972], [3,0,-0.714873631715], [4,0,-0.004643053822], [0,1,0.702677721486], [1,1,2.000000000000], [2,1,0.705793410108], [3,1,-0.004801007142], [4,1,0.708238031167], [17,1,0.706860342970], [18,1,-0.005001651217], [0,2,-0.008099759972], [1,2,0.705793410108], [2,2,2.000000000000], [3,2,0.705021033698], [4,2,0.999994025349], [19,2,0.002901358465], [20,2,0.000904511069], [21,2,-0.999976001682], [22,2,-0.705485505009], [0,3,-0.714873631715], [1,3,-0.004801007142], [2,3,0.705021033698], [3,3,2.000000000000], [4,3,0.702565326374], [17,3,0.710738622926], [19,3,0.707137890755], [23,3,-0.709970790073], [0,4,-0.004643053822], [1,4,0.708238031167], [2,4,0.999994025349], [3,4,0.702565326374], [4,4,2.000000000000], [18,4,0.709507247552], [21,4,0.999993975404], [38,4,-0.003002982860], [43,4,-0.708889789758], [5,5,2.000000000000], [6,5,0.999989634022], [7,5,0.703875672352], [8,5,-0.999958575006], [9,5,-0.999995938601], [5,6,0.999989634022], [6,6,2.000000000000], [7,6,0.707102636516], [8,6,0.999989653369], [10,6,-0.999956266675], [11,6,-0.708816976984], [5,7,0.703875672352], [6,7,0.707102636516], [7,7,2.000000000000], [20,7,0.700786272017], [23,7,0.702224227648], [24,7,-0.007276329733], [25,7,-0.714428780805], [26,7,-0.999979984308], [27,7,-0.711244025678], [5,8,-0.999958575006], [6,8,0.999989653369], [8,8,2.000000000000], [9,8,0.999980455218], [10,8,-0.999903377325], [11,8,-0.712018454262], [5,9,-0.999995938601], [8,9,0.999980455218], [9,9,2.000000000000], [12,9,-0.999959249146], [13,9,-0.000953066757], [14,9,-0.711298530474], [15,9,-0.003671545144], [6,10,-0.999956266675], [8,10,-0.999903377325], [10,10,2.000000000000], [11,10,0.702188965656], [12,10,0.999999049660], [16,10,0.707270384771], [6,11,-0.708816976984], [8,11,-0.712018454262], [10,11,0.702188965656], [11,11,2.000000000000], [13,11,0.707272745676], [16,11,0.006699431170], [28,11,0.705507512004], [34,11,-0.703193336658], [35,11,-0.711125572092], [9,12,-0.999959249146], [10,12,0.999999049660], [12,12,2.000000000000], [13,12,-0.008074705615], [14,12,0.704924037634], [15,12,-0.005356281261], [16,12,0.708244340663], [9,13,-0.000953066757], [11,13,0.707272745676], [12,13,-0.008074705615], [13,13,2.000000000000], [14,13,0.703567630215], [15,13,0.999996304918], [16,13,0.711663238043], [28,13,-0.002024420026], [34,13,0.005284481984], [35,13,-0.999985067111], [9,14,-0.711298530474], [12,14,0.704924037634], [13,14,0.703567630215], [14,14,2.000000000000], [15,14,0.705496861547], [29,14,0.708043885206], [34,14,0.706900393349], [36,14,0.007079274991], [37,14,-0.699157346098], [9,15,-0.003671545144], [12,15,-0.005356281261], [13,15,0.999996304918], [14,15,0.705496861547], [15,15,2.000000000000], [32,15,0.706338927646], [35,15,0.999996228428], [36,15,0.703700878236], [48,15,-0.001800674679], [52,15,-0.008909608946], [10,16,0.707270384771], [11,16,0.006699431170], [12,16,0.708244340663], [13,16,0.711663238043], [16,16,2.000000000000], [28,16,-0.703960038122], [34,16,0.706271734657], [35,16,-0.707813377872], [1,17,0.706860342970], [3,17,0.710738622926], [17,17,2.000000000000], [18,17,0.703808816841], [19,17,0.999986967042], [23,17,-0.999999404954], [1,18,-0.005001651217], [4,18,0.709507247552], [17,18,0.703808816841], [18,18,2.000000000000], [21,18,0.707056832412], [38,18,0.702564322418], [43,18,-0.005925270624], [2,19,0.002901358465], [3,19,0.707137890755], [17,19,0.999986967042], [19,19,2.000000000000], [20,19,0.999998006293], [21,19,-0.009829178577], [22,19,0.706674499219], [23,19,-0.999991941622], [2,20,0.000904511069], [7,20,0.700786272017], [19,20,0.999998006293], [20,20,2.000000000000], [21,20,-0.007832405427], [22,20,0.708085939180], [23,20,0.999997964405], [24,20,0.708253255542], [25,20,-0.001510163384], [26,20,-0.705285748535], [27,20,0.003030867358], [2,21,-0.999976001682], [4,21,0.999993975404], [18,21,0.707056832412], [19,21,-0.009829178577], [20,21,-0.007832405427], [21,21,2.000000000000], [22,21,0.700558589735], [38,21,-0.006474138430], [43,21,-0.711333815679], [2,22,-0.705485505009], [19,22,0.706674499219], [20,22,0.708085939180], [21,22,0.700558589735], [22,22,2.000000000000], [24,22,-0.003008371334], [39,22,0.708205786180], [44,22,-0.712457275379], [45,22,0.003599923520], [46,22,-0.703438118947], [3,23,-0.709970790073], [7,23,0.702224227648], [17,23,-0.999999404954], [19,23,-0.999991941622], [20,23,0.999997964405], [23,23,2.000000000000], [24,23,0.706827388713], [25,23,-0.003527876080], [26,23,-0.706714719882], [27,23,0.001013152385], [7,24,-0.007276329733], [20,24,0.708253255542], [22,24,-0.003008371334], [23,24,0.706827388713], [24,24,2.000000000000], [25,24,0.704888061827], [26,24,0.000949347279], [27,24,0.708101824106], [39,24,-0.708133416624], [44,24,0.703855651991], [45,24,-0.999999825031], [46,24,-0.708637088042], [7,25,-0.714428780805], [20,25,-0.001510163384], [23,25,-0.003527876080], [24,25,0.704888061827], [25,25,2.000000000000], [26,25,0.709987424440], [27,25,0.999989689514], [30,25,0.700926365618], [47,25,-0.004019352684], [48,25,-0.003227952441], [49,25,-0.709258905983], [7,26,-0.999979984308], [20,26,-0.705285748535], [23,26,-0.706714719882], [24,26,0.000949347279], [25,26,0.709987424440], [26,26,2.000000000000], [27,26,0.706782252410], [31,26,0.704362134918], [44,26,0.709674507077], [47,26,0.707062356014], [50,26,0.005787407118], [51,26,-0.706114080096], [7,27,-0.711244025678], [20,27,0.003030867358], [23,27,0.001013152385], [24,27,0.708101824106], [25,27,0.999989689514], [26,27,0.706782252410], [27,27,2.000000000000], [50,27,0.703328876972], [56,27,-0.002587809047], [58,27,-0.004216155038], [64,27,-0.004127081790], [65,27,-0.707979683190], [66,27,-0.999997181522], [11,28,0.705507512004], [13,28,-0.002024420026], [16,28,-0.703960038122], [28,28,2.000000000000], [29,28,0.999998651744], [30,28,-0.709210795854], [31,28,-0.002233509229], [32,28,0.708363876458], [33,28,-0.000261977340], [34,28,-0.999994685927], [35,28,-0.003440537744], [14,29,0.708043885206], [28,29,0.999998651744], [29,29,2.000000000000], [30,29,-0.710367518338], [31,29,-0.003875607724], [32,29,0.707203845355], [33,29,-0.001904082533], [34,29,0.999998691073], [36,29,0.711163175538], [37,29,0.009853632575], [25,30,0.700926365618], [28,30,-0.709210795854], [29,30,-0.710367518338], [30,30,2.000000000000], [31,30,0.706578757652], [32,30,-0.004759337858], [33,30,0.705182260222], [47,30,0.710410611826], [48,30,0.710967370518], [49,30,0.005654424651], [26,31,0.704362134918], [28,31,-0.002233509229], [29,31,-0.003875607724], [30,31,0.706578757652], [31,31,2.000000000000], [32,31,0.704263549225], [33,31,0.999998056528], [44,31,-0.000236083560], [47,31,-0.003936836194], [50,31,-0.705752496913], [51,31,-0.999996946800], [15,32,0.706338927646], [28,32,0.708363876458], [29,32,0.707203845355], [30,32,-0.004759337858], [31,32,0.704263549225], [32,32,2.000000000000], [33,32,0.705661847559], [35,32,0.708280422042], [36,32,-0.005890434015], [48,32,0.706600767574], [52,32,-0.714138908971], [28,33,-0.000261977340], [29,33,-0.001904082533], [30,33,0.705182260222], [31,33,0.999998056528], [32,33,0.705661847559], [33,33,2.000000000000], [49,33,0.705027343692], [59,33,-0.001471087348], [64,33,0.002683450116], [67,33,-0.705024806021], [68,33,-0.999999539067], [69,33,-0.709992308705], [70,33,-0.999999807588], [11,34,-0.703193336658], [13,34,0.005284481984], [14,34,0.706900393349], [16,34,0.706271734657], [28,34,-0.999994685927], [29,34,0.999998691073], [34,34,2.000000000000], [35,34,0.000180459359], [36,34,0.712299726956], [37,34,0.011471519253], [11,35,-0.711125572092], [13,35,-0.999985067111], [15,35,0.999996228428], [16,35,-0.707813377872], [28,35,-0.003440537744], [32,35,0.708280422042], [34,35,0.000180459359], [35,35,2.000000000000], [36,35,0.701746862987], [48,35,0.000945803655], [52,35,-0.011655942327], [14,36,0.007079274991], [15,36,0.703700878236], [29,36,0.711163175538], [32,36,-0.005890434015], [34,36,0.712299726956], [35,36,0.701746862987], [36,36,2.000000000000], [37,36,0.710000392167], [48,36,-0.711762341949], [52,36,0.704198457262], [14,37,-0.699157346098], [29,37,0.009853632575], [34,37,0.011471519253], [36,37,0.710000392167], [37,37,2.000000000000], [52,37,0.000003976046], [53,37,-0.714741380155], [54,37,-0.999955461895], [4,38,-0.003002982860], [18,38,0.702564322418], [21,38,-0.006474138430], [38,38,2.000000000000], [39,38,0.999999293659], [40,38,0.003724854301], [41,38,0.705792632988], [42,38,0.000148153829], [43,38,0.707444868912], [22,39,0.708205786180], [24,39,-0.708133416624], [38,39,0.999999293659], [39,39,2.000000000000], [40,39,0.002536297390], [41,39,0.704950134787], [42,39,-0.001040408787], [44,39,-0.999981757907], [45,39,0.708550977355], [46,39,0.003619459210], [38,40,0.003724854301], [39,40,0.002536297390], [40,40,2.000000000000], [41,40,0.711042551803], [42,40,0.999993603583], [43,40,0.704128499611], [38,41,0.705792632988], [39,41,0.704950134787], [40,41,0.711042551803], [41,41,2.000000000000], [42,41,0.708523049692], [45,41,0.001000832918], [55,41,-0.706292445423], [56,41,-0.705143963259], [57,41,-0.999988996779], [38,42,0.000148153829], [39,42,-0.001040408787], [40,42,0.999993603583], [41,42,0.708523049692], [42,42,2.000000000000], [79,42,-0.999955045096], [80,42,-0.711987970439], [4,43,-0.708889789758], [18,43,-0.005925270624], [21,43,-0.711333815679], [38,43,0.707444868912], [40,43,0.704128499611], [43,43,2.000000000000], [22,44,-0.712457275379], [24,44,0.703855651991], [26,44,0.709674507077], [31,44,-0.000236083560], [39,44,-0.999981757907], [44,44,2.000000000000], [45,44,-0.704275736085], [46,44,0.002420753822], [47,44,0.999993152185], [50,44,0.708625073443], [51,44,-0.002235028502], [22,45,0.003599923520], [24,45,-0.999999825031], [39,45,0.708550977355], [41,45,0.001000832918], [44,45,-0.704275736085], [45,45,2.000000000000], [46,45,0.708219578451], [55,45,0.707212944924], [56,45,0.708358079286], [57,45,0.003690265242], [22,46,-0.703438118947], [24,46,-0.708637088042], [39,46,0.003619459210], [44,46,0.002420753822], [45,46,0.708219578451], [46,46,2.000000000000], [57,46,0.703373904682], [61,46,0.999998642604], [65,46,0.708515040030], [81,46,-0.006723870750], [86,46,-0.003200277929], [87,46,-0.999999964685], [88,46,-0.710382972867], [25,47,-0.004019352684], [26,47,0.707062356014], [30,47,0.710410611826], [31,47,-0.003936836194], [44,47,0.999993152185], [47,47,2.000000000000], [48,47,0.999999686839], [49,47,0.707793153610], [50,47,0.711231418491], [51,47,0.001465731914], [15,48,-0.001800674679], [25,48,-0.003227952441], [30,48,0.710967370518], [32,48,0.706600767574], [35,48,0.000945803655], [36,48,-0.711762341949], [47,48,0.999999686839], [48,48,2.000000000000], [49,48,0.707233867575], [52,48,-0.999942644188], [25,49,-0.709258905983], [30,49,0.005654424651], [33,49,0.705027343692], [47,49,0.707793153610], [48,49,0.707233867575], [49,49,2.000000000000], [59,49,0.708142197268], [64,49,0.711069473774], [67,49,0.005876467542], [68,49,-0.704346107930], [69,49,-0.999975320675], [70,49,-0.705467142669], [26,50,0.005787407118], [27,50,0.703328876972], [31,50,-0.705752496913], [44,50,0.708625073443], [47,50,0.711231418491], [50,50,2.000000000000], [51,50,0.703999662285], [56,50,-0.712682308521], [58,50,-0.713823633346], [64,50,0.707955858102], [65,50,-0.999978458180], [66,50,-0.705014647733], [26,51,-0.706114080096], [31,51,-0.999996946800], [44,51,-0.002235028502], [47,51,0.001465731914], [50,51,0.703999662285], [51,51,2.000000000000], [68,51,0.999998934611], [72,51,0.706409545851], [94,51,0.002262947073], [95,51,-0.000747539191], [96,51,-0.708932954071], [15,52,-0.008909608946], [32,52,-0.714138908971], [35,52,-0.011655942327], [36,52,0.704198457262], [37,52,0.000003976046], [48,52,-0.999942644188], [52,52,2.000000000000], [53,52,0.699386005283], [54,52,-0.009441890131], [37,53,-0.714741380155], [52,53,0.699386005283], [53,53,2.000000000000], [54,53,0.708108774954], [71,53,0.704637847135], [72,53,-0.999994245955], [73,53,-0.714239895746], [74,53,-0.004887615748], [75,53,-0.709877899975], [37,54,-0.999955461895], [52,54,-0.009441890131], [53,54,0.708108774954], [54,54,2.000000000000], [74,54,0.709555895118], [77,54,0.999995407797], [95,54,0.001736304234], [41,55,-0.706292445423], [45,55,0.707212944924], [55,55,2.000000000000], [56,55,0.999998686143], [57,55,0.709605590853], [58,55,-0.999994720775], [59,55,-0.999999558819], [60,55,0.706153758091], [61,55,0.000077460760], [62,55,-0.705261757097], [63,55,0.000771476224], [27,56,-0.002587809047], [41,56,-0.705143963259], [45,56,0.708358079286], [50,56,-0.712682308521], [55,56,0.999998686143], [56,56,2.000000000000], [57,56,0.708462487865], [58,56,0.999998674229], [64,56,-0.999977455107], [65,56,0.708062551771], [66,56,0.004962019584], [41,57,-0.999988996779], [45,57,0.003690265242], [46,57,0.703373904682], [55,57,0.709605590853], [56,57,0.708462487865], [57,57,2.000000000000], [61,57,0.704544141026], [65,57,-0.003271674456], [81,57,0.706074591085], [86,57,-0.713067406677], [87,57,-0.703562790308], [88,57,-0.999950903463], [27,58,-0.004216155038], [50,58,-0.713823633346], [55,58,-0.999994720775], [56,58,0.999998674229], [58,58,2.000000000000], [59,58,0.999991227326], [60,58,-0.708450776106], [61,58,-0.003326832942], [62,58,0.702954400893], [63,58,-0.004020843785], [64,58,-0.999965195200], [65,58,0.709211475375], [66,58,0.006590347833], [33,59,-0.001471087348], [49,59,0.708142197268], [55,59,-0.999999558819], [58,59,0.999991227326], [59,59,2.000000000000], [60,59,-0.705488337892], [61,59,0.000861880635], [62,59,0.705927389194], [63,59,0.000167865201], [64,59,0.999991369906], [67,59,0.710219029944], [68,59,0.002431223642], [69,59,-0.703164207506], [70,59,0.000850745146], [55,60,0.706153758091], [58,60,-0.708450776106], [59,60,-0.705488337892], [60,60,2.000000000000], [61,60,0.708113218629], [62,60,0.003952727043], [63,60,0.708603091671], [81,60,0.709684362240], [82,60,0.706184042036], [83,60,-0.714219524527], [84,60,-0.002916984293], [85,60,-0.710884668020], [46,61,0.999998642604], [55,61,0.000077460760], [57,61,0.704544141026], [58,61,-0.003326832942], [59,61,0.000861880635], [60,61,0.708113218629], [61,61,2.000000000000], [62,61,0.708892371406], [63,61,0.999999759171], [65,61,0.707351330378], [81,61,-0.005076237000], [86,61,-0.004847927017], [87,61,-0.999999045178], [88,61,-0.711541658294], [55,62,-0.705261757097], [58,62,0.702954400893], [59,62,0.705927389194], [60,62,0.003952727043], [61,62,0.708892371406], [62,62,2.000000000000], [63,62,0.708402699993], [67,62,-0.002744599999], [82,62,0.705231433859], [86,62,0.708745040670], [89,62,-0.706708479027], [90,62,-0.003971948975], [91,62,-0.706285767471], [92,62,-0.999981794986], [93,62,-0.708524178774], [55,63,0.000771476224], [58,63,-0.004020843785], [59,63,0.000167865201], [60,63,0.708603091671], [61,63,0.999999759171], [62,63,0.708402699993], [63,63,2.000000000000], [84,63,0.707671279780], [87,63,0.999999763409], [90,63,0.708616654782], [101,63,0.002631654740], [106,63,-0.705726764120], [27,64,-0.004127081790], [33,64,0.002683450116], [49,64,0.711069473774], [50,64,0.707955858102], [56,64,-0.999977455107], [58,64,-0.999965195200], [59,64,0.999991369906], [64,64,2.000000000000], [65,64,-0.703304895633], [66,64,0.001752864598], [67,64,0.707288191962], [68,64,-0.001723314325], [69,64,-0.706112123664], [70,64,-0.003303789956], [27,65,-0.707979683190], [46,65,0.708515040030], [50,65,-0.999978458180], [56,65,0.708062551771], [57,65,-0.003271674456], [58,65,0.709211475375], [61,65,0.707351330378], [64,65,-0.703304895633], [65,65,2.000000000000], [66,65,0.709654443886], [81,65,-0.710443723050], [86,65,0.703424653239], [87,65,-0.708327466409], [88,65,-0.006637553402], [27,66,-0.999997181522], [50,66,-0.705014647733], [56,66,0.004962019584], [58,66,0.006590347833], [64,66,0.001752864598], [65,66,0.709654443886], [66,66,2.000000000000], [88,66,0.709244755041], [91,66,0.999999909575], [102,66,-0.001702971522], [33,67,-0.705024806021], [49,67,0.005876467542], [59,67,0.710219029944], [62,67,-0.002744599999], [64,67,0.707288191962], [67,67,2.000000000000], [68,67,0.705705394265], [69,67,0.001149083913], [70,67,0.704584734167], [82,67,-0.710910075851], [86,67,-0.707407281840], [89,67,0.709441826444], [90,67,-0.999977443976], [91,67,-0.705985704470], [92,67,0.008778572026], [93,67,-0.703739263336], [33,68,-0.999999539067], [49,68,-0.704346107930], [51,68,0.999998934611], [59,68,0.002431223642], [64,68,-0.001723314325], [67,68,0.705705394265], [68,68,2.000000000000], [69,68,0.709315843205], [70,68,0.999998751040], [72,68,0.707441986384], [94,68,0.003722658746], [95,68,0.000712179019], [96,68,-0.707902695011], [33,69,-0.709992308705], [49,69,-0.999975320675], [59,69,-0.703164207506], [64,69,-0.706112123664], [67,69,0.001149083913], [68,69,0.709315843205], [69,69,2.000000000000], [70,69,0.710429023195], [73,69,0.704880277940], [76,69,-0.000215267537], [89,69,0.703948325957], [94,69,0.702245371109], [97,69,-0.007255235062], [98,69,-0.713602092585], [33,70,-0.999999807588], [49,70,-0.705467142669], [59,70,0.000850745146], [64,70,-0.003303789956], [67,70,0.704584734167], [68,70,0.999998751040], [69,70,0.710429023195], [70,70,2.000000000000], [92,70,0.703407273503], [97,70,0.708904662901], [107,70,-0.008642861606], [53,71,0.704637847135], [71,71,2.000000000000], [72,71,-0.707040894480], [73,71,-0.006653741870], [74,71,0.706114650213], [75,71,-0.000441140606], [76,71,0.709736013991], [77,71,0.000963085812], [78,71,0.000082824064], [51,72,0.706409545851], [53,72,-0.999994245955], [68,72,0.707441986384], [71,72,-0.707040894480], [72,72,2.000000000000], [73,72,0.711861475112], [74,72,0.001495275569], [75,72,0.707484497393], [94,72,0.709400084804], [95,72,0.707275063112], [96,72,-0.001600390043], [53,73,-0.714239895746], [69,73,0.704880277940], [71,73,-0.006653741870], [72,73,0.711861475112], [73,73,2.000000000000], [74,73,0.703383542732], [75,73,0.999980701550], [76,73,0.709174541423], [89,73,-0.007600554706], [94,73,-0.009995301235], [97,73,-0.714421698648], [98,73,-0.999923464259], [53,74,-0.004887615748], [54,74,0.709555895118], [71,74,0.706114650213], [72,74,0.001495275569], [73,74,0.703383542732], [74,74,2.000000000000], [75,74,0.707785957321], [77,74,0.707417144671], [95,74,0.705880097777], [53,75,-0.709877899975], [71,75,-0.000441140606], [72,75,0.707484497393], [73,75,0.999980701550], [74,75,0.707785957321], [75,75,2.000000000000], [96,75,0.707860209197], [98,75,0.999981029511], [107,75,0.007002281217], [69,76,-0.000215267537], [71,76,0.709736013991], [73,76,0.709174541423], [76,76,2.000000000000], [77,76,0.705150945536], [78,76,0.704526516364], [89,76,-0.710402711812], [94,76,-0.712086150295], [97,76,-0.999972095450], [98,76,-0.700397618104], [54,77,0.999995407797], [71,77,0.000963085812], [74,77,0.707417144671], [76,77,0.705150945536], [77,77,2.000000000000], [78,77,0.999999612570], [95,77,-0.001294274042], [71,78,0.000082824064], [76,78,0.704526516364], [77,78,0.999999612570], [78,78,2.000000000000], [42,79,-0.999955045096], [79,79,2.000000000000], [80,79,0.705297801668], [99,79,-0.999913235799], [100,79,-0.701489559351], [42,80,-0.711987970439], [79,80,0.705297801668], [80,80,2.000000000000], [83,80,0.705201973386], [101,80,-0.705216271713], [102,80,-0.703963739234], [103,80,-0.008876204028], [104,80,-0.711889217926], [105,80,-0.999993089249], [46,81,-0.006723870750], [57,81,0.706074591085], [60,81,0.709684362240], [61,81,-0.005076237000], [65,81,-0.710443723050], [81,81,2.000000000000], [82,81,0.999987718925], [83,81,-0.013761710220], [84,81,0.702446634314], [85,81,-0.009008918333], [86,81,-0.999950755484], [87,81,0.006458112402], [88,81,-0.699022905946], [60,82,0.706184042036], [62,82,0.705231433859], [67,82,-0.710910075851], [81,82,0.999987718925], [82,82,2.000000000000], [83,82,-0.008806004088], [84,82,0.705965377777], [85,82,-0.004053002372], [86,82,0.999987658629], [89,82,-0.999997825322], [90,82,0.706170432127], [91,82,0.003809043583], [92,82,-0.709496595048], [93,82,0.000642119747], [60,83,-0.714219524527], [80,83,0.705201973386], [81,83,-0.013761710220], [82,83,-0.008806004088], [83,83,2.000000000000], [84,83,0.702002149856], [85,83,0.999988704020], [101,83,0.005360186846], [102,83,0.007125241424], [103,83,-0.715238057374], [104,83,-0.999955096825], [105,83,-0.702561211280], [60,84,-0.002916984293], [63,84,0.707671279780], [81,84,0.702446634314], [82,84,0.705965377777], [83,84,0.702002149856], [84,84,2.000000000000], [85,84,0.705379248628], [87,84,0.707185094308], [90,84,0.002936206293], [101,84,0.708401731440], [106,84,0.001151098526], [60,85,-0.710884668020], [81,85,-0.009008918333], [82,85,-0.004053002372], [83,85,0.999988704020], [84,85,0.705379248628], [85,85,2.000000000000], [100,85,0.704773177872], [104,85,0.999988844048], [106,85,0.708017672861], [108,85,0.002148869175], [46,86,-0.003200277929], [57,86,-0.713067406677], [61,86,-0.004847927017], [62,86,0.708745040670], [65,86,0.703424653239], [67,86,-0.707407281840], [81,86,-0.999950755484], [82,86,0.999987658629], [86,86,2.000000000000], [87,86,0.003466040574], [88,86,0.706085158098], [89,86,-0.999995845119], [90,86,0.702644053281], [91,86,-0.001159125024], [92,86,-0.712988943609], [93,86,-0.004326044793], [46,87,-0.999999964685], [57,87,-0.703562790308], [61,87,-0.999999045178], [63,87,0.999999763409], [65,87,-0.708327466409], [81,87,0.006458112402], [84,87,0.707185094308], [86,87,0.003466040574], [87,87,2.000000000000], [88,87,0.710569996643], [90,87,0.709101852953], [101,87,0.001943773601], [106,87,-0.706213951254], [46,88,-0.710382972867], [57,88,-0.999950903463], [61,88,-0.711541658294], [65,88,-0.006637553402], [66,88,0.709244755041], [81,88,-0.699022905946], [86,88,0.706085158098], [87,88,0.710569996643], [88,88,2.000000000000], [91,88,0.708944895635], [102,88,0.703753477568], [62,89,-0.706708479027], [67,89,0.709441826444], [69,89,0.703948325957], [73,89,-0.007600554706], [76,89,-0.710402711812], [82,89,-0.999997825322], [86,89,-0.999995845119], [89,89,2.000000000000], [90,89,-0.704692268142], [91,89,-0.001723540647], [92,89,0.710964729349], [93,89,0.001443391001], [94,89,0.999997132373], [97,89,0.705125186968], [98,89,-0.004771638985], [62,90,-0.003971948975], [63,90,0.708616654782], [67,90,-0.999977443976], [82,90,0.706170432127], [84,90,0.002936206293], [86,90,0.702644053281], [87,90,0.709101852953], [89,90,-0.704692268142], [90,90,2.000000000000], [91,90,0.710726589484], [92,90,-0.002062120456], [93,90,0.708495191984], [101,90,-0.703726398961], [106,90,-0.999991646963], [62,91,-0.706285767471], [66,91,0.999999909575], [67,91,-0.705985704470], [82,91,0.003809043583], [86,91,-0.001159125024], [88,91,0.708944895635], [89,91,-0.001723540647], [90,91,0.710726589484], [91,91,2.000000000000], [92,91,0.702001247302], [93,91,0.999994985272], [102,91,-0.002128235000], [62,92,-0.999981794986], [67,92,0.008778572026], [70,92,0.703407273503], [82,92,-0.709496595048], [86,92,-0.712988943609], [89,92,0.710964729349], [90,92,-0.002062120456], [91,92,0.702001247302], [92,92,2.000000000000], [93,92,0.704253135961], [97,92,-0.002672467050], [107,92,-0.716839937577], [62,93,-0.708524178774], [67,93,-0.703739263336], [82,93,0.000642119747], [86,93,-0.004326044793], [89,93,0.001443391001], [90,93,0.708495191984], [91,93,0.999994985272], [92,93,0.704253135961], [93,93,2.000000000000], [108,93,0.001262022513], [109,93,0.004711183070], [51,94,0.002262947073], [68,94,0.003722658746], [69,94,0.702245371109], [72,94,0.709400084804], [73,94,-0.009995301235], [76,94,-0.712086150295], [89,94,0.999997132373], [94,94,2.000000000000], [95,94,0.999995468484], [96,94,0.703669796214], [97,94,0.706821303101], [98,94,-0.002376815066], [51,95,-0.000747539191], [54,95,0.001736304234], [68,95,0.000712179019], [72,95,0.707275063112], [74,95,0.705880097777], [77,95,-0.001294274042], [94,95,0.999995468484], [95,95,2.000000000000], [96,95,0.705805637911], [51,96,-0.708932954071], [68,96,-0.707902695011], [72,96,-0.001600390043], [75,96,0.707860209197], [94,96,0.703669796214], [95,96,0.705805637911], [96,96,2.000000000000], [98,96,0.712197626856], [107,96,0.711291868652], [69,97,-0.007255235062], [70,97,0.708904662901], [73,97,-0.714421698648], [76,97,-0.999972095450], [89,97,0.705125186968], [92,97,-0.002672467050], [94,97,0.706821303101], [97,97,2.000000000000], [98,97,0.705710162421], [107,97,0.699151008362], [69,98,-0.713602092585], [73,98,-0.999923464259], [75,98,0.999981029511], [76,98,-0.700397618104], [89,98,-0.004771638985], [94,98,-0.002376815066], [96,98,0.712197626856], [97,98,0.705710162421], [98,98,2.000000000000], [107,98,0.013161593051], [79,99,-0.999913235799], [99,99,2.000000000000], [100,99,0.710816634438], [103,99,0.705874091431], [79,100,-0.701489559351], [85,100,0.704773177872], [99,100,0.710816634438], [100,100,2.000000000000], [104,100,0.708116345459], [106,100,-0.002005763741], [108,100,-0.707916605092], [63,101,0.002631654740], [80,101,-0.705216271713], [83,101,0.005360186846], [84,101,0.708401731440], [87,101,0.001943773601], [90,101,-0.703726398961], [101,101,2.000000000000], [102,101,0.999998442230], [103,101,-0.702704675937], [104,101,0.004116432543], [105,101,0.707847233897], [106,101,0.706624427670], [66,102,-0.001702971522], [80,102,-0.703963739234], [83,102,0.007125241424], [88,102,0.703753477568], [91,102,-0.002128235000], [101,102,0.999998442230], [102,102,2.000000000000], [103,102,-0.703959409211], [104,102,0.002351352800], [105,102,0.706599333673], [80,103,-0.008876204028], [83,103,-0.715238057374], [99,103,0.705874091431], [101,103,-0.702704675937], [102,103,-0.703959409211], [103,103,2.000000000000], [104,103,0.708582985635], [105,103,0.005158567604], [80,104,-0.711889217926], [83,104,-0.999955096825], [85,104,0.999988844048], [100,104,0.708116345459], [101,104,0.004116432543], [102,104,0.002351352800], [103,104,0.708582985635], [104,104,2.000000000000], [105,104,0.709273372967], [106,104,0.704674039022], [108,104,-0.002574678574], [80,105,-0.999993089249], [83,105,-0.702561211280], [101,105,0.707847233897], [102,105,0.706599333673], [103,105,0.005158567604], [104,105,0.709273372967], [105,105,2.000000000000], [109,105,-0.709193277604], [110,105,-0.707899976681], [63,106,-0.705726764120], [84,106,0.001151098526], [85,106,0.708017672861], [87,106,-0.706213951254], [90,106,-0.999991646963], [100,106,-0.002005763741], [101,106,0.706624427670], [104,106,0.704674039022], [106,106,2.000000000000], [108,106,0.707714521467], [70,107,-0.008642861606], [75,107,0.007002281217], [92,107,-0.716839937577], [96,107,0.711291868652], [97,107,0.699151008362], [98,107,0.013161593051], [107,107,2.000000000000], [85,108,0.002148869175], [93,108,0.001262022513], [100,108,-0.707916605092], [104,108,-0.002574678574], [106,108,0.707714521467], [108,108,2.000000000000], [109,108,0.999994051593], [93,109,0.004711183070], [105,109,-0.709193277604], [108,109,0.999994051593], [109,109,2.000000000000], [110,109,0.999998320525], [105,110,-0.707899976681], [109,110,0.999998320525], [110,110,2.000000000000], [111,111,2.000000000000], ]
},
"Minv": {
"shape": [147, 147],
