{
"N": {
"shape": [147, 103],
"data": [[3,0,0.006846594945], [4,0,-0.999976561794], [6,0,-0.006846594945], [7,0,0.999976561794], [9,1,0.002125008094], [10,1,-0.999997742168], [12,1,-0.002125008094], [13,1,0.999997742168], [9,2,0.000393119154], [10,2,-0.999999922729], [15,2,-0.000393119154], [16,2,0.999999922729], [9,3,-0.706855045590], [10,3,-0.707358427195], [33,3,0.706855045590], [34,3,0.707358427195], [12,4,-0.001331661921], [13,4,-0.999999113338], [15,4,0.001331661921], [16,4,0.999999113338], [12,5,-0.002018140930], [13,5,-0.999997963552], [18,5,0.002018140930], [19,5,0.999997963552], [12,6,-0.999993573983], [13,6,-0.003584967725], [33,6,0.999993573983], [34,6,0.003584967725], [12,7,-0.708089501321], [13,7,-0.706122693389], [36,7,0.708089501321], [37,7,0.706122693389], [15,8,-0.002702639263], [16,8,-0.999996347864], [18,8,0.002702639263], [19,8,0.999996347864], [15,9,-0.708219559705], [16,9,0.705992248719], [33,9,0.708219559705], [34,9,-0.705992248719], [15,10,-0.707703415460], [16,10,-0.706509643067], [39,10,0.707703415460], [40,10,0.706509643067], [18,11,-0.999990162180], [19,11,0.004435712162], [39,11,0.999990162180], [40,11,-0.004435712162], [18,12,-0.999996880636], [19,12,0.002497742832], [60,12,0.999996880636], [61,12,-0.002497742832], [21,13,0.007369997887], [22,13,-0.999972841197], [24,13,-0.007369997887], [25,13,0.999972841197], [21,14,-0.000692722170], [22,14,-0.999999760068], [27,14,0.000692722170], [28,14,0.999999760068], [21,15,-0.999999998839], [22,15,-0.000048189848], [42,15,0.999999998839], [43,15,0.000048189848], [21,16,-0.704166208557], [22,16,-0.710035175696], [45,16,0.704166208557], [46,16,0.710035175696], [21,17,-0.999998238321], [22,17,-0.001877059975], [63,17,0.999998238321], [64,17,0.001877059975], [24,18,-0.708072462023], [25,18,0.706139779736], [42,18,0.708072462023], [43,18,-0.706139779736], [24,19,-0.710708852630], [25,19,-0.703486266244], [48,19,0.710708852630], [49,19,0.703486266244], [24,20,-0.999999505363], [25,20,-0.000994622801], [66,20,0.999999505363], [67,20,0.000994622801], [27,21,0.001297642414], [28,21,-0.999999158062], [30,21,-0.001297642414], [31,21,0.999999158062], [27,22,-0.701875007476], [28,22,-0.712300129075], [51,22,0.701875007476], [52,22,0.712300129075], [27,23,-0.999999444437], [28,23,0.001054099291], [69,23,0.999999444437], [70,23,-0.001054099291], [30,24,0.001434517966], [31,24,-0.999998971079], [36,24,-0.001434517966], [37,24,0.999998971079], [33,25,-0.001298860128], [34,25,-0.999999156481], [36,25,0.001298860128], [37,25,0.999999156481], [33,26,-0.000299143662], [34,26,-0.999999955257], [39,26,0.000299143662], [40,26,0.999999955257], [36,27,-0.706917941755], [37,27,0.707295570201], [54,27,0.706917941755], [55,27,-0.707295570201], [36,28,-0.707256085763], [37,28,-0.706957445078], [60,28,0.707256085763], [61,28,0.706957445078], [39,29,-0.709668895445], [40,29,0.704535349601], [57,29,0.709668895445], [58,29,-0.704535349601], [39,30,-0.999999840966], [40,30,0.000563974328], [60,30,0.999999840966], [61,30,-0.000563974328], [39,31,-0.999995474531], [40,31,-0.003008474419], [81,31,0.999995474531], [82,31,0.003008474419], [45,32,-0.005436708377], [46,32,-0.999985220992], [48,32,0.005436708377], [49,32,0.999985220992], [45,33,-0.999991972796], [46,33,-0.004006787161], [66,33,0.999991972796], [67,33,0.004006787161], [45,34,-0.710689170276], [46,34,-0.703506150117], [69,34,0.710689170276], [70,34,0.703506150117], [45,35,-0.999996734328], [46,35,0.002555647354], [87,35,0.999996734328], [88,35,-0.002555647354], [48,36,-0.706904679664], [49,36,0.707308824962], [66,36,0.706904679664], [67,36,-0.707308824962], [48,37,-0.999997091741], [49,37,0.002411744121], [69,37,0.999997091741], [70,37,-0.002411744121], [48,38,-0.999999931991], [49,38,-0.000368805370], [90,38,0.999999931991], [91,38,0.000368805370], [51,39,-0.705779051004], [52,39,0.708432022966], [69,39,0.705779051004], [70,39,-0.708432022966], [51,40,-0.999996015978], [52,40,0.002822769450], [93,40,0.999996015978], [94,40,-0.002822769450], [54,41,0.000066819974], [55,41,-0.999999997768], [60,41,-0.000066819974], [61,41,0.999999997768], [54,42,-0.709929262100], [55,42,0.704272988843], [72,42,0.709929262100], [73,42,-0.704272988843], [54,43,-0.999999982836], [55,43,0.000185280465], [75,43,0.999999982836], [76,43,-0.000185280465], [54,44,-0.705215006818], [55,44,-0.708993507840], [78,44,0.705215006818], [79,44,0.708993507840], [57,45,0.001882296199], [58,45,-0.999998228479], [60,45,-0.001882296199], [61,45,0.999998228479], [57,46,-0.705018776361], [58,46,0.709188638500], [75,46,0.705018776361], [76,46,-0.709188638500], [57,47,-0.705057435102], [58,47,-0.709150204969], [81,47,0.705057435102], [82,47,0.709150204969], [57,48,-0.999999884972], [58,48,-0.000479642376], [99,48,0.999999884972], [100,48,0.000479642376], [63,49,0.000251365737], [64,49,-0.999999968408], [66,49,-0.000251365737], [67,49,0.999999968408], [63,50,-0.712435272094], [64,50,-0.701737830729], [87,50,0.712435272094], [88,50,0.701737830729], [63,51,-0.999995673466], [64,51,0.002941606558], [105,51,0.999995673466], [106,51,-0.002941606558], [66,52,-0.707739622239], [67,52,0.706473373252], [84,52,0.707739622239], [85,52,-0.706473373252], [66,53,-0.999958984265], [67,53,0.009057029729], [87,53,0.999958984265], [88,53,-0.009057029729], [69,54,-0.999995044461], [70,54,-0.003148182510], [90,54,0.999995044461], [91,54,0.003148182510], [69,55,-0.999998017528], [70,55,-0.001991215594], [111,55,0.999998017528], [112,55,0.001991215594], [72,56,0.003529559947], [73,56,-0.999993771084], [78,56,-0.003529559947], [79,56,0.999993771084], [72,57,-0.706128628982], [73,57,0.708083582165], [90,57,0.706128628982], [91,57,-0.708083582165], [72,58,-0.999995660823], [73,58,0.002945901559], [93,58,0.999995660823], [94,58,-0.002945901559], [72,59,-0.707616012825], [73,59,-0.706597182554], [96,59,0.707616012825], [97,59,0.706597182554], [72,60,-0.999999072029], [73,60,-0.001362329613], [114,60,0.999999072029], [115,60,0.001362329613], [75,61,0.006880605399], [76,61,-0.999976328354], [78,61,-0.006880605399], [79,61,0.999976328354], [75,62,0.002100194147], [76,62,-0.999997794590], [81,62,-0.002100194147], [82,62,0.999997794590], [75,63,-0.703144458261], [76,63,-0.711047024336], [99,63,0.703144458261], [100,63,0.711047024336], [78,64,-0.999978984109], [79,64,-0.006483158263], [99,64,0.999978984109], [100,64,0.006483158263], [78,65,-0.706464328479], [79,65,-0.707748650714], [102,65,0.706464328479], [103,65,0.707748650714], [78,66,-0.999995530506], [79,66,-0.002989810784], [120,66,0.999995530506], [121,66,0.002989810784], [81,67,-0.706855925057], [82,67,0.707357548353], [99,67,0.706855925057], [100,67,-0.707357548353], [81,68,-0.999994906965], [82,68,0.003191558336], [102,68,0.999994906965], [103,68,-0.003191558336], [81,69,-0.999999647292], [82,69,0.000839889999], [123,69,0.999999647292], [124,69,-0.000839889999], [84,70,-0.003677531595], [85,70,-0.999993237858], [87,70,0.003677531595], [88,70,0.999993237858], [84,71,-0.999987033737], [85,71,0.005092382387], [105,71,0.999987033737], [106,71,-0.005092382387], [84,72,-0.708311616581], [85,72,-0.705899889373], [108,72,0.708311616581], [109,72,0.705899889373], [87,73,-0.706258589943], [88,73,0.707953956223], [105,73,0.706258589943], [106,73,-0.707953956223], [90,74,0.004936760658], [91,74,-0.999987814123], [93,74,-0.004936760658], [94,74,0.999987814123], [90,75,0.000817988057], [91,75,-0.999999665448], [96,75,-0.000817988057], [97,75,0.999999665448], [93,76,-0.003300739599], [94,76,-0.999994552544], [96,76,0.003300739599], [97,76,0.999994552544], [93,77,-0.707760998650], [94,77,0.706451957878], [111,77,0.707760998650], [112,77,-0.706451957878], [93,78,-0.999984121524], [94,78,-0.005635308266], [114,78,0.999984121524], [115,78,0.005635308266], [93,79,-0.707762092242], [94,79,-0.706450862258], [117,79,0.707762092242], [118,79,0.706450862258], [93,80,-0.999996569490], [94,80,-0.002619352483], [135,80,0.999996569490], [136,80,0.002619352483], [96,81,-0.709143137883], [97,81,0.705064543140], [114,81,0.709143137883], [115,81,-0.705064543140], [96,82,-0.999999166433], [97,82,0.001291175423], [117,82,0.999999166433], [118,82,-0.001291175423], [96,83,-0.707521335341], [97,83,-0.706691983850], [120,83,0.707521335341], [121,83,0.706691983850], [96,84,-0.999996751365], [97,84,-0.002548972212], [138,84,0.999996751365], [139,84,0.002548972212], [99,85,0.000470450293], [100,85,-0.999999889338], [102,85,-0.000470450293], [103,85,0.999999889338], [99,86,-0.999999881130], [100,86,0.000487584943], [120,86,0.999999881130], [121,86,-0.000487584943], [99,87,-0.708044389406], [100,87,-0.706167928067], [123,87,0.708044389406], [124,87,0.706167928067], [99,88,-0.999999904861], [100,88,-0.000436209625], [141,88,0.999999904861], [142,88,0.000436209625], [102,89,-0.710538095551], [103,89,0.703658734594], [120,89,0.710538095551], [121,89,-0.703658734594], [102,90,-0.999998866523], [103,90,-0.001505640147], [123,90,0.999998866523], [124,90,0.001505640147], [105,91,-0.001975539534], [106,91,-0.999998048620], [108,91,0.001975539534], [109,91,0.999998048620], [108,92,-0.707978236956], [109,92,0.706234250087], [126,92,0.707978236956], [127,92,-0.706234250087], [111,93,0.000219393998], [112,93,-0.999999975933], [117,93,-0.000219393998], [118,93,0.999999975933], [114,94,0.002851952636], [115,94,-0.999995933175], [117,94,-0.002851952636], [118,94,0.999995933175], [114,95,-0.001574832427], [115,95,-0.999998759951], [120,95,0.001574832427], [121,95,0.999998759951], [114,96,-0.707031348753], [115,96,-0.707182205574], [138,96,0.707031348753], [139,96,0.707182205574], [117,97,-0.708409491841], [118,97,0.705801666100], [135,97,0.708409491841], [136,97,-0.705801666100], [117,98,-0.999979707324], [118,98,-0.006370631099], [138,98,0.999979707324], [139,98,0.006370631099], [117,99,-0.704243925177], [118,99,-0.709958093025], [141,99,0.704243925177], [142,99,0.709958093025], [132,100,0.002191237269], [133,100,-0.999997599237], [138,100,-0.002191237269], [139,100,0.999997599237], [135,101,-0.004910905923], [136,101,-0.999987941429], [138,101,0.004910905923], [139,101,0.999987941429], [135,102,0.000261070328], [136,102,-0.999999965921], [141,102,-0.000261070328], [142,102,0.999999965921], ]
},
"Q": {
"shape": [103, 103],
"data": [[0,0,2.000000000000], [1,1,2.000000000000], [2,1,0.999998500278], [3,1,0.705854757406], [4,1,-0.999994025715], [5,1,-0.999991417158], [6,1,-0.001459965192], [7,1,-0.704616403162], [1,2,0.999998500278], [2,2,2.000000000000], [3,2,0.707080494279], [4,2,0.999998512565], [8,2,-0.999995208134], [9,2,0.706270608841], [10,2,-0.706231376706], [1,3,0.705854757406], [2,3,0.707080494279], [3,3,2.000000000000], [6,3,0.709386360459], [9,3,0.001219002497], [25,3,-0.708275936360], [26,3,-0.707569846752], [1,4,-0.999994025715], [2,4,0.999998512565], [4,4,2.000000000000], [5,4,0.999999764373], [6,4,0.004916617910], [7,4,0.707065003123], [8,4,-0.999999060207], [9,4,0.705048513723], [10,4,-0.707451438322], [1,5,-0.999991417158], [4,5,0.999999764373], [5,5,2.000000000000], [6,5,0.005603088385], [7,5,0.707550279811], [8,5,0.999999765730], [11,5,0.002417582053], [12,5,0.000479603111], [1,6,-0.001459965192], [3,6,0.709386360459], [4,6,0.004916617910], [5,6,0.005603088385], [6,6,2.000000000000], [7,6,0.710616378191], [9,6,0.705684049248], [25,6,-0.004883816482], [26,6,-0.003884109304], [1,7,-0.704616403162], [4,7,0.707065003123], [5,7,0.707550279811], [6,7,0.710616378191], [7,7,2.000000000000], [24,7,0.705106199733], [25,7,0.707041806982], [27,7,-0.001123719799], [28,7,-0.999999304304], [2,8,-0.999995208134], [4,8,-0.999999060207], [5,8,0.999999765730], [8,8,2.000000000000], [9,8,-0.704075608351], [10,8,0.708419729835], [11,8,0.001733083287], [12,8,-0.000204897123], [2,9,0.706270608841], [3,9,0.001219002497], [4,9,0.705048513723], [6,9,0.705684049248], [8,9,-0.704075608351], [9,9,2.000000000000], [10,9,0.002419069647], [25,9,0.705071775053], [26,9,0.705780357738], [2,10,-0.706231376706], [4,10,-0.707451438322], [8,10,0.708419729835], [9,10,0.002419069647], [10,10,2.000000000000], [11,10,0.704562579785], [26,10,0.706721316447], [29,10,-0.004474082777], [30,10,-0.707304849610], [31,10,-0.709825728957], [5,11,0.002417582053], [8,11,0.001733083287], [10,11,0.704562579785], [11,11,2.000000000000], [12,11,0.999998122115], [26,11,-0.004136571244], [29,11,-0.712787029869], [30,11,-0.999992504776], [31,11,-0.999972292029], [5,12,0.000479603111], [8,12,-0.000204897123], [11,12,0.999998122115], [12,12,2.000000000000], [28,12,0.705488081683], [30,12,0.999998130265], [41,12,-0.002564562592], [45,12,-0.004380028735], [13,13,2.000000000000], [14,13,0.999967495910], [15,13,-0.007321809339], [16,13,0.704826188522], [17,13,-0.005492975907], [18,13,0.711339094373], [19,13,-0.698229237656], [20,13,0.006375398453], [13,14,0.999967495910], [14,14,2.000000000000], [15,14,0.000740912006], [16,14,0.710522796880], [17,14,0.002569780474], [21,14,-0.999998019224], [22,14,-0.712786162549], [23,14,0.000361377254], [13,15,-0.007321809339], [14,15,0.000740912006], [15,15,2.000000000000], [16,15,0.704200424227], [17,15,0.999998327615], [18,15,0.708038432432], [13,16,0.704826188522], [14,16,0.710522796880], [15,16,0.704200424227], [16,16,2.000000000000], [17,16,0.705497746651], [32,16,-0.713853028406], [33,16,-0.707005515897], [34,16,-0.999957411398], [35,16,-0.702349309463], [13,17,-0.005492975907], [14,17,0.002569780474], [15,17,0.999998327615], [16,17,0.705497746651], [17,17,2.000000000000], [49,17,-0.001625694621], [50,17,-0.713751221006], [51,17,-0.999988390223], [13,18,0.711339094373], [15,18,0.708038432432], [18,18,2.000000000000], [19,18,0.006473729971], [20,18,0.707369769058], [13,19,-0.698229237656], [18,19,0.006473729971], [19,19,2.000000000000], [20,19,0.711408204567], [32,19,0.707339786187], [36,19,-0.004821369450], [37,19,-0.709010156838], [38,19,-0.710968253808], [13,20,0.006375398453], [18,20,0.707369769058], [19,20,0.711408204567], [20,20,2.000000000000], [33,20,0.999995463405], [36,20,0.706200824518], [49,20,0.000743257156], [52,20,-0.707036597639], [53,20,-0.999949481320], [14,21,-0.999998019224], [21,21,2.000000000000], [22,21,0.711388746583], [23,21,-0.002351740098], [24,21,-0.999999990633], [14,22,-0.712786162549], [21,22,0.711388746583], [22,22,2.000000000000], [23,22,0.701123782479], [39,22,0.009247544700], [40,22,-0.699861552148], [14,23,0.000361377254], [21,23,-0.002351740098], [22,23,0.701123782479], [23,23,2.000000000000], [34,23,0.709947210109], [37,23,0.999999078397], [39,23,0.706525416593], [54,23,-0.999991170404], [55,23,-0.999995363028], [7,24,0.705106199733], [21,24,-0.999999990633], [24,24,2.000000000000], [25,24,0.999996264322], [27,24,0.708308928937], [28,24,-0.705942146112], [3,25,-0.708275936360], [6,25,-0.004883816482], [7,25,0.707041806982], [9,25,0.705071775053], [24,25,0.999996264322], [25,25,2.000000000000], [26,25,0.999999500283], [27,25,0.706376786055], [28,25,-0.707875475476], [3,26,-0.707569846752], [6,26,-0.003884109304], [9,26,0.705780357738], [10,26,0.706721316447], [11,26,-0.004136571244], [25,26,0.999999500283], [26,26,2.000000000000], [29,26,0.704323025125], [30,26,0.000264830688], [31,26,-0.003307616593], [7,27,-0.001123719799], [24,27,0.708308928937], [25,27,0.706376786055], [27,27,2.000000000000], [28,27,-0.000055852783], [41,27,0.707342804860], [42,27,-0.999990897976], [43,27,-0.707048977673], [44,27,0.002938826282], [7,28,-0.999999304304], [12,28,0.705488081683], [24,28,-0.705942146112], [25,28,-0.707875475476], [27,28,-0.000055852783], [28,28,2.000000000000], [30,28,0.706857267436], [41,28,0.706910184666], [45,28,0.705624927246], [10,29,-0.004474082777], [11,29,-0.712787029869], [26,29,0.704323025125], [29,29,2.000000000000], [30,29,0.710066122434], [31,29,0.707546107284], [45,29,0.705869908567], [46,29,-0.999978361647], [47,29,-0.000735943617], [48,29,-0.709330888804], [10,30,-0.707304849610], [11,30,-0.999992504776], [12,30,0.999998130265], [26,30,0.000264830688], [28,30,0.706857267436], [29,30,0.710066122434], [30,30,2.000000000000], [31,30,0.999993618795], [41,30,-0.000630794290], [45,30,-0.002446269229], [10,31,-0.709825728957], [11,31,-0.999972292029], [26,31,-0.003307616593], [29,31,0.707546107284], [30,31,0.999993618795], [31,31,2.000000000000], [47,31,0.707187704637], [62,31,0.000908283142], [67,31,-0.704724659113], [68,31,-0.999980779797], [69,31,-0.999992595037], [16,32,-0.713853028406], [19,32,0.707339786187], [32,32,2.000000000000], [33,32,0.009443392680], [34,32,0.707359562759], [35,32,0.002881081039], [36,32,0.703455137045], [37,32,-0.003024984088], [38,32,-0.005805507927], [16,33,-0.707005515897], [20,33,0.999995463405], [32,33,0.009443392680], [33,33,2.000000000000], [34,33,0.713502264839], [35,33,0.999978467215], [36,33,0.704064969277], [49,33,0.003755423315], [52,33,-0.704903252627], [53,33,-0.999914667800], [16,34,-0.999957411398], [23,34,0.709947210109], [32,34,0.707359562759], [33,34,0.713502264839], [34,34,2.000000000000], [35,34,0.708888935767], [37,34,0.708990426586], [39,34,0.003203243059], [54,34,-0.712900414186], [55,34,-0.712088593771], [16,35,-0.702349309463], [32,35,0.002881081039], [33,35,0.999978467215], [34,35,0.708888935767], [35,35,2.000000000000], [50,35,0.710639551084], [53,35,0.999978865301], [70,35,0.001121889513], [73,35,-0.708065564189], [19,36,-0.004821369450], [20,36,0.706200824518], [32,36,0.703455137045], [33,36,0.704064969277], [36,36,2.000000000000], [37,36,0.708608471703], [38,36,0.706643772296], [49,36,-0.707486494232], [52,36,-0.999999302446], [53,36,-0.713281802505], [19,37,-0.709010156838], [23,37,0.999999078397], [32,37,-0.003024984088], [34,37,0.708990426586], [36,37,0.708608471703], [37,37,2.000000000000], [38,37,0.999996134268], [39,37,0.707485555182], [54,37,-0.999984543606], [55,37,-0.999990306972], [19,38,-0.710968253808], [32,38,-0.005805507927], [36,38,0.706643772296], [37,38,0.999996134268], [38,38,2.000000000000], [54,38,0.999996137519], [57,38,0.705867435932], [74,38,0.004567959446], [75,38,0.000449182755], [22,39,0.009247544700], [23,39,0.706525416593], [34,39,0.003203243059], [37,39,0.707485555182], [39,39,2.000000000000], [40,39,0.707775979436], [54,39,-0.703545280184], [55,39,-0.704367010926], [22,40,-0.699861552148], [39,40,0.707775979436], [40,40,2.000000000000], [58,40,0.999999992419], [74,40,-0.007759476041], [76,40,-0.000477972376], [77,40,-0.709752329920], [78,40,-0.999964230390], [79,40,-0.705765124590], [80,40,-0.999985191654], [12,41,-0.002564562592], [27,41,0.707342804860], [28,41,0.706910184666], [30,41,-0.000630794290], [41,41,2.000000000000], [42,41,-0.704320424725], [43,41,-0.000252100437], [44,41,0.708946383809], [45,41,0.999998352021], [27,42,-0.999990897976], [41,42,-0.704320424725], [42,42,2.000000000000], [43,42,0.710059737941], [44,42,0.001327792576], [56,42,0.706774339874], [57,42,-0.999985517283], [58,42,-0.712000900487], [59,42,-0.004720004170], [60,42,-0.708969151358], [27,43,-0.707048977673], [41,43,-0.000252100437], [42,43,0.710059737941], [43,43,2.000000000000], [44,43,0.705083632067], [46,43,0.705150163061], [61,43,0.007065881360], [62,43,0.002285474167], [63,43,-0.703012703069], [27,44,0.002938826282], [41,44,0.708946383809], [42,44,0.001327792576], [43,44,0.705083632067], [44,44,2.000000000000], [56,44,0.706499992937], [61,44,0.704124418613], [64,44,-0.709796703215], [65,44,-0.999998444763], [66,44,-0.707331611299], [12,45,-0.004380028735], [28,45,0.705624927246], [29,45,0.705869908567], [30,45,-0.002446269229], [41,45,0.999998352021], [45,45,2.000000000000], [46,45,-0.710514436321], [47,45,0.707821821764], [48,45,-0.001402654457], [29,46,-0.999978361647], [43,46,0.705150163061], [45,46,-0.710514436321], [46,46,2.000000000000], [47,46,-0.005842538194], [48,46,0.704678538341], [61,46,0.714022806837], [62,46,0.710667750756], [63,46,0.008536425530], [29,47,-0.000735943617], [31,47,0.707187704637], [45,47,0.707821821764], [46,47,-0.005842538194], [47,47,2.000000000000], [48,47,0.705397492489], [62,47,0.707667883504], [67,47,0.003248724894], [68,47,-0.702790549971], [69,47,-0.704461578258], [29,48,-0.709330888804], [45,48,-0.001402654457], [46,48,0.704678538341], [47,48,0.705397492489], [48,48,2.000000000000], [63,48,0.703485425663], [64,48,0.999981978680], [67,48,0.706516565093], [85,48,-0.000009192084], [86,48,-0.999999532236], [87,48,-0.708383016023], [88,48,-0.999999999057], [17,49,-0.001625694621], [20,49,0.000743257156], [33,49,0.003755423315], [36,49,-0.707486494232], [49,49,2.000000000000], [50,49,0.701558726742], [51,49,-0.003192971115], [52,49,0.706651252425], [53,49,0.009308384871], [17,50,-0.713751221006], [35,50,0.710639551084], [49,50,0.701558726742], [50,50,2.000000000000], [51,50,0.710367953113], [53,50,0.706050390642], [70,50,0.704353088701], [73,50,-0.006365457198], [17,51,-0.999988390223], [49,51,-0.003192971115], [50,51,0.710367953113], [51,51,2.000000000000], [71,51,0.999997687044], [73,51,0.708338056292], [91,51,0.000966069832], [20,52,-0.707036597639], [33,52,-0.704903252627], [36,52,-0.999999302446], [49,52,0.706651252425], [52,52,2.000000000000], [53,52,0.714109144122], [70,52,0.703865861156], [71,52,-0.711328078063], [72,52,-0.002600719923], [20,53,-0.999949481320], [33,53,-0.999914667800], [35,53,0.999978865301], [36,53,-0.713281802505], [49,53,0.009308384871], [50,53,0.706050390642], [52,53,0.714109144122], [53,53,2.000000000000], [70,53,-0.005379587726], [73,53,-0.712641582256], [23,54,-0.999991170404], [34,54,-0.712900414186], [37,54,-0.999984543606], [38,54,0.999996137519], [39,54,-0.703545280184], [54,54,2.000000000000], [55,54,0.999999330709], [57,54,0.703895953386], [74,54,0.001788592047], [75,54,-0.002330197453], [23,55,-0.999995363028], [34,55,-0.712088593771], [37,55,-0.999990306972], [39,55,-0.704367010926], [54,55,0.999999330709], [55,55,2.000000000000], [77,55,0.706352897380], [93,55,-0.001771821982], [42,56,0.706774339874], [44,56,0.706499992937], [56,56,2.000000000000], [57,56,-0.710571494898], [58,56,-0.006475427840], [59,56,0.704095208083], [60,56,-0.002167235544], [61,56,0.999994385095], [64,56,-0.002953632110], [65,56,-0.705250734009], [66,56,0.000539752011], [38,57,0.705867435932], [42,57,-0.999985517283], [54,57,0.703895953386], [56,57,-0.710571494898], [57,57,2.000000000000], [58,57,0.708211509493], [59,57,-0.000661939188], [60,57,0.705163330483], [74,57,0.711560941580], [75,57,0.708660950059], [40,58,0.999999992419], [42,58,-0.712000900487], [56,58,-0.006475427840], [57,58,0.708211509493], [58,58,2.000000000000], [59,58,0.705531376612], [60,58,0.999990719566], [74,58,-0.007882604896], [76,58,-0.000354839766], [77,58,-0.709839065474], [78,58,-0.999963181352], [79,58,-0.705677886440], [80,58,-0.999984513973], [42,59,-0.004720004170], [56,59,0.704095208083], [57,59,-0.000661939188], [58,59,0.705531376612], [59,59,2.000000000000], [60,59,0.708577974444], [75,59,0.706018124713], [76,59,0.708928989592], [81,59,-0.003604420050], [82,59,-0.706703082064], [83,59,-0.999999991024], [84,59,-0.709414810623], [42,60,-0.708969151358], [56,60,-0.002167235544], [57,60,0.705163330483], [58,60,0.999990719566], [59,60,0.708577974444], [60,60,2.000000000000], [78,60,0.999990870715], [81,60,0.708181949512], [94,60,0.001489625917], [95,60,-0.002937158890], [96,60,-0.707994107909], [43,61,0.007065881360], [44,61,0.704124418613], [46,61,0.714022806837], [56,61,0.999994385095], [61,61,2.000000000000], [62,61,0.999988573604], [63,61,0.706192133127], [64,61,0.000397456001], [65,61,-0.702870994866], [66,61,0.003890834636], [31,62,0.000908283142], [43,62,0.002285474167], [46,62,0.710667750756], [47,62,0.707667883504], [61,62,0.999988573604], [62,62,2.000000000000], [63,62,0.709568716310], [67,62,0.708840523016], [68,62,0.005291734748], [69,62,0.002940081553], [43,63,-0.703012703069], [46,63,0.008536425530], [48,63,0.703485425663], [61,63,0.706192133127], [62,63,0.709568716310], [63,63,2.000000000000], [64,63,0.707739511444], [67,63,-0.005942653405], [85,63,-0.710716151134], [86,63,-0.702797678856], [87,63,-0.999976092547], [88,63,-0.703454556920], [44,64,-0.709796703215], [48,64,0.999981978680], [56,64,-0.002953632110], [61,64,0.000397456001], [63,64,0.707739511444], [64,64,2.000000000000], [65,64,0.711037928014], [66,64,0.999993898125], [67,64,0.702255158915], [85,64,-0.006012717139], [86,64,-0.999975704151], [87,64,-0.712607707660], [88,64,-0.999981716987], [44,65,-0.999998444763], [56,65,-0.705250734009], [61,65,-0.702870994866], [64,65,0.711037928014], [65,65,2.000000000000], [66,65,0.708577205489], [68,65,0.704201909325], [85,65,0.707416216043], [89,65,-0.003956298560], [90,65,-0.707529142501], [44,66,-0.707331611299], [56,66,0.000539752011], [61,66,0.003890834636], [64,66,0.999993898125], [65,66,0.708577205489], [66,66,2.000000000000], [83,66,0.709631048392], [86,66,0.999993953850], [89,66,0.708431113333], [95,66,0.004564632465], [31,67,-0.704724659113], [47,67,0.003248724894], [48,67,0.706516565093], [62,67,0.708840523016], [63,67,-0.005942653405], [64,67,0.702255158915], [67,67,2.000000000000], [68,67,0.709109897895], [69,67,0.707449778274], [85,67,0.707690010652], [86,67,-0.707200737923], [87,67,-0.000972157532], [88,67,-0.706547301636], [31,68,-0.999980779797], [47,68,-0.702790549971], [62,68,0.005291734748], [65,68,0.704201909325], [67,68,0.709109897895], [68,68,2.000000000000], [69,68,0.999997234817], [85,68,-0.003662005880], [89,68,-0.712780244656], [90,68,-0.999988968155], [31,69,-0.999992595037], [47,69,-0.704461578258], [62,69,0.002940081553], [67,69,0.707449778274], [68,69,0.999997234817], [69,69,2.000000000000], [87,69,0.707451036293], [90,69,0.999997249244], [35,70,0.001121889513], [50,70,0.704353088701], [52,70,0.703865861156], [53,70,-0.005379587726], [70,70,2.000000000000], [71,70,-0.001414864041], [72,70,0.708499954327], [73,70,0.705351880659], [51,71,0.999997687044], [52,71,-0.711328078063], [70,71,-0.001414864041], [71,71,2.000000000000], [72,71,0.704707720262], [73,71,0.709854604666], [91,71,0.003116858532], [52,72,-0.002600719923], [70,72,0.708499954327], [71,72,0.704707720262], [72,72,2.000000000000], [91,72,0.707297809495], [92,72,-0.002938530514], [35,73,-0.708065564189], [50,73,-0.006365457198], [51,73,0.708338056292], [53,73,-0.712641582256], [70,73,0.705351880659], [71,73,0.709854604666], [73,73,2.000000000000], [91,73,0.706557332970], [38,74,0.004567959446], [40,74,-0.007759476041], [54,74,0.001788592047], [57,74,0.711560941580], [58,74,-0.007882604896], [74,74,2.000000000000], [75,74,0.999991517786], [76,74,-0.999966071772], [77,74,0.709937395794], [78,74,-0.000698557325], [79,74,-0.702948201483], [80,74,0.002317423159], [38,75,0.000449182755], [54,75,-0.002330197453], [57,75,0.708660950059], [59,75,0.706018124713], [74,75,0.999991517786], [75,75,2.000000000000], [76,75,0.999991518028], [81,75,0.705644377877], [82,75,0.002109162367], [83,75,-0.706113003422], [84,75,-0.001730985959], [40,76,-0.000477972376], [58,76,-0.000354839766], [59,76,0.708928989592], [74,76,-0.999966071772], [75,76,0.999991518028], [76,76,2.000000000000], [77,76,-0.704111974757], [78,76,0.008935964756], [79,76,0.708783152263], [80,76,0.005920066490], [81,76,0.702720005495], [82,76,-0.002009568458], [83,76,-0.709023477865], [84,76,-0.005849687203], [40,77,-0.709752329920], [55,77,0.706352897380], [58,77,-0.709839065474], [74,77,0.709937395794], [76,77,-0.704111974757], [77,77,2.000000000000], [78,77,0.703768685927], [79,77,0.001852810425], [80,77,0.705908123980], [93,77,0.706607219391], [40,78,-0.999964230390], [58,78,-0.999963181352], [60,78,0.999990870715], [74,78,-0.000698557325], [76,78,0.008935964756], [77,78,0.703768685927], [78,78,2.000000000000], [79,78,0.711731922442], [80,78,0.999995451928], [81,78,0.705158621723], [94,78,-0.002783377997], [95,78,-0.007210108699], [96,78,-0.711005311901], [40,79,-0.705765124590], [58,79,-0.705677886440], [74,79,-0.702948201483], [76,79,0.708783152263], [77,79,0.001852810425], [78,79,0.711731922442], [79,79,2.000000000000], [80,79,0.709610108077], [82,79,0.706849350283], [93,79,0.706295566501], [94,79,0.704429485282], [97,79,-0.002771188509], [98,79,-0.712248267688], [99,79,-0.999987660916], [40,80,-0.999985191654], [58,80,-0.999984513973], [74,80,0.002317423159], [76,80,0.005920066490], [77,80,0.705908123980], [78,80,0.999995451928], [79,80,0.709610108077], [80,80,2.000000000000], [97,80,0.706558318289], [101,80,-0.007530209973], [102,80,-0.002358282961], [59,81,-0.003604420050], [60,81,0.708181949512], [75,81,0.705644377877], [76,81,0.702720005495], [78,81,0.705158621723], [81,81,2.000000000000], [82,81,0.710052908774], [83,81,0.003470439129], [84,81,0.707343644208], [94,81,0.707084118407], [95,81,0.703946887216], [96,81,-0.002777330547], [59,82,-0.706703082064], [75,82,0.002109162367], [76,82,-0.002009568458], [79,82,0.706849350283], [81,82,0.710052908774], [82,82,2.000000000000], [83,82,0.706608282253], [84,82,0.999992626630], [93,82,-0.001510569207], [94,82,-0.004143120431], [97,82,-0.709320215098], [98,82,-0.999970648171], [99,82,-0.703326657701], [59,83,-0.999999991024], [66,83,0.709631048392], [75,83,-0.706113003422], [76,83,-0.709023477865], [81,83,0.003470439129], [82,83,0.706608282253], [83,83,2.000000000000], [84,83,0.709320375091], [86,83,0.707176678868], [89,83,0.005450875071], [95,83,0.707805335059], [59,84,-0.709414810623], [75,84,-0.001730985959], [76,84,-0.005849687203], [81,84,0.707343644208], [82,84,0.999992626630], [83,84,0.709320375091], [84,84,2.000000000000], [96,84,0.708831639657], [98,84,0.999992697316], [100,84,0.000357735942], [101,84,0.007459831444], [48,85,-0.000009192084], [63,85,-0.710716151134], [64,85,-0.006012717139], [65,85,0.707416216043], [67,85,0.707690010652], [68,85,-0.003662005880], [85,85,2.000000000000], [86,85,-0.000958035126], [87,85,0.705834750231], [88,85,-0.000034240672], [89,85,0.703992929581], [90,85,-0.001035190221], [48,86,-0.999999532236], [63,86,-0.702797678856], [64,86,-0.999975704151], [66,86,0.999993953850], [67,86,-0.707200737923], [83,86,0.707176678868], [85,86,-0.000958035126], [86,86,2.000000000000], [87,86,0.707699988393], [88,86,0.999999573302], [89,86,0.710881104494], [95,86,0.001087247902], [48,87,-0.708383016023], [63,87,-0.999976092547], [64,87,-0.712607707660], [67,87,-0.000972157532], [69,87,0.707451036293], [85,87,0.705834750231], [86,87,0.707699988393], [87,87,2.000000000000], [88,87,0.708352359290], [90,87,0.709106821637], [48,88,-0.999999999057], [63,88,-0.703454556920], [64,88,-0.999981716987], [67,88,-0.706547301636], [85,88,-0.000034240672], [86,88,0.999999573302], [87,88,0.708352359290], [88,88,2.000000000000], [99,88,0.704553548729], [102,88,0.000175139306], [65,89,-0.003956298560], [66,89,0.708431113333], [68,89,-0.712780244656], [83,89,0.005450875071], [85,89,0.703992929581], [86,89,0.710881104494], [89,89,2.000000000000], [90,89,0.709477833332], [95,89,-0.702538883589], [65,90,-0.707529142501], [68,90,-0.999988968155], [69,90,0.999997249244], [85,90,-0.001035190221], [87,90,0.709106821637], [89,90,0.709477833332], [90,90,2.000000000000], [51,91,0.000966069832], [71,91,0.003116858532], [72,91,0.707297809495], [73,91,0.706557332970], [91,91,2.000000000000], [92,91,0.704834232960], [72,92,-0.002938530514], [91,92,0.704834232960], [92,92,2.000000000000], [55,93,-0.001771821982], [77,93,0.706607219391], [79,93,0.706295566501], [82,93,-0.001510569207], [93,93,2.000000000000], [94,93,0.999996534809], [97,93,0.705957069905], [98,93,-0.006151241399], [99,93,-0.709803569048], [60,94,0.001489625917], [78,94,-0.002783377997], [79,94,0.704429485282], [81,94,0.707084118407], [82,94,-0.004143120431], [93,94,0.999996534809], [94,94,2.000000000000], [95,94,0.999990201783], [96,94,0.705162909669], [97,94,0.707819146046], [98,94,-0.003518710428], [99,94,-0.707946735431], [60,95,-0.002937158890], [66,95,0.004564632465], [78,95,-0.007210108699], [81,95,0.703946887216], [83,95,0.707805335059], [86,95,0.001087247902], [89,95,-0.702538883589], [94,95,0.999990201783], [95,95,2.000000000000], [96,95,0.708294784528], [60,96,-0.707994107909], [78,96,-0.711005311901], [81,96,-0.002777330547], [84,96,0.708831639657], [94,96,0.705162909669], [95,96,0.708294784528], [96,96,2.000000000000], [98,96,0.711522198146], [100,96,0.705631234355], [101,96,0.710645842405], [79,97,-0.002771188509], [80,97,0.706558318289], [82,97,-0.709320215098], [93,97,0.705957069905], [94,97,0.707819146046], [97,97,2.000000000000], [98,97,0.703898714273], [99,97,-0.002196523752], [101,97,0.702314222772], [102,97,0.705986586746], [79,98,-0.712248267688], [82,98,-0.999970648171], [84,98,0.999992697316], [93,98,-0.006151241399], [94,98,-0.003518710428], [96,98,0.711522198146], [97,98,0.703898714273], [98,98,2.000000000000], [99,98,0.708752515289], [100,98,0.004179423001], [101,98,0.011281360545], [79,99,-0.999987660916], [82,99,-0.703326657701], [88,99,0.704553548729], [93,99,-0.709803569048], [94,99,-0.707946735431], [97,99,-0.002196523752], [98,99,0.708752515289], [99,99,2.000000000000], [102,99,0.709774211638], [84,100,0.000357735942], [96,100,0.705631234355], [98,100,0.004179423001], [100,100,2.000000000000], [101,100,0.999974779734], [80,101,-0.007530209973], [84,101,0.007459831444], [96,101,0.710645842405], [97,101,0.702314222772], [98,101,0.011281360545], [100,101,0.999974779734], [101,101,2.000000000000], [102,101,0.999986625259], [80,102,-0.002358282961], [88,102,0.000175139306], [97,102,0.705986586746], [99,102,0.709774211638], [101,102,0.999986625259], [102,102,2.000000000000], ]
},
"Minv": {
"shape": [147, 147],
"data": [[0,0,1.000000000000], [1,1,1.000000000000], [2,2,2.000000000000], [3,3,1.000000000000], [4,4,1.000000000000], [5,5,2.000000000000], [6,6,1.000000000000], [7,7,1.000000000000], [8,8,2.000000000000], [9,9,1.000000000000], [10,10,1.000000000000], [11,11,2.000000000000], [12,12,1.000000000000], [13,13,1.000000000000], [14,14,2.000000000000], [15,15,1.000000000000], [16,16,1.000000000000], [17,17,2.000000000000], [18,18,1.000000000000], [19,19,1.000000000000], [20,20,2.000000000000], [21,21,1.000000000000], [22,22,1.000000000000], [23,23,2.000000000000], [24,24,1.000000000000], [25,25,1.000000000000], [26,26,2.000000000000], [27,27,1.000000000000], [28,28,1.000000000000], [29,29,2.000000000000], [30,30,1.000000000000], [31,31,1.000000000000], [32,32,2.000000000000], [33,33,1.000000000000], [34,34,1.000000000000], [35,35,2.000000000000], [36,36,1.000000000000], [37,37,1.000000000000], [38,38,2.000000000000], [39,39,1.000000000000], [40,40,1.000000000000], [41,41,2.000000000000], [42,42,1.000000000000], [43,43,1.000000000000], [44,44,2.000000000000], [45,45,1.000000000000], [46,46,1.000000000000], [47,47,2.000000000000], [48,48,1.000000000000], [49,49,1.000000000000], [50,50,2.000000000000], [51,51,1.000000000000], [52,52,1.000000000000], [53,53,2.000000000000], [54,54,1.000000000000], [55,55,1.000000000000], [56,56,2.000000000000], [57,57,1.000000000000], [58,58,1.000000000000], [59,59,2.000000000000], [60,60,1.000000000000], [61,61,1.000000000000], [62,62,2.000000000000], [63,63,1.000000000000], [64,64,1.000000000000], [65,65,2.000000000000], [66,66,1.000000000000], [67,67,1.000000000000], [68,68,2.000000000000], [69,69,1.000000000000], [70,70,1.000000000000], [71,71,2.000000000000], [72,72,1.000000000000], [73,73,1.000000000000], [74,74,2.000000000000], [75,75,1.000000000000], [76,76,1.000000000000], [77,77,2.000000000000], [78,78,1.000000000000], [79,79,1.000000000000], [80,80,2.000000000000], [81,81,1.000000000000], [82,82,1.000000000000], [83,83,2.000000000000], [84,84,1.000000000000], [85,85,1.000000000000], [86,86,2.000000000000], [87,87,1.000000000000], [88,88,1.000000000000], [89,89,2.000000000000], [90,90,1.000000000000], [91,91,1.000000000000], [92,92,2.000000000000], [93,93,1.000000000000], [94,94,1.000000000000], [95,95,2.000000000000], [96,96,1.000000000000], [97,97,1.000000000000], [98,98,2.000000000000], [99,99,1.000000000000], [100,100,1.000000000000], [101,101,2.000000000000], [102,102,1.000000000000], [103,103,1.000000000000], [104,104,2.000000000000], [105,105,1.000000000000], [106,106,1.000000000000], [107,107,2.000000000000], [108,108,1.000000000000], [109,109,1.000000000000], [110,110,2.000000000000], [111,111,1.000000000000], [112,112,1.000000000000], [113,113,2.000000000000], [114,114,1.000000000000], [115,115,1.000000000000], [116,116,2.000000000000], [117,117,1.000000000000], [118,118,1.000000000000], [119,119,2.000000000000], [120,120,1.000000000000], [121,121,1.000000000000], [122,122,2.000000000000], [123,123,1.000000000000], [124,124,1.000000000000], [125,125,2.000000000000], [126,126,1.000000000000], [127,127,1.000000000000], [128,128,2.000000000000], [129,129,1.000000000000], [130,130,1.000000000000], [131,131,2.000000000000], [132,132,1.000000000000], [133,133,1.000000000000], [134,134,2.000000000000], [135,135,1.000000000000], [136,136,1.000000000000], [137,137,2.000000000000], [138,138,1.000000000000], [139,139,1.000000000000], [140,140,2.000000000000], [141,141,1.000000000000], [142,142,1.000000000000], [143,143,2.000000000000], [144,144,1.000000000000], [145,145,1.000000000000], [146,146,2.000000000000], ]
},
"v0": {
"shape": [147, 1],
