{
"N": {
"shape": [147, 111],
"data": [[0,0,0.003086660500], [1,0,-0.999995236252], [3,0,-0.003086660500], [4,0,0.999995236252], [3,1,-0.707153255858], [4,1,0.707060303460], [21,1,0.707153255858], [22,1,-0.707060303460], [6,2,0.002497116111], [7,2,-0.999996882201], [9,2,-0.002497116111], [10,2,0.999996882201], [6,3,0.000650010488], [7,3,-0.999999788743], [12,3,-0.000650010488], [13,3,0.999999788743], [6,4,-0.709167507032], [7,4,-0.705040032176], [30,4,0.709167507032], [31,4,0.705040032176], [9,5,-0.001210490162], [10,5,-0.999999267357], [12,5,0.001210490162], [13,5,0.999999267357], [9,6,-0.000299910379], [10,6,-0.999999955027], [15,6,0.000299910379], [16,6,0.999999955027], [9,7,-0.707342261936], [10,7,-0.706871221991], [33,7,0.707342261936], [34,7,0.706871221991], [12,8,0.002513170023], [13,8,-0.999996841983], [18,8,-0.002513170023], [19,8,0.999996841983], [15,9,0.004426977216], [16,9,-0.999990200888], [18,9,-0.004426977216], [19,9,0.999990200888], [15,10,-0.704438424401], [16,10,0.709765106375], [33,10,0.704438424401], [34,10,-0.709765106375], [18,11,-0.709581831190], [19,11,0.704623037407], [36,11,0.709581831190], [37,11,-0.704623037407], [18,12,-0.999989977037], [19,12,-0.004477256513], [39,12,0.999989977037], [40,12,0.004477256513], [18,13,-0.999996768020], [19,13,-0.002542429686], [60,13,0.999996768020], [61,13,0.002542429686], [21,14,-0.000799284572], [22,14,-0.999999680572], [27,14,0.000799284572], [28,14,0.999999680572], [21,15,-0.999979103963], [22,15,0.006464645147], [42,15,0.999979103963], [43,15,-0.006464645147], [21,16,-0.705397335621], [22,16,-0.708812104086], [45,16,0.705397335621], [46,16,0.708812104086], [21,17,-0.999997453246], [22,17,0.002256878687], [63,17,0.999997453246], [64,17,-0.002256878687], [24,18,-0.002163708408], [25,18,-0.999997659180], [27,18,0.002163708408], [28,18,0.999997659180], [24,19,-0.001878871438], [25,19,-0.999998234920], [30,19,0.001878871438], [31,19,0.999998234920], [24,20,-0.999997888886], [25,20,-0.002054805076], [45,20,0.999997888886], [46,20,0.002054805076], [24,21,-0.708076552452], [25,21,-0.706135678087], [48,21,0.708076552452], [49,21,0.706135678087], [24,22,-0.999999572894], [25,22,-0.000924235508], [66,22,0.999999572894], [67,22,0.000924235508], [27,23,-0.001594915706], [28,23,-0.999998728121], [30,23,0.001594915706], [31,23,0.999998728121], [27,24,-0.707455411385], [28,24,0.706757979015], [45,24,0.707455411385], [46,24,-0.706757979015], [27,25,-0.999990925064], [28,25,-0.004260257043], [48,25,0.999990925064], [49,25,0.004260257043], [27,26,-0.999999993284], [28,26,0.000115893469], [69,26,0.999999993284], [70,26,-0.000115893469], [30,27,-0.999975426640], [31,27,-0.007010429044], [51,27,0.999975426640], [52,27,0.007010429044], [30,28,-0.999994949691], [31,28,-0.003178142930], [72,28,0.999994949691], [73,28,0.003178142930], [33,29,-0.003295867986], [34,29,-0.999994568612], [36,29,0.003295867986], [37,29,0.999994568612], [33,30,-0.705230698153], [34,30,-0.708977899785], [57,30,0.705230698153], [58,30,0.708977899785], [36,31,-0.705633955184], [37,31,0.708576545824], [54,31,0.705633955184], [55,31,-0.708576545824], [36,32,-0.999999572581], [37,32,-0.000924573964], [57,32,0.999999572581], [58,32,0.000924573964], [36,33,-0.708014213222], [37,33,-0.706198183144], [60,33,0.708014213222], [61,33,0.706198183144], [36,34,-0.999999525422], [37,34,-0.000974246658], [78,34,0.999999525422], [79,34,0.000974246658], [42,35,-0.999998102910], [43,35,-0.001947864417], [63,35,0.999998102910], [64,35,0.001947864417], [42,36,-0.704489180191], [43,36,-0.709714727897], [66,36,0.704489180191], [67,36,0.709714727897], [45,37,-0.005936684006], [46,37,-0.999982377736], [48,37,0.005936684006], [49,37,0.999982377736], [45,38,-0.707167766699], [46,38,0.707045790414], [63,38,0.707167766699], [64,38,-0.707045790414], [45,39,-0.999999980419], [46,39,0.000197895680], [66,39,0.999999980419], [67,39,-0.000197895680], [45,40,-0.712308601389], [46,40,-0.701866409218], [69,40,0.712308601389], [70,40,0.701866409218], [48,41,-0.707194637661], [49,41,0.707018913795], [66,41,0.707194637661], [67,41,-0.707018913795], [48,42,-0.999989944424], [49,42,0.004484534671], [69,42,0.999989944424], [70,42,-0.004484534671], [48,43,-0.999995145297], [49,43,0.003115988115], [90,43,0.999995145297], [91,43,-0.003115988115], [51,44,0.000112449937], [52,44,-0.999999993678], [57,44,-0.000112449937], [58,44,0.999999993678], [51,45,-0.707232914639], [52,45,0.706980625231], [69,45,0.707232914639], [70,45,-0.706980625231], [51,46,-0.999999799218], [52,46,0.000633690327], [72,46,0.999999799218], [73,46,-0.000633690327], [51,47,-0.999999750633], [52,47,-0.000706211343], [93,47,0.999999750633], [94,47,0.000706211343], [54,48,0.002824174548], [55,48,-0.999996012011], [57,48,-0.002824174548], [58,48,0.999996012011], [54,49,-0.000318669746], [55,49,-0.999999949225], [60,49,0.000318669746], [61,49,0.999999949225], [54,50,-0.705584712531], [55,50,-0.708625580573], [78,50,0.705584712531], [79,50,0.708625580573], [57,51,-0.707933162283], [58,51,0.706279433185], [75,51,0.707933162283], [76,51,-0.706279433185], [57,52,-0.999999476173], [58,52,-0.001023549508], [78,52,0.999999476173], [79,52,0.001023549508], [60,53,-0.708890142460], [61,53,0.705318910794], [78,53,0.708890142460], [79,53,-0.705318910794], [60,54,-0.999989998936], [61,54,0.004472362632], [81,54,0.999989998936], [82,54,-0.004472362632], [66,55,-0.704669047104], [67,55,0.709536140062], [84,55,0.704669047104], [85,55,-0.709536140062], [66,56,-0.709254088131], [67,56,-0.704952933514], [90,56,0.709254088131], [91,56,0.704952933514], [69,57,0.006068813044], [70,57,-0.999981584585], [72,57,-0.006068813044], [73,57,0.999981584585], [69,58,0.000367588368], [70,58,-0.999999932439], [75,58,-0.000367588368], [76,58,0.999999932439], [69,59,-0.999998493024], [70,59,0.001736073280], [90,59,0.999998493024], [91,59,-0.001736073280], [69,60,-0.704489230463], [70,60,-0.709714677995], [93,60,0.704489230463], [94,60,0.709714677995], [72,61,-0.005373295599], [73,61,-0.999985563743], [75,61,0.005373295599], [76,61,0.999985563743], [72,62,-0.002886264908], [73,62,-0.999995834729], [78,62,0.002886264908], [79,62,0.999995834729], [72,63,-0.999997922609], [73,63,-0.002038326956], [93,63,0.999997922609], [94,63,0.002038326956], [72,64,-0.706135183207], [73,64,-0.708077045975], [96,64,0.706135183207], [97,64,0.708077045975], [75,65,-0.000414285656], [76,65,-0.999999914184], [78,65,0.000414285656], [79,65,0.999999914184], [75,66,-0.708648803695], [76,66,0.705561388556], [93,66,0.708648803695], [94,66,-0.705561388556], [75,67,-0.999993569353], [76,67,-0.003586258923], [96,67,0.999993569353], [97,67,0.003586258923], [75,68,-0.999999839177], [76,68,-0.000567139083], [117,68,0.999999839177], [118,68,0.000567139083], [78,69,-0.704442319266], [79,69,0.709761240719], [96,69,0.704442319266], [97,69,-0.709761240719], [84,70,-0.003161523080], [85,70,-0.999995002373], [87,70,0.003161523080], [88,70,0.999995002373], [84,71,0.000163925222], [85,71,-0.999999986564], [90,71,-0.000163925222], [91,71,0.999999986564], [84,72,-0.999990743918], [85,72,0.004302566488], [105,72,0.999990743918], [106,72,-0.004302566488], [84,73,-0.707066141019], [85,73,-0.707147419018], [108,73,0.707066141019], [109,73,0.707147419018], [84,74,-0.999997977933], [85,74,0.002011002307], [126,74,0.999997977933], [127,74,-0.002011002307], [87,75,-0.707602086390], [88,75,0.706611128795], [105,75,0.707602086390], [106,75,-0.706611128795], [87,76,-0.999983412081], [88,76,-0.005759823209], [108,76,0.999983412081], [109,76,0.005759823209], [87,77,-0.702971338273], [88,77,-0.711218178597], [111,77,0.702971338273], [112,77,0.711218178597], [87,78,-0.999995999884], [88,78,-0.002828465172], [129,78,0.999995999884], [130,78,0.002828465172], [93,79,-0.706662982713], [94,79,-0.707550301295], [117,79,0.706662982713], [118,79,0.707550301295], [96,80,-0.002200007187], [97,80,-0.999997579981], [99,80,0.002200007187], [100,80,0.999997579981], [96,81,-0.999997061635], [97,81,0.002424195126], [117,81,0.999997061635], [118,81,-0.002424195126], [96,82,-0.711013050380], [97,82,-0.703178812386], [120,82,0.711013050380], [121,82,0.703178812386], [99,83,-0.707779414272], [100,83,0.706433507652], [117,83,0.707779414272], [118,83,-0.706433507652], [99,84,-0.999999580419], [100,84,-0.000916058063], [120,84,0.999999580419], [121,84,0.000916058063], [99,85,-0.707241314485], [100,85,-0.706972222287], [123,85,0.707241314485], [124,85,0.706972222287], [99,86,-0.999999123665], [100,86,0.001323884322], [141,86,0.999999123665], [142,86,-0.001323884322], [102,87,-0.706816003273], [103,87,0.707397439575], [120,87,0.706816003273], [121,87,-0.707397439575], [102,88,-0.999983469823], [103,88,0.005749789610], [123,88,0.999983469823], [124,88,-0.005749789610], [102,89,-0.999996818038], [103,89,0.002522680085], [144,89,0.999996818038], [145,89,-0.002522680085], [105,90,0.003219696559], [106,90,-0.999994816764], [108,90,-0.003219696559], [109,90,0.999994816764], [105,91,0.002947322487], [106,91,-0.999995656636], [111,91,-0.002947322487], [112,91,0.999995656636], [105,92,-0.999999954666], [106,92,-0.000301110306], [126,92,0.999999954666], [127,92,0.000301110306], [105,93,-0.703579988439], [106,93,-0.710616070651], [129,93,0.703579988439], [130,93,0.710616070651], [108,94,-0.999999994928], [109,94,0.000100719476], [129,94,0.999999994928], [130,94,-0.000100719476], [111,95,-0.007265870044], [112,95,-0.999973603218], [114,95,0.007265870044], [115,95,0.999973603218], [111,96,-0.001357277745], [112,96,-0.999999078898], [117,96,0.001357277745], [118,96,0.999999078898], [111,97,-0.707138856082], [112,97,0.707074704836], [129,97,0.707138856082], [130,97,-0.707074704836], [111,98,-0.999970495543], [112,98,0.007681669368], [132,98,0.999970495543], [133,98,-0.007681669368], [114,99,0.004583356763], [115,99,-0.999989496365], [117,99,-0.004583356763], [118,99,0.999989496365], [114,100,-0.702606139467], [115,100,0.711578957519], [132,100,0.702606139467], [133,100,-0.711578957519], [114,101,-0.999977885372], [115,101,0.006650471187], [135,101,0.999977885372], [136,101,-0.006650471187], [117,102,0.001109958504], [118,102,-0.999999383996], [123,102,-0.001109958504], [124,102,0.999999383996], [117,103,-0.709404095792], [118,103,-0.704801978483], [141,103,0.709404095792], [142,103,0.704801978483], [120,104,0.007744619386], [121,104,-0.999970009986], [123,104,-0.007744619386], [124,104,0.999970009986], [120,105,-0.999993576853], [121,105,0.003584166820], [141,105,0.999993576853], [142,105,-0.003584166820], [123,106,-0.708554330690], [124,106,0.705656262256], [141,106,0.708554330690], [142,106,-0.705656262256], [129,107,0.000838051085], [130,107,-0.999999648835], [135,107,-0.000838051085], [136,107,0.999999648835], [132,108,0.004341653360], [133,108,-0.999990574979], [135,108,-0.004341653360], [136,108,0.999990574979], [132,109,0.000913068647], [133,109,-0.999999583153], [138,109,-0.000913068647], [139,109,0.999999583153], [138,110,-0.002566176493], [139,110,-0.999996707364], [141,110,0.002566176493], [142,110,0.999996707364], ]
},
"Q": {
"shape": [111, 111],
"data": [[0,0,2.000000000000], [1,0,0.709239677226], [0,1,0.709239677226], [1,1,2.000000000000], [14,1,0.706494860919], [15,1,-0.711709373117], [16,1,0.002348878854], [17,1,-0.708747204242], [2,2,2.000000000000], [3,2,0.999998294096], [4,2,0.703266960395], [5,2,-0.999993126825], [6,2,-0.999996088317], [7,2,-0.705102702350], [2,3,0.999998294096], [3,3,2.000000000000], [4,3,0.704578916914], [5,3,0.999998269269], [8,3,-0.999998264314], [2,4,0.703266960395], [3,4,0.704578916914], [4,4,2.000000000000], [19,4,0.706371222297], [23,4,0.706170197845], [27,4,-0.714092713522], [28,4,-0.711404643511], [2,5,-0.999993126825], [3,5,0.999998269269], [5,5,2.000000000000], [6,5,0.999999585422], [7,5,0.707726934955], [8,5,-0.999993067174], [2,6,-0.999996088317], [5,6,0.999999585422], [6,6,2.000000000000], [7,6,0.707083329487], [9,6,-0.999988828219], [10,6,0.709553806060], [2,7,-0.705102702350], [5,7,0.707726934955], [6,7,0.707083329487], [7,7,2.000000000000], [10,7,-0.003433459560], [29,7,-0.709198689416], [30,7,-0.999995551604], [3,8,-0.999998264314], [5,8,-0.999993067174], [8,8,2.000000000000], [9,8,0.999998168649], [11,8,0.706404111983], [12,8,-0.001964097540], [13,8,-0.000029259756], [6,9,-0.999988828219], [8,9,0.999998168649], [9,9,2.000000000000], [10,9,-0.712876684163], [11,9,0.707757435327], [12,9,-0.000050279795], [13,9,0.001884558136], [6,10,0.709553806060], [7,10,-0.003433459560], [9,10,-0.712876684163], [10,10,2.000000000000], [29,10,0.707439515315], [30,10,0.006416172613], [8,11,0.706404111983], [9,11,0.707757435327], [11,11,2.000000000000], [12,11,0.706419940994], [13,11,0.707788083308], [29,11,-0.702280522286], [31,11,-0.999984392023], [32,11,-0.708930051786], [33,11,-0.004790513108], [34,11,-0.708895017798], [8,12,-0.001964097540], [9,12,-0.000050279795], [11,12,0.706419940994], [12,12,2.000000000000], [13,12,0.999998128200], [8,13,-0.000029259756], [9,13,0.001884558136], [11,13,0.707788083308], [12,13,0.999998128200], [13,13,2.000000000000], [33,13,0.709807384159], [49,13,0.002861098273], [53,13,-0.707094627605], [54,13,-0.999975396321], [1,14,0.706494860919], [14,14,2.000000000000], [15,14,-0.005665375213], [16,14,0.709375690879], [17,14,-0.001457595430], [18,14,0.999999069172], [23,14,-0.999999683485], [24,14,0.706192295061], [25,14,-0.005059533000], [26,14,-0.000683391134], [1,15,-0.711709373117], [14,15,-0.005665375213], [15,15,2.000000000000], [16,15,0.700800376883], [17,15,0.999991147182], [35,15,-0.999964614661], [36,15,-0.699886405287], [1,16,0.002348878854], [14,16,0.709375690879], [15,16,0.700800376883], [16,16,2.000000000000], [17,16,0.703795836217], [20,16,0.706852317156], [24,16,-0.001921447924], [37,16,-0.712987334293], [38,16,0.002328355922], [39,16,-0.705257050954], [40,16,-0.999951995864], [1,17,-0.708747204242], [14,17,-0.001457595430], [15,17,0.999991147182], [16,17,0.703795836217], [17,17,2.000000000000], [35,17,0.999991160068], [38,17,0.708761682292], [14,18,0.999999069172], [18,18,2.000000000000], [19,18,0.999999959434], [20,18,0.004218504106], [21,18,0.707666096341], [22,18,0.003087940828], [23,18,-0.999999838237], [24,18,0.705225597400], [25,18,-0.006423935843], [26,18,-0.002047815196], [4,19,0.706371222297], [18,19,0.999999959434], [19,19,2.000000000000], [20,19,0.003933668920], [21,19,0.707464816511], [22,19,0.002803104512], [23,19,0.999999959684], [27,19,-0.008889241938], [28,19,-0.005056999270], [16,20,0.706852317156], [18,20,0.004218504106], [19,20,0.003933668920], [20,20,2.000000000000], [21,20,0.709526028797], [22,20,0.999999360905], [24,20,0.706001667983], [37,20,-0.007991440338], [38,20,-0.705713432508], [39,20,-0.999997462667], [40,20,-0.713749296284], [18,21,0.707666096341], [19,21,0.707464816511], [20,21,0.709526028797], [21,21,2.000000000000], [22,21,0.708728885695], [25,21,0.711078446198], [37,21,0.710326861122], [41,21,-0.001496660835], [42,21,-0.704902742403], [43,21,-0.705872804570], [18,22,0.003087940828], [19,22,0.002803104512], [20,22,0.999999360905], [21,22,0.708728885695], [22,22,2.000000000000], [36,22,0.705144822851], [39,22,0.999999370411], [41,22,0.706540883630], [55,22,-0.704012967641], [56,22,-0.709905327737], [4,23,0.706170197845], [14,23,-0.999999683485], [18,23,-0.999999838237], [19,23,0.999999959684], [23,23,2.000000000000], [24,23,-0.705628748358], [25,23,0.005855152857], [26,23,0.001479022374], [27,23,-0.008605296641], [28,23,-0.004773046539], [14,24,0.706192295061], [16,24,-0.001921447924], [18,24,0.705225597400], [20,24,0.706001667983], [23,24,-0.705628748358], [24,24,2.000000000000], [25,24,0.704438020615], [26,24,0.707537315268], [37,24,0.702545585114], [38,24,-0.999999917213], [39,24,-0.707595261883], [40,24,-0.007876889711], [14,25,-0.005059533000], [18,25,-0.006423935843], [21,25,0.711078446198], [23,25,0.005855152857], [24,25,0.704438020615], [25,25,2.000000000000], [26,25,0.999990424612], [37,25,0.010196812098], [41,25,-0.704176137608], [42,25,-0.999961764308], [43,25,-0.999972795495], [14,26,-0.000683391134], [18,26,-0.002047815196], [23,26,0.001479022374], [24,26,0.707537315268], [25,26,0.999990424612], [26,26,2.000000000000], [40,26,0.712227254872], [42,26,0.999990457437], [45,26,0.707314844326], [57,26,0.006184704338], [58,26,0.000483481827], [59,26,-0.999998687508], [60,26,-0.704406974436], [4,27,-0.714092713522], [19,27,-0.008889241938], [23,27,-0.008605296641], [27,27,2.000000000000], [28,27,0.999992656601], [44,27,-0.006897981826], [45,27,-0.702259298041], [46,27,-0.999970783423], [47,27,-0.999980128124], [4,28,-0.711404643511], [19,28,-0.005056999270], [23,28,-0.004773046539], [27,28,0.999992656601], [28,28,2.000000000000], [46,28,0.999992734952], [57,28,-0.002890697992], [61,28,-0.008551365512], [62,28,-0.006064380024], [63,28,-0.999999350405], [64,28,-0.708381987064], [7,29,-0.709198689416], [10,29,0.707439515315], [11,29,-0.702280522286], [29,29,2.000000000000], [30,29,0.711298396332], [31,29,0.706247020907], [32,29,-0.004220435520], [33,29,-0.708527868887], [34,29,-0.004270107789], [7,30,-0.999995551604], [10,30,0.006416172613], [29,30,0.711298396332], [30,30,2.000000000000], [32,30,0.705885899232], [44,30,0.708898592154], [48,30,0.706983377800], [51,30,0.001480310918], [52,30,-0.705956002714], [11,31,-0.999984392023], [29,31,0.706247020907], [31,31,2.000000000000], [32,31,0.704978522157], [33,31,-0.000796599677], [34,31,0.704943291973], [48,31,0.710566553485], [49,31,0.708351645652], [50,31,0.004230934744], [11,32,-0.708930051786], [29,32,-0.004220435520], [30,32,0.705885899232], [31,32,0.704978522157], [32,32,2.000000000000], [33,32,0.708666843057], [34,32,0.999999998766], [44,32,0.000812124069], [48,32,-0.001899603064], [51,32,-0.707279852124], [52,32,-0.999999995102], [11,33,-0.004790513108], [13,33,0.709807384159], [29,33,-0.708527868887], [31,33,-0.000796599677], [32,33,0.708666843057], [33,33,2.000000000000], [34,33,0.708701888434], [49,33,0.706423769996], [53,33,-0.003809363135], [54,33,-0.704848757961], [11,34,-0.708895017798], [29,34,-0.004270107789], [31,34,0.704943291973], [32,34,0.999999998766], [33,34,0.708701888434], [34,34,2.000000000000], [50,34,0.706274753780], [52,34,0.999999998785], [53,34,0.708202651444], [62,34,0.003860506138], [65,34,0.001388532034], [69,34,-0.703750502436], [15,35,-0.999964614661], [17,35,0.999991160068], [35,35,2.000000000000], [36,35,0.705870271776], [38,35,0.705789195802], [15,36,-0.699886405287], [22,36,0.705144822851], [35,36,0.705870271776], [36,36,2.000000000000], [39,36,0.704348716917], [41,36,-0.003570765501], [55,36,0.007136529277], [56,36,-0.999977310483], [16,37,-0.712987334293], [20,37,-0.007991440338], [21,37,0.710326861122], [24,37,0.702545585114], [25,37,0.010196812098], [37,37,2.000000000000], [38,37,-0.702835099097], [39,37,0.005738791697], [40,37,0.706082791823], [41,37,0.702808063427], [42,37,-0.001452168666], [43,37,-0.002820721980], [16,38,0.002328355922], [17,38,0.708761682292], [20,38,-0.705713432508], [24,38,-0.999999917213], [35,38,0.705789195802], [37,38,-0.702835099097], [38,38,2.000000000000], [39,38,0.707307674159], [40,38,0.007469992774], [16,39,-0.705257050954], [20,39,-0.999997462667], [22,39,0.999999370411], [24,39,-0.707595261883], [36,39,0.704348716917], [37,39,0.005738791697], [38,39,0.707307674159], [39,39,2.000000000000], [40,39,0.712169691110], [41,39,0.707334539802], [55,39,-0.704809447443], [56,39,-0.709114567102], [16,40,-0.999951995864], [20,40,-0.713749296284], [24,40,-0.007876889711], [26,40,0.712227254872], [37,40,0.706082791823], [38,40,0.007469992774], [39,40,0.712169691110], [40,40,2.000000000000], [42,40,0.709153894469], [45,40,0.007562135465], [57,40,-0.697530616324], [58,40,-0.701604525443], [59,40,-0.711089036437], [60,40,-0.999938631058], [21,41,-0.001496660835], [22,41,0.706540883630], [25,41,-0.704176137608], [36,41,-0.003570765501], [37,41,0.702808063427], [39,41,0.707334539802], [41,41,2.000000000000], [42,41,0.710358177244], [43,41,0.709394266974], [55,41,-0.999993642482], [56,41,-0.003165630536], [21,42,-0.704902742403], [25,42,-0.999961764308], [26,42,0.999990457437], [37,42,-0.001452168666], [40,42,0.709153894469], [41,42,0.710358177244], [42,42,2.000000000000], [43,42,0.999999063527], [45,42,0.710396282130], [57,42,0.010553204105], [58,42,0.004852119040], [59,42,-0.999996222943], [60,42,-0.701299406338], [21,43,-0.705872804570], [25,43,-0.999972795495], [37,43,-0.002820721980], [41,43,0.709394266974], [42,43,0.999999063527], [43,43,2.000000000000], [56,43,0.707054019950], [59,43,0.999999047912], [71,43,-0.003279912499], [27,44,-0.006897981826], [30,44,0.708898592154], [32,44,0.000812124069], [44,44,2.000000000000], [45,44,-0.707060149058], [46,44,-0.000746140238], [47,44,0.000593761429], [48,44,0.999996323267], [51,44,0.706359035759], [52,44,-0.000911099623], [26,45,0.707314844326], [27,45,-0.702259298041], [40,45,0.007562135465], [42,45,0.710396282130], [44,45,-0.707060149058], [45,45,2.000000000000], [46,45,0.707680779423], [47,45,0.706733460542], [57,45,0.711259670227], [58,45,0.707240548059], [59,45,-0.708459219028], [60,45,0.003516554992], [27,46,-0.999970783423], [28,46,0.999992734952], [44,46,-0.000746140238], [45,46,0.707680779423], [46,46,2.000000000000], [47,46,0.999999102332], [57,46,-0.006702490484], [61,46,-0.004739613341], [62,46,-0.002252576641], [63,46,-0.999996430160], [64,46,-0.705686339853], [27,47,-0.999980128124], [44,47,0.000593761429], [45,47,0.706733460542], [46,47,0.999999102332], [47,47,2.000000000000], [60,47,0.704990263342], [63,47,0.999999112732], [66,47,0.708150351526], [79,47,-0.707162486543], [30,48,0.706983377800], [31,48,0.710566553485], [32,48,-0.001899603064], [44,48,0.999996323267], [48,48,2.000000000000], [49,48,0.999995061257], [50,48,0.706630060195], [51,48,0.708275943369], [52,48,0.001800627643], [13,49,0.002861098273], [31,49,0.708351645652], [33,49,0.706423769996], [48,49,0.999995061257], [49,49,2.000000000000], [50,49,0.708850393094], [53,49,0.705092973139], [54,49,0.004153695846], [31,50,0.004230934744], [34,50,0.706274753780], [48,50,0.706630060195], [49,50,0.708850393094], [50,50,2.000000000000], [52,50,0.706309656291], [53,50,0.000375024733], [62,50,0.710659133351], [65,50,0.708917833387], [69,50,0.005911239938], [30,51,0.001480310918], [32,51,-0.707279852124], [44,51,0.706359035759], [48,51,0.708275943369], [51,51,2.000000000000], [52,51,0.707209879482], [58,51,-0.706539613464], [61,51,-0.702465303008], [65,51,0.705986086020], [66,51,-0.999999486135], [67,51,-0.705395708895], [68,51,-0.707532489761], [30,52,-0.705956002714], [32,52,-0.999999995102], [34,52,0.999999998785], [44,52,-0.000911099623], [48,52,0.001800627643], [50,52,0.706309656291], [51,52,0.707209879482], [52,52,2.000000000000], [53,52,0.708167842300], [62,52,0.003909808641], [65,52,0.001437834859], [69,52,-0.703715474492], [13,53,-0.707094627605], [33,53,-0.003809363135], [34,53,0.708202651444], [49,53,0.705092973139], [50,53,0.000375024733], [52,53,0.708167842300], [53,53,2.000000000000], [54,53,0.712037494745], [62,53,-0.703269928207], [65,53,-0.705025167248], [69,53,-0.999980241287], [13,54,-0.999975396321], [33,54,-0.704848757961], [49,54,0.004153695846], [53,54,0.712037494745], [54,54,2.000000000000], [22,55,-0.704012967641], [36,55,0.007136529277], [39,55,-0.704809447443], [41,55,-0.999993642482], [55,55,2.000000000000], [56,55,-0.000400180933], [70,55,0.707304766609], [71,55,0.709651643558], [72,55,-0.707715351047], [73,55,0.003499026313], [74,55,-0.706094501031], [22,56,-0.709905327737], [36,56,-0.999977310483], [39,56,-0.709114567102], [41,56,-0.003165630536], [43,56,0.707054019950], [55,56,-0.000400180933], [56,56,2.000000000000], [59,56,0.708029169350], [71,56,0.704836659409], [26,57,0.006184704338], [28,57,-0.002890697992], [40,57,-0.697530616324], [42,57,0.010553204105], [45,57,0.711259670227], [46,57,-0.006702490484], [57,57,2.000000000000], [58,57,0.999983747850], [59,57,-0.007804845208], [60,57,0.705426194873], [61,57,-0.999934539067], [62,57,-0.999959903188], [63,57,0.004030511017], [64,57,-0.703778604031], [26,58,0.000483481827], [40,58,-0.701604525443], [42,58,0.004852119040], [45,58,0.707240548059], [51,58,-0.706539613464], [57,58,0.999983747850], [58,58,2.000000000000], [59,58,-0.002103660976], [60,58,0.709455667999], [61,58,0.999983521022], [65,58,-0.999999694337], [66,58,0.705821831945], [67,58,-0.003218672677], [68,58,-0.000199550735], [26,59,-0.999998687508], [40,59,-0.711089036437], [42,59,-0.999996222943], [43,59,0.999999047912], [45,59,-0.708459219028], [56,59,0.708029169350], [57,59,-0.007804845208], [58,59,-0.002103660976], [59,59,2.000000000000], [60,59,0.703256052126], [71,59,-0.001899998231], [26,60,-0.704406974436], [40,60,-0.999938631058], [42,60,-0.701299406338], [45,60,0.003516554992], [47,60,0.704990263342], [57,60,0.705426194873], [58,60,0.709455667999], [59,60,0.703256052126], [60,60,2.000000000000], [63,60,0.705934397524], [66,60,-0.001511823301], [79,60,-0.999995295137], [28,61,-0.008551365512], [46,61,-0.004739613341], [51,61,-0.702465303008], [57,61,-0.999934539067], [58,61,0.999983521022], [61,61,2.000000000000], [62,61,0.999996907286], [63,61,0.007411581967], [64,61,0.711861097065], [65,61,-0.999987704007], [66,61,0.701743423393], [67,61,-0.008959468196], [68,61,-0.005940425630], [28,62,-0.006064380024], [34,62,0.003860506138], [46,62,-0.002252576641], [50,62,0.710659133351], [52,62,0.003909808641], [53,62,-0.703269928207], [57,62,-0.999959903188], [61,62,0.999996907286], [62,62,2.000000000000], [63,62,0.004924577378], [64,62,0.710112189842], [65,62,0.999996944651], [69,62,0.707725077225], [28,63,-0.999999350405], [46,63,-0.999996430160], [47,63,0.999999112732], [57,63,0.004030511017], [60,63,0.705934397524], [61,63,0.007411581967], [62,63,0.004924577378], [63,63,2.000000000000], [64,63,0.707577008819], [66,63,0.707209166757], [79,63,-0.708103733550], [28,64,-0.708381987064], [46,64,-0.705686339853], [57,64,-0.703778604031], [61,64,0.711861097065], [62,64,0.710112189842], [63,64,0.707577008819], [64,64,2.000000000000], [67,64,0.708669989925], [69,64,-0.005134136502], [80,64,-0.709628834893], [81,64,-0.704416591400], [82,64,-0.999976106860], [34,65,0.001388532034], [50,65,0.708917833387], [51,65,0.705986086020], [52,65,0.001437834859], [53,65,-0.705025167248], [58,65,-0.999999694337], [61,65,-0.999987704007], [62,65,0.999996944651], [65,65,2.000000000000], [66,65,-0.705267744973], [67,65,0.004000541608], [68,65,0.000981424624], [69,65,0.709469339461], [47,66,0.708150351526], [51,66,-0.999999486135], [58,66,0.705821831945], [60,66,-0.001511823301], [61,66,0.701743423393], [63,66,0.707209166757], [65,66,-0.705267744973], [66,66,2.000000000000], [67,66,0.706113920799], [68,66,0.708248538289], [79,66,-0.001555704260], [51,67,-0.705395708895], [58,67,-0.003218672677], [61,67,-0.008959468196], [64,67,0.708669989925], [65,67,0.004000541608], [66,67,0.706113920799], [67,67,2.000000000000], [68,67,0.999995442438], [69,67,0.701892401663], [80,67,-0.005786243284], [81,67,-0.999981937215], [82,67,-0.713530259397], [51,68,-0.707532489761], [58,68,-0.000199550735], [61,68,-0.005940425630], [65,68,0.000981424624], [66,68,0.708248538289], [67,68,0.999995442438], [68,68,2.000000000000], [79,68,0.707064148494], [81,68,0.999995525956], [83,68,0.707378654393], [96,68,0.001924416087], [99,68,-0.004016222900], [102,68,0.000542819592], [103,68,-0.709803702451], [34,69,-0.703750502436], [50,69,0.005911239938], [52,69,-0.703715474492], [53,69,-0.999980241287], [62,69,0.707725077225], [64,69,-0.005134136502], [65,69,0.709469339461], [67,69,0.701892401663], [69,69,2.000000000000], [80,69,0.708209744918], [81,69,-0.706160849098], [82,69,-0.001778615912], [55,70,0.707304766609], [70,70,2.000000000000], [71,70,0.999994470684], [72,70,-0.001141051169], [73,70,0.709379290883], [74,70,0.001150524430], [75,70,0.704370497089], [76,70,-0.008921265060], [77,70,-0.713437084304], [78,70,-0.005989961470], [43,71,-0.003279912499], [55,71,0.709651643558], [56,71,0.704836659409], [59,71,-0.001899998231], [70,71,0.999994470684], [71,71,2.000000000000], [72,71,-0.004466490134], [73,71,0.707031503543], [74,71,-0.002174927171], [55,72,-0.707715351047], [70,72,-0.001141051169], [71,72,-0.004466490134], [72,72,2.000000000000], [73,72,0.704017047570], [74,72,0.999997374341], [75,72,0.710635778130], [90,72,0.007522210943], [91,72,0.007249843006], [92,72,-0.999989403038], [93,72,-0.700516003154], [55,73,0.003499026313], [70,73,0.709379290883], [71,73,0.707031503543], [72,73,0.704017047570], [73,73,2.000000000000], [74,73,0.705642636193], [76,73,0.711127456380], [90,73,0.704867215285], [94,73,-0.706994913915], [55,74,-0.706094501031], [70,74,0.001150524430], [71,74,-0.002174927171], [72,74,0.999997374341], [73,74,0.705642636193], [74,74,2.000000000000], [92,74,0.999997327066], [70,75,0.704370497089], [72,75,0.710635778130], [75,75,2.000000000000], [76,75,0.703520393564], [77,75,-0.005130694363], [78,75,0.705600630932], [90,75,0.708885730264], [91,75,0.708693591266], [92,75,-0.707389286418], [93,75,0.004274556061], [70,76,-0.008921265060], [73,76,0.711127456380], [75,76,0.703520393564], [76,76,2.000000000000], [77,76,0.707056168413], [78,76,0.999995703491], [90,76,0.002540150204], [94,76,-0.999982826882], [70,77,-0.713437084304], [75,77,-0.005130694363], [76,77,0.707056168413], [77,77,2.000000000000], [78,77,0.704980182154], [91,77,0.709143206284], [95,77,-0.716307103114], [96,77,-0.712171650845], [97,77,0.005786035700], [98,77,-0.697487254589], [70,78,-0.005989961470], [75,78,0.705600630932], [76,78,0.999995703491], [77,78,0.704980182154], [78,78,2.000000000000], [93,78,0.705587126845], [94,78,0.999995709931], [97,78,0.705136091268], [107,78,-0.001990416447], [47,79,-0.707162486543], [60,79,-0.999995295137], [63,79,-0.708103733550], [66,79,-0.001555704260], [68,79,0.707064148494], [79,79,2.000000000000], [81,79,0.704945666287], [83,79,0.000324270808], [96,79,0.708508787509], [99,79,0.704303980885], [102,79,-0.706765498854], [103,79,-0.999992466510], [64,80,-0.709628834893], [67,80,-0.005786243284], [69,80,0.708209744918], [80,80,2.000000000000], [81,80,-0.000224188538], [82,80,0.704741344501], [83,80,0.704874678272], [84,80,-0.003116062110], [85,80,-0.708526447376], [86,80,-0.000876124140], [64,81,-0.704416591400], [67,81,-0.999981937215], [68,81,0.999995525956], [69,81,-0.706160849098], [79,81,0.704945666287], [80,81,-0.000224188538], [81,81,2.000000000000], [82,81,0.709306318514], [83,81,0.709489867224], [96,81,-0.001066919136], [99,81,-0.007007512959], [102,81,0.003534148875], [103,81,-0.707693433782], [64,82,-0.999976106860], [67,82,-0.713530259397], [69,82,-0.001778615912], [80,82,0.704741344501], [81,82,0.709306318514], [82,82,2.000000000000], [84,82,0.711656904673], [87,82,0.005128511099], [104,82,-0.697651198590], [105,82,-0.708488173271], [68,83,0.707378654393], [79,83,0.000324270808], [80,83,0.704874678272], [81,83,0.709489867224], [83,83,2.000000000000], [84,83,0.707131983190], [85,83,0.001141976512], [86,83,0.708714030265], [96,83,-0.705472203707], [99,83,-0.709670093097], [102,83,0.707218678266], [103,83,-0.004205881542], [80,84,-0.003116062110], [82,84,0.711656904673], [83,84,0.707131983190], [84,84,2.000000000000], [85,84,0.707888645344], [86,84,0.999997491329], [87,84,0.706167689578], [104,84,0.006828585547], [105,84,-0.999989873970], [80,85,-0.708526447376], [83,85,0.001141976512], [84,85,0.707888645344], [85,85,2.000000000000], [86,85,0.706304745263], [88,85,0.703164682123], [102,85,0.706186778278], [104,85,0.701473705385], [106,85,-0.002239520324], [80,86,-0.000876124140], [83,86,0.708714030265], [84,86,0.999997491329], [85,86,0.706304745263], [86,86,2.000000000000], [103,86,0.708470397827], [105,86,0.999997445546], [106,86,0.709487917021], [110,86,0.001242294281], [82,87,0.005128511099], [84,87,0.706167689578], [87,87,2.000000000000], [88,87,0.710871705928], [89,87,0.708598291644], [104,87,0.712850245637], [105,87,-0.709346893722], [85,88,0.703164682123], [87,88,0.710871705928], [88,88,2.000000000000], [89,88,0.999994792793], [102,88,-0.006859726224], [104,88,-0.013494108540], [106,88,-0.712599993207], [87,89,0.708598291644], [88,89,0.999994792793], [89,89,2.000000000000], [72,90,0.007522210943], [73,90,0.704867215285], [75,90,0.708885730264], [76,90,0.002540150204], [90,90,2.000000000000], [91,90,0.999999962906], [92,90,-0.002918587667], [93,90,0.708347073293], [94,90,0.003320415497], [72,91,0.007249843006], [75,91,0.708693591266], [77,91,0.709143206284], [90,91,0.999999962906], [91,91,2.000000000000], [92,91,-0.002646213354], [93,91,0.708539307066], [95,91,-0.999947845106], [96,91,-0.999990735203], [97,91,0.709155800004], [98,91,0.010628871531], [72,92,-0.999989403038], [74,92,0.999997327066], [75,92,-0.707389286418], [90,92,-0.002918587667], [91,92,-0.002646213354], [92,92,2.000000000000], [93,92,0.703793930366], [72,93,-0.700516003154], [75,93,0.004274556061], [78,93,0.705587126845], [90,93,0.708347073293], [91,93,0.708539307066], [92,93,0.703793930366], [93,93,2.000000000000], [94,93,0.703508411992], [97,93,-0.004929900220], [107,93,-0.710026185136], [73,94,-0.706994913915], [76,94,-0.999982826882], [78,94,0.999995709931], [90,94,0.003320415497], [93,94,0.703508411992], [94,94,2.000000000000], [97,94,0.707210068690], [107,94,0.000938770521], [77,95,-0.716307103114], [91,95,-0.999947845106], [95,95,2.000000000000], [96,95,0.999982543944], [97,95,-0.701918061308], [98,95,-0.000415810929], [99,95,-0.999929797786], [100,95,0.706455129223], [101,95,-0.000615413725], [68,96,0.001924416087], [77,96,-0.712171650845], [79,96,0.708508787509], [81,96,-0.001066919136], [83,96,-0.705472203707], [91,96,-0.999990735203], [95,96,0.999982543944], [96,96,2.000000000000], [97,96,-0.706114269716], [98,96,-0.006324424593], [99,96,0.999982354385], [102,96,-0.999996956373], [103,96,-0.705764187680], [77,97,0.005786035700], [78,97,0.705136091268], [91,97,0.709155800004], [93,97,-0.004929900220], [94,97,0.707210068690], [95,97,-0.701918061308], [96,97,-0.706114269716], [97,97,2.000000000000], [98,97,0.712549506435], [107,97,0.707667075021], [77,98,-0.697487254589], [91,98,0.010628871531], [95,98,-0.000415810929], [96,98,-0.006324424593], [97,98,0.712549506435], [98,98,2.000000000000], [100,98,0.708051523735], [108,98,0.012023122230], [109,98,0.008594707873], [68,99,-0.004016222900], [79,99,0.704303980885], [81,99,-0.007007512959], [83,99,-0.709670093097], [95,99,-0.999929797786], [96,99,0.999982354385], [99,99,2.000000000000], [100,99,-0.714791777954], [101,99,-0.011233656737], [102,99,-0.999993967703], [103,99,-0.701543123440], [95,100,0.706455129223], [98,100,0.708051523735], [99,100,-0.714791777954], [100,100,2.000000000000], [101,100,0.707322936948], [108,100,0.714622723178], [109,100,0.712220188536], [95,101,-0.000615413725], [99,101,-0.011233656737], [100,101,0.707322936948], [101,101,2.000000000000], [107,101,-0.007488501403], [108,101,-0.010991965853], [68,102,0.000542819592], [79,102,-0.706765498854], [81,102,0.003534148875], [83,102,0.707218678266], [85,102,0.706186778278], [88,102,-0.006859726224], [96,102,-0.999996956373], [99,102,-0.999993967703], [102,102,2.000000000000], [103,102,0.704014135213], [104,102,0.999977990206], [106,102,0.706442293473], [68,103,-0.709803702451], [79,103,-0.999992466510], [81,103,-0.707693433782], [83,103,-0.004205881542], [86,103,0.708470397827], [96,103,-0.705764187680], [99,103,-0.701543123440], [102,103,0.704014135213], [103,103,2.000000000000], [105,103,0.706873411319], [106,103,0.005303414516], [110,103,0.706620113941], [82,104,-0.697651198590], [84,104,0.006828585547], [85,104,0.701473705385], [87,104,0.712850245637], [88,104,-0.013494108540], [102,104,0.999977990206], [104,104,2.000000000000], [105,104,-0.011328628973], [106,104,0.711122583220], [82,105,-0.708488173271], [84,105,-0.999989873970], [86,105,0.999997445546], [87,105,-0.709346893722], [103,105,0.706873411319], [104,105,-0.011328628973], [105,105,2.000000000000], [106,105,0.711078969303], [110,105,-0.001017995009], [85,106,-0.002239520324], [86,106,0.709487917021], [88,106,-0.712599993207], [102,106,0.706442293473], [103,106,0.005303414516], [104,106,0.711122583220], [105,106,0.711078969303], [106,106,2.000000000000], [110,106,-0.703835663319], [78,107,-0.001990416447], [93,107,-0.710026185136], [94,107,0.000938770521], [97,107,0.707667075021], [101,107,-0.007488501403], [107,107,2.000000000000], [108,107,0.999993862344], [98,108,0.012023122230], [100,108,0.714622723178], [101,108,-0.010991965853], [107,108,0.999993862344], [108,108,2.000000000000], [109,108,0.999994122363], [98,109,0.008594707873], [100,109,0.712220188536], [108,109,0.999994122363], [109,109,2.000000000000], [110,109,-0.999993947422], [86,110,0.001242294281], [103,110,0.706620113941], [105,110,-0.001017995009], [106,110,-0.703835663319], [109,110,-0.999993947422], [110,110,2.000000000000], ]
},
"Minv": {
"shape": [147, 147],
