{
"N": {
"shape": [147, 99],
"data": [[0,0,0.002554992366], [1,0,-0.999996736002], [6,0,-0.002554992366], [7,0,0.999996736002], [0,1,-0.999999172950], [1,1,0.001286117575], [21,1,0.999999172950], [22,1,-0.001286117575], [0,2,-0.999999879795], [1,2,0.000490316670], [42,2,0.999999879795], [43,2,-0.000490316670], [3,3,0.004622944103], [4,3,-0.999989314137], [6,3,-0.004622944103], [7,3,0.999989314137], [3,4,0.001034489849], [4,4,-0.999999464915], [9,4,-0.001034489849], [10,4,0.999999464915], [3,5,-0.707745621987], [4,5,-0.706467362699], [27,5,0.707745621987], [28,5,0.706467362699], [12,6,-0.710078631100], [13,6,0.704122388264], [30,6,0.710078631100], [31,6,-0.704122388264], [12,7,-0.999996180713], [13,7,-0.002763794246], [33,7,0.999996180713], [34,7,0.002763794246], [15,8,-0.999991960968], [16,8,-0.004009737949], [57,8,0.999991960968], [58,8,0.004009737949], [21,9,-0.999999954442], [22,9,-0.000301853915], [42,9,0.999999954442], [43,9,0.000301853915], [21,10,-0.709028498981], [22,10,-0.705179826450], [45,10,0.709028498981], [46,10,0.705179826450], [21,11,-0.999999998724], [22,11,-0.000050521760], [63,11,0.999999998724], [64,11,0.000050521760], [24,12,0.004462376420], [25,12,-0.999990043549], [27,12,-0.004462376420], [28,12,0.999990043549], [24,13,-0.707768028226], [25,13,0.706444915207], [42,13,0.707768028226], [43,13,-0.706444915207], [24,14,-0.999999883671], [25,14,0.000482345901], [45,14,0.999999883671], [46,14,-0.000482345901], [24,15,-0.705894565108], [25,15,-0.708316922677], [48,15,0.705894565108], [49,15,0.708316922677], [24,16,-0.999992322433], [25,16,-0.003918555120], [66,16,0.999992322433], [67,16,0.003918555120], [30,17,0.004924587629], [31,17,-0.999987874145], [33,17,-0.004924587629], [34,17,0.999987874145], [30,18,0.001290259770], [31,18,-0.999999167615], [36,18,-0.001290259770], [37,18,0.999999167615], [30,19,-0.706049801586], [31,19,-0.708162183176], [54,19,0.706049801586], [55,19,0.708162183176], [33,20,-0.707698854087], [34,20,0.706514212117], [51,20,0.707698854087], [52,20,-0.706514212117], [33,21,-0.706493525094], [34,21,-0.707719505878], [57,21,0.706493525094], [58,21,0.707719505878], [36,22,-0.999986249763], [37,22,-0.005244071441], [57,22,0.999986249763], [58,22,0.005244071441], [36,23,-0.709112666343], [37,23,-0.705095189624], [60,23,0.709112666343], [61,23,0.705095189624], [36,24,-0.999995605410], [37,24,-0.002964651939], [78,24,0.999995605410], [79,24,0.002964651939], [42,25,0.000450003417], [43,25,-0.999999898748], [45,25,-0.000450003417], [46,25,0.999999898748], [42,26,-0.000461800664], [43,26,-0.999999893370], [48,26,0.000461800664], [49,26,0.999999893370], [42,27,-0.705517410221], [43,27,-0.708692587710], [66,27,0.705517410221], [67,27,0.708692587710], [45,28,-0.706630231716], [46,28,0.707583009706], [63,28,0.706630231716], [64,28,-0.707583009706], [45,29,-0.999965480957], [46,29,-0.008308844328], [66,29,0.999965480957], [67,29,0.008308844328], [48,30,0.003003317659], [49,30,-0.999995490031], [54,30,-0.003003317659], [55,30,0.999995490031], [48,31,-0.708530502272], [49,31,0.705680187727], [66,31,0.708530502272], [67,31,-0.705680187727], [48,32,-0.706351566362], [49,32,-0.707861190276], [72,32,0.706351566362], [73,32,0.707861190276], [48,33,-0.999998082650], [49,33,-0.001958238225], [90,33,0.999998082650], [91,33,0.001958238225], [51,34,0.005957080312], [52,34,-0.999982256440], [54,34,-0.005957080312], [55,34,0.999982256440], [51,35,0.001669242423], [52,35,-0.999998606814], [57,35,-0.001669242423], [58,35,0.999998606814], [51,36,-0.999997328956], [52,36,-0.002311294006], [72,36,0.999997328956], [73,36,0.002311294006], [54,37,-0.709565911383], [55,37,0.704639068888], [72,37,0.709565911383], [73,37,-0.704639068888], [54,38,-0.999996643302], [55,38,-0.002591020180], [96,38,0.999996643302], [97,38,0.002591020180], [57,39,-0.005340669969], [58,39,-0.999985738520], [60,39,0.005340669969], [61,39,0.999985738520], [60,40,-0.707452492087], [61,40,0.706760901182], [78,40,0.707452492087], [79,40,-0.706760901182], [60,41,-0.999992412849], [61,41,-0.003895413214], [81,41,0.999992412849], [82,41,0.003895413214], [60,42,-0.999999625991], [61,42,0.000864880067], [102,42,0.999999625991], [103,42,-0.000864880067], [63,43,-0.005375277651], [64,43,-0.999985553091], [66,43,0.005375277651], [67,43,0.999985553091], [63,44,-0.003182572601], [64,44,-0.999994935603], [69,44,0.003182572601], [70,44,0.999994935603], [63,45,-0.707259422760], [64,45,-0.706954106655], [87,45,0.707259422760], [88,45,0.706954106655], [69,46,0.000552563699], [70,46,-0.999999847337], [72,46,-0.000552563699], [73,46,0.999999847337], [69,47,-0.999999487060], [70,47,0.001012857527], [90,47,0.999999487060], [91,47,-0.001012857527], [69,48,-0.999995930301], [70,48,0.002852960273], [111,48,0.999995930301], [112,48,-0.002852960273], [72,49,-0.708740757565], [73,49,0.705469020274], [90,49,0.708740757565], [91,49,-0.705469020274], [75,50,0.002357808512], [76,50,-0.999997220366], [81,50,-0.002357808512], [82,50,0.999997220366], [75,51,-0.704440863912], [76,51,0.709762685164], [93,51,0.704440863912], [94,51,-0.709762685164], [75,52,-0.999986110503], [76,52,-0.005270559876], [96,52,0.999986110503], [97,52,0.005270559876], [75,53,-0.707374114253], [76,53,-0.706839347013], [99,53,0.707374114253], [100,53,0.706839347013], [75,54,-0.999999538277], [76,54,-0.000960961171], [117,54,0.999999538277], [118,54,0.000960961171], [78,55,0.002263050383], [79,55,-0.999997439298], [81,55,-0.002263050383], [82,55,0.999997439298], [78,56,-0.999997036100], [79,56,0.002434705713], [99,56,0.999997036100], [100,56,-0.002434705713], [78,57,-0.711648732893], [79,57,-0.702535465988], [102,57,0.711648732893], [103,57,0.702535465988], [78,58,-0.999999702583], [79,58,0.000771255222], [120,58,0.999999702583], [121,58,-0.000771255222], [81,59,-0.710524674184], [82,59,0.703672286917], [99,59,0.710524674184], [100,59,-0.703672286917], [81,60,-0.999998157776], [82,60,0.001919490489], [123,60,0.999998157776], [124,60,-0.001919490489], [84,61,0.006999104794], [85,61,-0.999975505966], [87,61,-0.006999104794], [88,61,0.999975505966], [84,62,-0.000118261955], [85,62,-0.999999993007], [90,62,0.000118261955], [91,62,0.999999993007], [84,63,-0.706848664838], [85,63,-0.707364803349], [108,63,0.706848664838], [109,63,0.707364803349], [84,64,-0.999996241991], [85,64,0.002741533051], [126,64,0.999996241991], [127,64,-0.002741533051], [87,65,-0.707977538912], [88,65,0.706234949854], [105,65,0.707977538912], [106,65,-0.706234949854], [87,66,-0.999999209006], [88,66,0.001257771013], [108,66,0.999999209006], [109,66,-0.001257771013], [87,67,-0.999999831967], [88,67,0.000579711975], [129,67,0.999999831967], [130,67,-0.000579711975], [93,68,-0.003591209127], [94,68,-0.999993551588], [99,68,0.003591209127], [100,68,0.999993551588], [93,69,-0.709300193209], [94,69,0.704906544099], [111,69,0.709300193209], [112,69,-0.704906544099], [93,70,-0.999976937627], [94,70,-0.006791480998], [114,70,0.999976937627], [115,70,0.006791480998], [93,71,-0.999997777643], [94,71,-0.002108247920], [135,71,0.999997777643], [136,71,0.002108247920], [96,72,-0.004621128787], [97,72,-0.999989322527], [99,72,0.004621128787], [100,72,0.999989322527], [96,73,-0.000980967256], [97,73,-0.999999518852], [102,73,0.000980967256], [103,73,0.999999518852], [96,74,-0.708733666207], [97,74,-0.705476144447], [120,74,0.708733666207], [121,74,0.705476144447], [96,75,-0.999997233213], [97,75,0.002352353557], [138,75,0.999997233213], [139,75,-0.002352353557], [99,76,0.002675980796], [100,76,-0.999996419557], [102,76,-0.002675980796], [103,76,0.999996419557], [99,77,-0.705316528442], [100,77,0.708892512801], [117,77,0.705316528442], [118,77,-0.708892512801], [99,78,-0.999999590634], [100,78,-0.000904837788], [120,78,0.999999590634], [121,78,0.000904837788], [102,79,-0.710304058422], [103,79,0.703894981222], [120,79,0.710304058422], [121,79,-0.703894981222], [102,80,-0.999998474093], [103,80,-0.001746943642], [123,80,0.999998474093], [124,80,0.001746943642], [102,81,-0.999990565367], [103,81,-0.004343866663], [144,81,0.999990565367], [145,81,0.004343866663], [105,82,-0.999996451104], [106,82,0.002664165933], [126,82,0.999996451104], [127,82,-0.002664165933], [108,83,-0.002145204445], [109,83,-0.999997699046], [114,83,0.002145204445], [115,83,0.999997699046], [111,84,-0.002269274757], [112,84,-0.999997425193], [114,84,0.002269274757], [115,84,0.999997425193], [111,85,-0.706518924063], [112,85,-0.707694149998], [135,85,0.706518924063], [136,85,0.707694149998], [114,86,-0.706523045351], [115,86,0.707690035530], [132,86,0.706523045351], [133,86,-0.707690035530], [114,87,-0.999996584329], [115,87,0.002613681283], [135,87,0.999996584329], [136,87,-0.002613681283], [117,88,-0.002604398745], [118,88,-0.999996608548], [120,88,0.002604398745], [121,88,0.999996608548], [117,89,0.000565932930], [118,89,-0.999999839860], [123,89,-0.000565932930], [124,89,0.999999839860], [117,90,-0.706231875506], [118,90,0.707980605681], [135,90,0.706231875506], [136,90,-0.707980605681], [117,91,-0.999999070149], [118,91,0.001363708769], [138,91,0.999999070149], [139,91,-0.001363708769], [117,92,-0.708218910471], [118,92,-0.705992900001], [141,92,0.708218910471], [142,92,0.705992900001], [120,93,-0.705684241046], [121,93,0.708526465235], [138,93,0.705684241046], [139,93,-0.708526465235], [123,94,-0.999975910261], [124,94,-0.006941102094], [144,94,0.999975910261], [145,94,0.006941102094], [132,95,-0.001928901947], [133,95,-0.999998139667], [138,95,0.001928901947], [139,95,0.999998139667], [135,96,-0.002626823790], [136,96,-0.999996549892], [138,96,0.002626823790], [139,96,0.999996549892], [135,97,0.000596133456], [136,97,-0.999999822312], [141,97,-0.000596133456], [142,97,0.999999822312], [138,98,0.003832235011], [139,98,-0.999992656960], [141,98,-0.003832235011], [142,98,0.999992656960], ]
},
"Q": {
"shape": [99, 99],
"data": [[0,0,2.000000000000], [1,0,-0.003841103630], [2,0,-0.003045307128], [3,0,0.999997861760], [0,1,-0.003841103630], [1,1,2.000000000000], [2,1,0.999999683350], [9,1,-0.999998739173], [10,1,-0.708120968411], [11,1,-0.999999106697], [0,2,-0.003045307128], [1,2,0.999999683350], [2,2,2.000000000000], [9,2,0.999999686233], [13,2,0.708114324867], [25,2,0.000940319984], [26,2,0.000028516009], [27,2,-0.705169841625], [0,3,0.999997861760], [3,3,2.000000000000], [4,3,0.999993561447], [5,3,0.703187945036], [3,4,0.999993561447], [4,4,2.000000000000], [5,4,0.705734829017], [3,5,0.703187945036], [4,5,0.705734829017], [5,5,2.000000000000], [12,5,0.703302101416], [6,6,2.000000000000], [7,6,0.708129869701], [17,6,0.707610694621], [18,6,0.705037988055], [19,6,-0.002718028903], [6,7,0.708129869701], [7,7,2.000000000000], [17,7,-0.002160808088], [20,7,-0.705743491268], [21,7,-0.708446817891], [8,8,2.000000000000], [21,8,0.709325615330], [22,8,0.999999238194], [35,8,0.002340503359], [39,8,-0.009350307800], [1,9,-0.999998739173], [2,9,0.999999686233], [9,9,2.000000000000], [10,9,0.709241327971], [11,9,0.999999968416], [13,9,0.707554752818], [25,9,0.000148149513], [26,9,-0.000763654526], [27,9,-0.705731299712], [1,10,-0.708120968411], [9,10,0.709241327971], [10,10,2.000000000000], [11,10,0.709064125002], [14,10,0.708688275902], [25,10,0.704860689802], [28,10,-0.002047708545], [29,10,-0.714863253397], [1,11,-0.999999106697], [9,11,0.999999968416], [10,11,0.709064125002], [11,11,2.000000000000], [28,11,0.706594482475], [43,11,-0.005425798675], [44,11,-0.003233094101], [45,11,-0.707295138424], [5,12,0.703302101416], [12,12,2.000000000000], [13,12,-0.709596208883], [14,12,-0.004944716999], [15,12,0.705159903092], [16,12,-0.000543826055], [2,13,0.708114324867], [9,13,0.707554752818], [12,13,-0.709596208883], [13,13,2.000000000000], [14,13,0.708108696701], [15,13,-0.000777283898], [16,13,0.704994350950], [25,13,0.706763341710], [26,13,0.706117992133], [27,13,0.001309608721], [10,14,0.708688275902], [12,14,-0.004944716999], [13,14,0.708108696701], [14,14,2.000000000000], [15,14,0.705552829229], [16,14,0.999990316007], [25,14,-0.000932349217], [28,14,-0.706971449279], [29,14,-0.999961356895], [12,15,0.705159903092], [13,15,-0.000777283898], [14,15,0.705552829229], [15,15,2.000000000000], [16,15,0.708664724460], [26,15,0.708642829728], [30,15,-0.706193702577], [31,15,-0.000302611803], [32,15,-0.999999791729], [33,15,-0.707280264934], [12,16,-0.000543826055], [13,16,0.704994350950], [14,16,0.999990316007], [15,16,0.708664724460], [16,16,2.000000000000], [27,16,0.708289044532], [29,16,0.999990362320], [31,16,0.705759815770], [43,16,0.009293734891], [6,17,0.707610694621], [7,17,-0.002160808088], [17,17,2.000000000000], [18,17,0.999993395767], [19,17,0.704676591985], [20,17,0.709990770050], [21,17,-0.704231734900], [6,18,0.705037988055], [17,18,0.999993395767], [18,18,2.000000000000], [19,18,0.707250606057], [22,18,-0.003953825047], [23,18,-0.704179663167], [24,18,-0.001674395370], [6,19,-0.002718028903], [17,19,0.704676591985], [18,19,0.707250606057], [19,19,2.000000000000], [30,19,0.706038497549], [34,19,0.703943622485], [37,19,-0.001990129570], [38,19,-0.707882294097], [7,20,-0.705743491268], [17,20,0.709990770050], [20,20,2.000000000000], [21,20,-0.000029230966], [34,20,0.710717494950], [35,20,0.707694548762], [36,20,-0.706064001729], [7,21,-0.708446817891], [8,21,0.709325615330], [17,21,-0.704231734900], [20,21,-0.000029230966], [21,21,2.000000000000], [22,21,0.710195142290], [35,21,0.706539210929], [39,21,-0.711482561504], [8,22,0.999999238194], [18,22,-0.003953825047], [21,22,0.710195142290], [22,22,2.000000000000], [23,22,0.712800485423], [24,22,0.999997402080], [35,22,0.003574844665], [39,22,-0.010584593187], [18,23,-0.704179663167], [22,23,0.712800485423], [23,23,2.000000000000], [24,23,0.711199911904], [39,23,0.708872270646], [40,23,-0.003329811337], [41,23,-0.711853923317], [42,23,-0.708502578354], [18,24,-0.001674395370], [22,24,0.999997402080], [23,24,0.711199911904], [24,24,2.000000000000], [40,24,0.705354083048], [55,24,-0.000701603909], [56,24,-0.999985423467], [57,24,-0.713728378620], [58,24,-0.999993021490], [2,25,0.000940319984], [9,25,0.000148149513], [10,25,0.704860689802], [13,25,0.706763341710], [14,25,-0.000932349217], [25,25,2.000000000000], [26,25,0.999999584307], [27,25,0.708375030708], [28,25,0.707900924081], [29,25,-0.007858855603], [2,26,0.000028516009], [9,26,-0.000763654526], [13,26,0.706117992133], [15,26,0.708642829728], [25,26,0.999999584307], [26,26,2.000000000000], [27,26,0.709018320551], [30,26,-0.999993996468], [31,26,0.705352912623], [32,26,-0.708187308419], [33,26,-0.002420037795], [2,27,-0.705169841625], [9,27,-0.705731299712], [13,27,0.001309608721], [16,27,0.708289044532], [25,27,0.708375030708], [26,27,0.709018320551], [27,27,2.000000000000], [29,27,0.711381472823], [31,27,-0.000229713310], [43,27,0.712474701260], [10,28,-0.002047708545], [11,28,0.706594482475], [14,28,-0.706971449279], [25,28,0.707900924081], [28,28,2.000000000000], [29,28,0.700726642440], [43,28,0.703774453626], [44,28,0.705330524210], [45,28,0.000457824722], [10,29,-0.714863253397], [14,29,-0.999961356895], [16,29,0.999990362320], [25,29,-0.007858855603], [27,29,0.711381472823], [28,29,0.700726642440], [29,29,2.000000000000], [31,29,0.702642657652], [43,29,0.013683816393], [15,30,-0.706193702577], [19,30,0.706038497549], [26,30,-0.999993996468], [30,30,2.000000000000], [31,30,-0.707804947301], [32,30,0.705736599711], [33,30,-0.001045082508], [34,30,0.999995637556], [37,30,0.706766942820], [38,30,0.000412299084], [15,31,-0.000302611803], [16,31,0.705759815770], [26,31,0.705352912623], [27,31,-0.000229713310], [29,31,0.702642657652], [30,31,-0.707804947301], [31,31,2.000000000000], [32,31,0.000948012457], [33,31,0.707147253853], [43,31,-0.701861444655], [15,32,-0.999999791729], [26,32,-0.708187308419], [30,32,0.705736599711], [31,32,0.000948012457], [32,32,2.000000000000], [33,32,0.707736372879], [36,32,0.707985754992], [37,32,0.002416342924], [46,32,0.707470777977], [49,32,-0.001246003857], [15,33,-0.707280264934], [26,33,-0.002420037795], [30,33,-0.001045082508], [31,33,0.707147253853], [32,33,0.707736372879], [33,33,2.000000000000], [47,33,0.999995586294], [49,33,0.707357922259], [62,33,0.002076499939], [19,34,0.703943622485], [20,34,0.710717494950], [30,34,0.999995637556], [34,34,2.000000000000], [35,34,0.999990807089], [36,34,-0.003645811405], [37,34,0.708853507203], [38,34,0.003366086110], [8,35,0.002340503359], [20,35,0.707694548762], [21,35,0.706539210929], [22,35,0.003574844665], [34,35,0.999990807089], [35,35,2.000000000000], [36,35,0.000642052822], [39,35,-0.999975430481], [20,36,-0.706064001729], [32,36,0.707985754992], [34,36,-0.003645811405], [35,36,0.000642052822], [36,36,2.000000000000], [37,36,0.707935388045], [46,36,0.001758731430], [49,36,-0.707108318170], [19,37,-0.001990129570], [30,37,0.706766942820], [32,37,0.002416342924], [34,37,0.708853507203], [36,37,0.707935388045], [37,37,2.000000000000], [38,37,0.707737795537], [46,37,-0.705031041680], [49,37,-0.999999315151], [19,38,-0.707882294097], [30,38,0.000412299084], [34,38,0.003366086110], [37,38,0.707737795537], [38,38,2.000000000000], [52,38,0.999996409978], [72,38,-0.007212105790], [73,38,-0.003571982896], [74,38,-0.710559190129], [75,38,-0.999987781528], [8,39,-0.009350307800], [21,39,-0.711482561504], [22,39,-0.010584593187], [23,39,0.708872270646], [35,39,-0.999975430481], [39,39,2.000000000000], [40,39,0.702972551447], [41,39,-0.009235987108], [42,39,-0.004475800240], [23,40,-0.003329811337], [24,40,0.705354083048], [39,40,0.702972551447], [40,40,2.000000000000], [41,40,0.704693998785], [42,40,0.708063490909], [55,40,0.708360092011], [56,40,-0.709171150072], [57,40,-0.006933070522], [58,40,-0.707997374714], [23,41,-0.711853923317], [39,41,-0.009235987108], [40,41,0.704693998785], [41,41,2.000000000000], [42,41,0.999988669778], [50,41,0.001537611764], [55,41,0.001632370026], [59,41,-0.707778189002], [60,41,-0.999983093431], [23,42,-0.708502578354], [39,42,-0.004475800240], [40,42,0.708063490909], [41,42,0.999988669778], [42,42,2.000000000000], [57,42,0.711040857810], [73,42,0.000116087238], [76,42,-0.003540856765], [79,42,-0.710912577500], [80,42,-0.999996589188], [81,42,-0.999986434438], [11,43,-0.005425798675], [16,43,0.009293734891], [27,43,0.712474701260], [28,43,0.703774453626], [29,43,0.013683816393], [31,43,-0.701861444655], [43,43,2.000000000000], [44,43,0.999997595978], [45,43,0.710745609122], [11,44,-0.003233094101], [28,44,0.705330524210], [43,44,0.999997595978], [44,44,2.000000000000], [45,44,0.709201430820], [46,44,-0.999993024366], [47,44,-0.002169718572], [48,44,-0.000329613825], [11,45,-0.707295138424], [28,45,0.000457824722], [43,45,0.710745609122], [44,45,0.709201430820], [45,45,2.000000000000], [61,45,0.701986607681], [65,45,-0.001448087436], [66,45,-0.706369676939], [67,45,-0.706849474156], [32,46,0.707470777977], [36,46,0.001758731430], [37,46,-0.705031041680], [44,46,-0.999993024366], [46,46,2.000000000000], [47,46,-0.001565420788], [48,46,-0.003405521288], [49,46,0.705860536989], [33,47,0.999995586294], [44,47,-0.002169718572], [46,47,-0.001565420788], [47,47,2.000000000000], [48,47,0.999998307005], [49,47,0.709454933630], [62,47,-0.000894595625], [44,48,-0.000329613825], [46,48,-0.003405521288], [47,48,0.999998307005], [48,48,2.000000000000], [69,48,0.711308376937], [84,48,0.000583687406], [85,48,-0.704497025448], [32,49,-0.001246003857], [33,49,0.707357922259], [36,49,-0.707108318170], [37,49,-0.999999315151], [46,49,0.705860536989], [47,49,0.709454933630], [49,49,2.000000000000], [62,49,-0.705385198272], [41,50,0.001537611764], [50,50,2.000000000000], [51,50,-0.711421648948], [52,50,0.002912769463], [53,50,0.705169529550], [54,50,-0.001396848923], [55,50,0.999999995510], [59,50,0.705345612090], [60,50,0.004277289321], [50,51,-0.711421648948], [51,51,2.000000000000], [52,51,0.700690232853], [53,51,-0.003384960762], [54,51,0.703758484274], [68,51,0.707228313861], [69,51,-0.999976402406], [70,51,-0.699604278045], [71,51,-0.702942942688], [38,52,0.999996409978], [50,52,0.002912769463], [51,52,0.700690232853], [52,52,2.000000000000], [53,52,0.711089728283], [54,52,0.999990713589], [72,52,-0.009891568202], [73,52,-0.006251510970], [74,52,-0.712442076513], [75,52,-0.999970945534], [50,53,0.705169529550], [51,53,-0.003384960762], [52,53,0.711089728283], [53,53,2.000000000000], [54,53,0.708053032808], [56,53,0.705651071870], [59,53,0.005223502261], [68,53,0.709375117396], [72,53,0.710100666638], [76,53,-0.704943896669], [77,53,0.002150466276], [78,53,-0.708013399629], [50,54,-0.001396848923], [51,54,0.703758484274], [52,54,0.999990713589], [53,54,0.708053032808], [54,54,2.000000000000], [77,54,0.704634984602], [88,54,-0.003565355454], [89,54,-0.000395028348], [90,54,-0.705551207550], [91,54,-0.999997297955], [92,54,-0.708897015234], [24,55,-0.000701603909], [40,55,0.708360092011], [41,55,0.001632370026], [50,55,0.999999995510], [55,55,2.000000000000], [56,55,-0.004697743154], [57,55,0.700923170067], [58,55,-0.003034302957], [59,55,0.705278438158], [60,55,0.004182531787], [24,56,-0.999985423467], [40,56,-0.709171150072], [53,56,0.705651071870], [55,56,-0.004697743154], [56,56,2.000000000000], [57,56,0.709936156525], [58,56,0.999998616463], [59,56,0.712235803197], [68,56,0.001156508470], [72,56,0.002186435375], [76,56,0.005110669860], [77,56,-0.707040382605], [78,56,-0.999994423721], [24,57,-0.713728378620], [40,57,-0.006933070522], [42,57,0.711040857810], [55,57,0.700923170067], [56,57,0.709936156525], [57,57,2.000000000000], [58,57,0.711106687090], [73,57,0.703233232069], [76,57,0.700628592257], [79,57,-0.010975794505], [80,57,-0.712874936849], [81,57,-0.714693739139], [24,58,-0.999993021490], [40,58,-0.707997374714], [55,58,-0.003034302957], [56,58,0.999998616463], [57,58,0.711106687090], [58,58,2.000000000000], [74,58,0.708189353257], [78,58,0.999998595356], [79,58,0.710846729845], [88,58,0.001833145364], [93,58,-0.706230485900], [41,59,-0.707778189002], [50,59,0.705345612090], [53,59,0.005223502261], [55,59,0.705278438158], [56,59,0.712235803197], [59,59,2.000000000000], [60,59,0.711874057501], [68,59,-0.701116106653], [72,59,-0.700381347449], [76,59,0.705571117842], [77,59,-0.999972812230], [78,59,-0.709887674045], [41,60,-0.999983093431], [50,60,0.004277289321], [55,60,0.004182531787], [59,60,0.711874057501], [60,60,2.000000000000], [80,60,0.999993278630], [89,60,-0.002485422069], [94,60,-0.999960744702], [45,61,0.701986607681], [61,61,2.000000000000], [62,61,0.999974671245], [63,61,0.702400169253], [64,61,-0.009740544391], [65,61,0.711172860298], [66,61,0.008256839463], [67,61,0.007578801393], [33,62,0.002076499939], [47,62,-0.000894595625], [49,62,-0.705385198272], [61,62,0.999974671245], [62,62,2.000000000000], [63,62,0.707448391708], [64,62,-0.002623271521], [61,63,0.702400169253], [62,63,0.707448391708], [63,63,2.000000000000], [64,63,0.704906744507], [66,63,0.705958402779], [83,63,-0.708879510633], [61,64,-0.009740544391], [62,64,-0.002623271521], [63,64,0.704906744507], [64,64,2.000000000000], [82,64,0.999999997007], [45,65,-0.001448087436], [61,65,0.711172860298], [65,65,2.000000000000], [66,65,0.708865260755], [67,65,0.708386832806], [82,65,-0.709856553468], [45,66,-0.706369676939], [61,66,0.008256839463], [63,66,0.705958402779], [65,66,0.708865260755], [66,66,2.000000000000], [67,66,0.999999770118], [83,66,-0.000887434629], [45,67,-0.706849474156], [61,67,0.007578801393], [65,67,0.708386832806], [66,67,0.999999770118], [67,67,2.000000000000], [51,68,0.707228313861], [53,68,0.709375117396], [56,68,0.001156508470], [59,68,-0.701116106653], [68,68,2.000000000000], [69,68,-0.702354753244], [70,68,0.010382563509], [71,68,0.005699435471], [72,68,0.999999469624], [76,68,-0.999980361161], [77,68,0.706355002416], [78,68,-0.004496039610], [48,69,0.711308376937], [51,69,-0.999976402406], [68,69,-0.702354753244], [69,69,2.000000000000], [70,69,0.704496475663], [71,69,0.707812499135], [84,69,0.703295132078], [85,69,-0.002275771789], [51,70,-0.699604278045], [68,70,0.010382563509], [69,70,0.704496475663], [70,70,2.000000000000], [71,70,0.999989033447], [83,70,0.008936620343], [84,70,0.009060685933], [86,70,-0.701700487824], [87,70,-0.999955771268], [51,71,-0.702942942688], [68,71,0.005699435471], [69,71,0.707812499135], [70,71,0.999989033447], [71,71,2.000000000000], [85,71,0.708009348645], [87,71,0.999988851692], [90,71,0.704737707367], [96,71,-0.004735058598], [97,71,-0.001512115414], [38,72,-0.007212105790], [52,72,-0.009891568202], [53,72,0.710100666638], [56,72,0.002186435375], [59,72,-0.700381347449], [68,72,0.999999469624], [72,72,2.000000000000], [73,72,0.999993374560], [74,72,0.708743761292], [75,72,0.002268787562], [76,72,-0.999973376071], [77,72,0.705625585107], [78,72,-0.005525955022], [38,73,-0.003571982896], [42,73,0.000116087238], [52,73,-0.006251510970], [57,73,0.703233232069], [72,73,0.999993374560], [73,73,2.000000000000], [74,73,0.706171049528], [75,73,-0.001371387884], [76,73,0.999993313361], [79,73,0.703197857521], [80,73,-0.002727908560], [81,73,-0.005324822573], [38,74,-0.710559190129], [52,74,-0.712442076513], [58,74,0.708189353257], [72,74,0.708743761292], [73,74,0.706171049528], [74,74,2.000000000000], [75,74,0.707072175974], [78,74,0.709371717550], [79,74,0.006835281999], [88,74,0.707319576929], [93,74,-0.000293660409], [38,75,-0.999987781528], [52,75,-0.999970945534], [72,75,0.002268787562], [73,75,-0.001371387884], [74,75,0.707072175974], [75,75,2.000000000000], [91,75,0.999999511289], [93,75,0.707348993319], [95,75,-0.000423452571], [96,75,0.000274471080], [98,75,0.006184560692], [42,76,-0.003540856765], [53,76,-0.704943896669], [56,76,0.005110669860], [57,76,0.700628592257], [59,76,0.705571117842], [68,76,-0.999980361161], [72,76,-0.999973376071], [73,76,0.999993313361], [76,76,2.000000000000], [77,76,-0.710777388138], [78,76,-0.001771145153], [79,76,0.705793220986], [80,76,0.000929039326], [81,76,-0.001667895560], [53,77,0.002150466276], [54,77,0.704634984602], [56,77,-0.707040382605], [59,77,-0.999972812230], [68,77,0.706355002416], [72,77,0.705625585107], [76,77,-0.710777388138], [77,77,2.000000000000], [78,77,0.704674806977], [88,77,0.707053183145], [89,77,0.709291561129], [90,77,-0.999999165283], [91,77,-0.706282595539], [92,77,0.000954577591], [53,78,-0.708013399629], [56,78,-0.999994423721], [58,78,0.999998595356], [59,78,-0.709887674045], [68,78,-0.004496039610], [72,78,-0.005525955022], [74,78,0.709371717550], [76,78,-0.001771145153], [77,78,0.704674806977], [78,78,2.000000000000], [79,78,0.709666856870], [88,78,0.003509232397], [93,78,-0.705042850644], [42,79,-0.710912577500], [57,79,-0.010975794505], [58,79,0.710846729845], [73,79,0.703197857521], [74,79,0.006835281999], [76,79,0.705793220986], [78,79,0.709666856870], [79,79,2.000000000000], [80,79,0.709073309701], [81,79,0.707239731020], [88,79,-0.702042678998], [93,79,-0.999978603322], [42,80,-0.999996589188], [57,80,-0.712874936849], [60,80,0.999993278630], [73,80,-0.002727908560], [76,80,0.000929039326], [79,80,0.709073309701], [80,80,2.000000000000], [81,80,0.999996627964], [89,80,0.001181011296], [94,80,-0.999986510104], [42,81,-0.999986434438], [57,81,-0.714693739139], [73,81,-0.005324822573], [76,81,-0.001667895560], [79,81,0.707239731020], [80,81,0.999996627964], [81,81,2.000000000000], [94,81,0.999996627077], [64,82,0.999999997007], [65,82,-0.709856553468], [82,82,2.000000000000], [63,83,-0.708879510633], [66,83,-0.000887434629], [70,83,0.008936620343], [83,83,2.000000000000], [84,83,0.999999992303], [86,83,0.706172770791], [87,83,0.000468478152], [48,84,0.000583687406], [69,84,0.703295132078], [70,84,0.009060685933], [83,84,0.999999992303], [84,84,2.000000000000], [85,84,0.709295613381], [86,84,0.706084918453], [87,84,0.000344407548], [48,85,-0.704497025448], [69,85,-0.002275771789], [71,85,0.708009348645], [84,85,0.709295613381], [85,85,2.000000000000], [87,85,0.704666823873], [90,85,-0.002067548131], [96,85,-0.709547609094], [97,85,-0.707272844681], [70,86,-0.701700487824], [83,86,0.706172770791], [84,86,0.706084918453], [86,86,2.000000000000], [87,86,0.708370308301], [95,86,0.706325905313], [70,87,-0.999955771268], [71,87,0.999988851692], [83,87,0.000468478152], [84,87,0.000344407548], [85,87,0.704666823873], [86,87,0.708370308301], [87,87,2.000000000000], [90,87,0.708079898908], [96,87,-0.000013142551], [97,87,0.003209812239], [54,88,-0.003565355454], [58,88,0.001833145364], [74,88,0.707319576929], [77,88,0.707053183145], [78,88,0.003509232397], [79,88,-0.702042678998], [88,88,2.000000000000], [89,88,0.999994974493], [90,88,-0.706138895188], [91,88,0.001240692179], [92,88,0.707834990101], [93,88,0.706686179150], [54,89,-0.000395028348], [60,89,-0.002485422069], [77,89,0.709291561129], [80,89,0.001181011296], [88,89,0.999994974493], [89,89,2.000000000000], [90,89,-0.708380172179], [91,89,-0.001929640955], [92,89,0.705591982540], [94,89,-0.006375181686], [54,90,-0.705551207550], [71,90,0.704737707367], [77,90,-0.999999165283], [85,90,-0.002067548131], [87,90,0.708079898908], [88,90,-0.706138895188], [89,90,-0.708380172179], [90,90,2.000000000000], [91,90,0.707196698175], [92,90,0.000337488462], [96,90,0.706123016380], [97,90,0.708401488330], [54,91,-0.999997297955], [75,91,0.999999511289], [77,91,-0.706282595539], [88,91,0.001240692179], [89,91,-0.001929640955], [90,91,0.707196698175], [91,91,2.000000000000], [92,91,0.707255483224], [93,91,0.706649808619], [95,91,0.000565193921], [96,91,0.001263117283], [98,91,0.005195930203], [54,92,-0.708897015234], [77,92,0.000954577591], [88,92,0.707834990101], [89,92,0.705591982540], [90,92,0.000337488462], [91,92,0.707255483224], [92,92,2.000000000000], [97,92,0.705570581568], [98,92,0.703273654563], [58,93,-0.706230485900], [74,93,-0.000293660409], [75,93,0.707348993319], [78,93,-0.705042850644], [79,93,-0.999978603322], [88,93,0.706686179150], [91,93,0.706649808619], [93,93,2.000000000000], [95,93,-0.707163951433], [96,93,-0.706670312590], [98,93,0.711225610353], [60,94,-0.999960744702], [80,94,-0.999986510104], [81,94,0.999996627077], [89,94,-0.006375181686], [94,94,2.000000000000], [75,95,-0.000423452571], [86,95,0.706325905313], [91,95,0.000565193921], [93,95,-0.707163951433], [95,95,2.000000000000], [96,95,0.999999756451], [98,95,-0.999983404635], [71,96,-0.004735058598], [75,96,0.000274471080], [85,96,-0.709547609094], [87,96,-0.000013142551], [90,96,0.706123016380], [91,96,0.001263117283], [93,96,-0.706670312590], [95,96,0.999999756451], [96,96,2.000000000000], [97,96,0.999994806268], [98,96,-0.999979140272], [71,97,-0.001512115414], [85,97,-0.707272844681], [87,97,0.003209812239], [90,97,0.708401488330], [92,97,0.705570581568], [96,97,0.999994806268], [97,97,2.000000000000], [98,97,0.999994763798], [75,98,0.006184560692], [91,98,0.005195930203], [92,98,0.703273654563], [93,98,0.711225610353], [95,98,-0.999983404635], [96,98,-0.999979140272], [97,98,0.999994763798], [98,98,2.000000000000], ]
},
"Minv": {
"shape": [147, 147],
"data": [[0,0,1.000000000000], [1,1,1.000000000000], [2,2,2.000000000000], [3,3,1.000000000000], [4,4,1.000000000000], [5,5,2.000000000000], [6,6,1.000000000000], [7,7,1.000000000000], [8,8,2.000000000000], [9,9,1.000000000000], [10,10,1.000000000000], [11,11,2.000000000000], [12,12,1.000000000000], [13,13,1.000000000000], [14,14,2.000000000000], [15,15,1.000000000000], [16,16,1.000000000000], [17,17,2.000000000000], [18,18,1.000000000000], [19,19,1.000000000000], [20,20,2.000000000000], [21,21,1.000000000000], [22,22,1.000000000000], [23,23,2.000000000000], [24,24,1.000000000000], [25,25,1.000000000000], [26,26,2.000000000000], [27,27,1.000000000000], [28,28,1.000000000000], [29,29,2.000000000000], [30,30,1.000000000000], [31,31,1.000000000000], [32,32,2.000000000000], [33,33,1.000000000000], [34,34,1.000000000000], [35,35,2.000000000000], [36,36,1.000000000000], [37,37,1.000000000000], [38,38,2.000000000000], [39,39,1.000000000000], [40,40,1.000000000000], [41,41,2.000000000000], [42,42,1.000000000000], [43,43,1.000000000000], [44,44,2.000000000000], [45,45,1.000000000000], [46,46,1.000000000000], [47,47,2.000000000000], [48,48,1.000000000000], [49,49,1.000000000000], [50,50,2.000000000000], [51,51,1.000000000000], [52,52,1.000000000000], [53,53,2.000000000000], [54,54,1.000000000000], [55,55,1.000000000000], [56,56,2.000000000000], [57,57,1.000000000000], [58,58,1.000000000000], [59,59,2.000000000000], [60,60,1.000000000000], [61,61,1.000000000000], [62,62,2.000000000000], [63,63,1.000000000000], [64,64,1.000000000000], [65,65,2.000000000000], [66,66,1.000000000000], [67,67,1.000000000000], [68,68,2.000000000000], [69,69,1.000000000000], [70,70,1.000000000000], [71,71,2.000000000000], [72,72,1.000000000000], [73,73,1.000000000000], [74,74,2.000000000000], [75,75,1.000000000000], [76,76,1.000000000000], [77,77,2.000000000000], [78,78,1.000000000000], [79,79,1.000000000000], [80,80,2.000000000000], [81,81,1.000000000000], [82,82,1.000000000000], [83,83,2.000000000000], [84,84,1.000000000000], [85,85,1.000000000000], [86,86,2.000000000000], [87,87,1.000000000000], [88,88,1.000000000000], [89,89,2.000000000000], [90,90,1.000000000000], [91,91,1.000000000000], [92,92,2.000000000000], [93,93,1.000000000000], [94,94,1.000000000000], [95,95,2.000000000000], [96,96,1.000000000000], [97,97,1.000000000000], [98,98,2.000000000000], [99,99,1.000000000000], [100,100,1.000000000000], [101,101,2.000000000000], [102,102,1.000000000000], [103,103,1.000000000000], [104,104,2.000000000000], [105,105,1.000000000000], [106,106,1.000000000000], [107,107,2.000000000000], [108,108,1.000000000000], [109,109,1.000000000000], [110,110,2.000000000000], [111,111,1.000000000000], [112,112,1.000000000000], [113,113,2.000000000000], [114,114,1.000000000000], [115,115,1.000000000000], [116,116,2.000000000000], [117,117,1.000000000000], [118,118,1.000000000000], [119,119,2.000000000000], [120,120,1.000000000000], [121,121,1.000000000000], [122,122,2.000000000000], [123,123,1.000000000000], [124,124,1.000000000000], [125,125,2.000000000000], [126,126,1.000000000000], [127,127,1.000000000000], [128,128,2.000000000000], [129,129,1.000000000000], [130,130,1.000000000000], [131,131,2.000000000000], [132,132,1.000000000000], [133,133,1.000000000000], [134,134,2.000000000000], [135,135,1.000000000000], [136,136,1.000000000000], [137,137,2.000000000000], [138,138,1.000000000000], [139,139,1.000000000000], [140,140,2.000000000000], [141,141,1.000000000000], [142,142,1.000000000000], [143,143,2.000000000000], [144,144,1.000000000000], [145,145,1.000000000000], [146,146,2.000000000000], ]
},
"v0": {
"shape": [147, 1],
"data": [[0,0,0.348604815084], [1,0,-0.136139113439], [2,0,0.000000000000], [3,0,-0.900737769313], [4,0,0.199515665890], [5,0,0.000000000000], [6,0,-0.977668498454], [7,0,-0.606842259685], [8,0,0.000000000000], [9,0,-0.712541438462], [10,0,0.028392355378], [11,0,0.000000000000], [12,0,0.134518315353], [13,0,0.415224233536], [14,0,0.000000000000], [15,0,-0.679662270820], [16,0,0.577084402401], [17,0,0.000000000000], [18,0,-0.379794032706], [19,0,0.897572583670], [20,0,0.000000000000], [21,0,0.267856657529], [22,0,-0.184557124655], [23,0,0.000000000000], [24,0,0.648614222180], [25,0,0.542542338498], [26,0,0.000000000000], [27,0,-0.769409713969], [28,0,-0.160915375112], [29,0,0.000000000000], [30,0,-0.651533587647], [31,0,0.573714002753], [32,0,0.000000000000], [33,0,0.062958872943], [34,0,-0.335247127142], [35,0,0.000000000000], [36,0,0.603930057630], [37,0,0.211333958219], [38,0,0.000000000000], [39,0,-0.281878550110], [40,0,0.970592373289], [41,0,0.000000000000], [42,0,-0.976647355677], [43,0,0.887427789368], [44,0,0.000000000000], [45,0,-0.474514451505], [46,0,-0.539784944645], [47,0,0.000000000000], [48,0,0.383233061512], [49,0,-0.227091114449], [50,0,0.000000000000], [51,0,-0.311013983064], [52,0,0.859163724164], [53,0,0.000000000000], [54,0,0.507562283360], [55,0,-0.967697516021], [56,0,0.000000000000], [57,0,-0.950691388725], [58,0,-0.375362905030], [59,0,0.000000000000], [60,0,0.858821943224], [61,0,-0.449475912333], [62,0,0.000000000000], [63,0,-0.040654775314], [64,0,0.831315846786], [65,0,0.000000000000], [66,0,-0.610445943064], [67,0,-0.574879697475], [68,0,0.000000000000], [69,0,0.655276771671], [70,0,-0.125745694345], [71,0,0.000000000000], [72,0,-0.456668300916], [73,0,-0.447822705062], [74,0,0.000000000000], [75,0,0.758698635268], [76,0,0.127371851884], [77,0,0.000000000000], [78,0,0.250311552356], [79,0,0.942869342923], [80,0,0.000000000000], [81,0,0.375617414357], [82,0,-0.862449550768], [83,0,0.000000000000], [84,0,0.914819415562], [85,0,0.112856922412], [86,0,0.000000000000], [87,0,0.904551402420], [88,0,-0.946790641394], [89,0,0.000000000000], [90,0,-0.739818303045], [91,0,0.026475025747], [92,0,0.000000000000], [93,0,0.433884021231], [94,0,0.132273476135], [95,0,0.000000000000], [96,0,0.202182883655], [97,0,0.666700679674], [98,0,0.000000000000], [99,0,-0.236971422505], [100,0,-0.743912366266], [101,0,0.000000000000], [102,0,0.470129293600], [103,0,-0.761588831662], [104,0,0.000000000000], [105,0,0.998689114727], [106,0,-0.793674927904], [107,0,0.000000000000], [108,0,-0.455999748753], [109,0,-0.161701442093], [110,0,0.000000000000], [111,0,0.173338762844], [112,0,0.399685401521], [113,0,0.000000000000], [114,0,0.286202631291], [115,0,-0.979968624697], [116,0,0.000000000000], [117,0,0.265087444456], [118,0,0.942946453227], [119,0,0.000000000000], [120,0,-0.769334830993], [121,0,-0.389225578581], [122,0,0.000000000000], [123,0,0.036329720796], [124,0,-0.279811637087], [125,0,0.000000000000], [126,0,-0.214506606648], [127,0,-0.564810719680], [128,0,0.000000000000], [129,0,0.900585666263], [130,0,0.379928557151], [131,0,0.000000000000], [132,0,0.229991843846], [133,0,0.745230948656], [134,0,0.000000000000], [135,0,-0.356648491794], [136,0,0.762812412639], [137,0,0.000000000000], [138,0,-0.735236072413], [139,0,0.395339125195], [140,0,0.000000000000], [141,0,0.165147788908], [142,0,-0.811951676622], [143,0,0.000000000000], [144,0,-0.436591611965], [145,0,0.681988254859], [146,0,0.000000000000], ]
},
"b": {
"shape": [99, 1],
