{
"N": {
"shape": [147, 105],
"data": [[0,0,-0.002512574376], [1,0,-0.999996843480], [3,0,0.002512574376], [4,0,0.999996843480], [0,1,-0.999999524367], [1,1,0.000975328475], [21,1,0.999999524367], [22,1,-0.000975328475], [0,2,-0.705271346880], [1,2,-0.708937463582], [24,2,0.705271346880], [25,2,0.708937463582], [0,3,-0.999999992748], [1,3,0.000120429642], [42,3,0.999999992748], [43,3,-0.000120429642], [3,4,-0.707541356542], [4,4,0.706671938585], [21,4,0.707541356542], [22,4,-0.706671938585], [3,5,-0.999968616245], [4,5,-0.007922532716], [24,5,0.999968616245], [25,5,0.007922532716], [3,6,-0.706489996060], [4,6,-0.707723028781], [27,6,0.706489996060], [28,6,0.707723028781], [6,7,0.005493654565], [7,7,-0.999984909766], [9,7,-0.005493654565], [10,7,0.999984909766], [6,8,0.002683592371], [7,8,-0.999996399160], [12,8,-0.002683592371], [13,8,0.999996399160], [12,9,-0.003535263081], [13,9,-0.999993750938], [15,9,0.003535263081], [16,9,0.999993750938], [12,10,-0.000928419660], [13,10,-0.999999569018], [18,10,0.000928419660], [19,10,0.999999569018], [15,11,-0.703744142265], [16,11,0.710453504620], [33,11,0.703744142265], [34,11,-0.710453504620], [21,12,0.001994163624], [22,12,-0.999998011654], [24,12,-0.001994163624], [25,12,0.999998011654], [21,13,0.001114272171], [22,13,-0.999999379199], [27,13,-0.001114272171], [28,13,0.999999379199], [24,14,-0.704630342083], [25,14,0.709574577487], [42,14,0.704630342083], [43,14,-0.709574577487], [27,15,-0.999971784105], [28,15,-0.007512056571], [48,15,0.999971784105], [49,15,0.007512056571], [27,16,-0.705909214645], [28,16,-0.708302322938], [51,16,0.705909214645], [52,16,0.708302322938], [27,17,-0.999999874278], [28,17,-0.000501441321], [69,17,0.999999874278], [70,17,0.000501441321], [30,18,0.009423932033], [31,18,-0.999955593767], [33,18,-0.009423932033], [34,18,0.999955593767], [30,19,-0.000099102076], [31,19,-0.999999995089], [36,19,0.000099102076], [37,19,0.999999995089], [30,20,-0.705390797089], [31,20,-0.708818611058], [54,20,0.705390797089], [55,20,0.708818611058], [33,21,-0.999999892976], [34,21,0.000462652968], [54,21,0.999999892976], [55,21,-0.000462652968], [33,22,-0.707308284467], [34,22,-0.706905220468], [57,22,0.707308284467], [58,22,0.706905220468], [36,23,-0.703724728325], [37,23,0.710472734694], [54,23,0.703724728325], [55,23,-0.710472734694], [36,24,-0.999999977639], [37,24,-0.000211476936], [57,24,0.999999977639], [58,24,0.000211476936], [36,25,-0.706042379305], [37,25,-0.708169583239], [60,25,0.706042379305], [61,25,0.708169583239], [36,26,-0.999999523024], [37,26,-0.000976704409], [78,26,0.999999523024], [79,26,0.000976704409], [42,27,-0.999999475485], [43,27,0.001024221541], [63,27,0.999999475485], [64,27,-0.001024221541], [42,28,-0.709474600391], [43,28,-0.704731006413], [66,28,0.709474600391], [67,28,0.704731006413], [45,29,0.001087018590], [46,29,-0.999999409195], [48,29,-0.001087018590], [49,29,0.999999409195], [45,30,0.002800862755], [46,30,-0.999996077576], [51,30,-0.002800862755], [52,30,0.999996077576], [45,31,-0.705087040789], [46,31,0.709120768919], [63,31,0.705087040789], [64,31,-0.709120768919], [45,32,-0.999986241653], [46,32,0.005245617713], [66,32,0.999986241653], [67,32,-0.005245617713], [45,33,-0.706043957275], [46,33,-0.708168010005], [69,33,0.706043957275], [70,33,0.708168010005], [45,34,-0.999997648591], [46,34,0.002168596673], [87,34,0.999997648591], [88,34,-0.002168596673], [48,35,-0.704217901531], [49,35,0.709983906271], [66,35,0.704217901531], [67,35,-0.709983906271], [48,36,-0.999998851202], [49,36,0.001515781929], [90,36,0.999998851202], [91,36,-0.001515781929], [51,37,-0.705846497949], [52,37,0.708364822201], [69,37,0.705846497949], [70,37,-0.708364822201], [54,38,-0.000230528909], [55,38,-0.999999973428], [57,38,0.000230528909], [58,38,0.999999973428], [57,39,-0.706729968271], [58,39,0.707483393408], [75,39,0.706729968271], [76,39,-0.707483393408], [57,40,-0.999998494714], [58,40,-0.001735099502], [78,40,0.999998494714], [79,40,0.001735099502], [57,41,-0.999997783337], [58,41,0.002105545508], [99,41,0.999997783337], [100,41,-0.002105545508], [60,42,-0.708077319007], [61,42,0.706134909424], [78,42,0.708077319007], [79,42,-0.706134909424], [60,43,-0.999982059018], [61,43,0.005990128701], [81,43,0.999982059018], [82,43,-0.005990128701], [60,44,-0.999991181497], [61,44,0.004199634404], [102,44,0.999991181497], [103,44,-0.004199634404], [66,45,0.005486488444], [67,45,-0.999984949109], [69,45,-0.005486488444], [70,45,0.999984949109], [66,46,0.000343309544], [67,46,-0.999999941069], [72,46,-0.000343309544], [73,46,0.999999941069], [69,47,-0.004784674047], [70,47,-0.999988553382], [72,47,0.004784674047], [73,47,0.999988553382], [69,48,-0.709077265098], [70,48,0.705130790791], [87,48,0.709077265098], [88,48,-0.705130790791], [69,49,-0.999993793089], [70,49,-0.003523319828], [90,49,0.999993793089], [91,49,0.003523319828], [69,50,-0.707568783202], [70,50,-0.706644477116], [93,50,0.707568783202], [94,50,0.706644477116], [72,51,-0.704907357578], [73,51,0.709299384768], [90,51,0.704907357578], [91,51,-0.709299384768], [72,52,-0.999999941303], [73,52,-0.000342627266], [93,52,0.999999941303], [94,52,0.000342627266], [72,53,-0.999999323021], [73,53,-0.001163596416], [114,53,0.999999323021], [115,53,0.001163596416], [75,54,-0.003385063715], [76,54,-0.999994270655], [78,54,0.003385063715], [79,54,0.999994270655], [75,55,-0.000625122944], [76,55,-0.999999804611], [81,55,0.000625122944], [82,55,0.999999804611], [75,56,-0.709206193950], [76,56,-0.705001116639], [99,56,0.709206193950], [100,56,0.705001116639], [78,57,-0.999982230422], [79,57,0.005961446216], [99,57,0.999982230422], [100,57,-0.005961446216], [78,58,-0.710478574525], [79,58,-0.703718832448], [102,58,0.710478574525], [103,58,0.703718832448], [81,59,-0.708344209061], [82,59,0.705867184029], [99,59,0.708344209061], [100,59,-0.705867184029], [81,60,-0.999997086658], [82,60,0.002413850585], [102,60,0.999997086658], [103,60,-0.002413850585], [81,61,-0.999999922390], [82,61,0.000393979794], [123,61,0.999999922390], [124,61,-0.000393979794], [84,62,-0.999990004784], [85,62,0.004471054880], [105,62,0.999990004784], [106,62,-0.004471054880], [84,63,-0.999996492138], [85,63,0.002648719061], [126,63,0.999996492138], [127,63,-0.002648719061], [87,64,0.006610160525], [88,64,-0.999978152650], [90,64,-0.006610160525], [91,64,0.999978152650], [87,65,0.000033168072], [88,65,-0.999999999450], [93,65,-0.000033168072], [94,65,0.999999999450], [87,66,-0.707007136418], [88,66,-0.707206411915], [111,66,0.707007136418], [112,66,0.707206411915], [90,67,-0.006562379139], [91,67,-0.999978467358], [93,67,0.006562379139], [94,67,0.999978467358], [90,68,-0.004515835935], [91,68,-0.999989803561], [96,68,0.004515835935], [97,68,0.999989803561], [90,69,-0.708050610718], [91,69,-0.706161690168], [114,69,0.708050610718], [115,69,0.706161690168], [93,70,-0.705411756227], [94,70,0.708797752660], [111,70,0.705411756227], [112,70,-0.708797752660], [93,71,-0.999998027601], [94,71,-0.001986150580], [114,71,0.999998027601], [115,71,0.001986150580], [93,72,-0.999995406809], [94,72,0.003030901026], [135,72,0.999995406809], [136,72,-0.003030901026], [96,73,0.000083715289], [97,73,-0.999999996496], [102,73,-0.000083715289], [103,73,0.999999996496], [96,74,-0.706988774642], [97,74,0.707224768041], [114,74,0.706988774642], [115,74,-0.707224768041], [96,75,-0.999990610423], [97,75,0.004333482011], [117,75,0.999990610423], [118,75,-0.004333482011], [96,76,-0.999999976539], [97,76,-0.000216616015], [138,76,0.999999976539], [139,76,0.000216616015], [99,77,0.000224297413], [100,77,-0.999999974845], [102,77,-0.000224297413], [103,77,0.999999974845], [99,78,-0.705353553017], [100,78,-0.708855673072], [123,78,0.705353553017], [124,78,0.708855673072], [102,79,-0.705874350628], [103,79,0.708337067452], [120,79,0.705874350628], [121,79,-0.708337067452], [102,80,-0.999998649060], [103,80,-0.001643739343], [123,80,0.999998649060], [124,80,0.001643739343], [102,81,-0.999994884417], [103,81,-0.003198615297], [144,81,0.999994884417], [145,81,0.003198615297], [105,82,0.007380447887], [106,82,-0.999972764124], [108,82,-0.007380447887], [109,82,0.999972764124], [105,83,0.000252013848], [106,83,-0.999999968245], [111,83,-0.000252013848], [112,83,0.999999968245], [108,84,-0.006867778853], [109,84,-0.999976416529], [111,84,0.006867778853], [112,84,0.999976416529], [108,85,-0.999990112358], [109,85,-0.004446930044], [129,85,0.999990112358], [130,85,0.004446930044], [108,86,-0.708630818412], [109,86,-0.705579452079], [132,86,0.708630818412], [133,86,0.705579452079], [111,87,0.000800749899], [112,87,-0.999999679400], [114,87,-0.000800749899], [115,87,0.999999679400], [111,88,-0.708375365057], [112,88,0.705835917321], [129,88,0.708375365057], [130,88,-0.705835917321], [111,89,-0.999999915094], [112,89,-0.000412083333], [132,89,0.999999915094], [133,89,0.000412083333], [114,90,-0.704246364151], [115,90,0.709955673673], [132,90,0.704246364151], [133,90,-0.709955673673], [117,91,0.003933306998], [118,91,-0.999992264518], [120,91,-0.003933306998], [121,91,0.999992264518], [117,92,0.003608889843], [118,92,-0.999993487936], [123,92,-0.003608889843], [124,92,0.999993487936], [117,93,-0.703253982801], [118,93,-0.710938700363], [141,93,0.703253982801], [142,93,0.710938700363], [120,94,0.003285754040], [121,94,-0.999994601896], [123,94,-0.003285754040], [124,94,0.999994601896], [120,95,-0.708185895082], [121,95,0.706026017939], [138,95,0.708185895082], [139,95,-0.706026017939], [120,96,-0.999981377380], [121,96,-0.006102859453], [141,96,0.999981377380], [142,96,0.006102859453], [120,97,-0.703518252344], [121,97,-0.710677190164], [144,97,0.703518252344], [145,97,0.710677190164], [123,98,-0.708725254146], [124,98,0.705484595250], [141,98,0.708725254146], [142,98,-0.705484595250], [129,99,0.001243526233], [130,99,-0.999999226821], [132,99,-0.001243526233], [133,99,0.999999226821], [129,100,0.000327392369], [130,100,-0.999999946407], [135,100,-0.000327392369], [136,100,0.999999946407], [132,101,-0.000586182069], [133,101,-0.999999828195], [135,101,0.000586182069], [136,101,0.999999828195], [138,102,-0.000887651125], [139,102,-0.999999606038], [141,102,0.000887651125], [142,102,0.999999606038], [138,103,-0.000146214159], [139,103,-0.999999989311], [144,103,0.000146214159], [145,103,0.999999989311], [141,104,0.000594259332], [142,104,-0.999999823428], [144,104,-0.000594259332], [145,104,0.999999823428], ]
},
"Q": {
"shape": [105, 105],
"data": [[0,0,2.000000000000], [1,0,0.001537247784], [2,0,0.710707272521], [3,0,0.002392145096], [4,0,0.704891957678], [5,0,-0.010435003230], [6,0,-0.709495903500], [0,1,0.001537247784], [1,1,2.000000000000], [2,1,0.704579564535], [3,1,0.999999634574], [4,1,0.708230257276], [12,1,0.002969489211], [13,1,0.002089599510], [0,2,0.710707272521], [1,2,0.704579564535], [2,2,2.000000000000], [3,2,0.705185964681], [5,2,0.710865793066], [12,2,0.707529627504], [14,2,0.006088410773], [0,3,0.002392145096], [1,3,0.999999634574], [2,3,0.705185964681], [3,3,2.000000000000], [14,3,0.704715790785], [27,3,-0.999999591580], [28,3,-0.709389724744], [0,4,0.704891957678], [1,4,0.708230257276], [4,4,2.000000000000], [5,4,0.701920519684], [6,4,-0.000257114534], [12,4,0.708081486712], [13,4,0.707459893525], [0,5,-0.010435003230], [2,5,0.710865793066], [4,5,0.701920519684], [5,5,2.000000000000], [6,5,0.712074782601], [12,5,0.005928415924], [14,5,-0.698986600332], [0,6,-0.709495903500], [4,6,-0.000257114534], [5,6,0.712074782601], [6,6,2.000000000000], [13,6,0.706935367284], [15,6,-0.711786517242], [16,6,-0.999999663556], [17,6,-0.706844788809], [7,7,2.000000000000], [8,7,0.999996051709], [7,8,0.999996051709], [8,8,2.000000000000], [9,8,-0.999980662915], [10,8,-0.999993476680], [8,9,-0.999980662915], [9,9,2.000000000000], [10,9,0.999996602167], [11,9,0.707961144267], [8,10,-0.999993476680], [9,10,0.999996602167], [10,10,2.000000000000], [9,11,0.707961144267], [11,11,2.000000000000], [18,11,-0.717053993021], [21,11,-0.704072760371], [22,11,0.004459229347], [1,12,0.002969489211], [2,12,0.707529627504], [4,12,0.708081486712], [5,12,0.005928415924], [12,12,2.000000000000], [13,12,0.999999612895], [14,12,0.710978314804], [1,13,0.002089599510], [4,13,0.707459893525], [6,13,0.706935367284], [12,13,0.999999612895], [13,13,2.000000000000], [15,13,-0.006397811177], [16,13,-0.707515308229], [17,13,0.000612831022], [2,14,0.006088410773], [3,14,0.704715790785], [5,14,-0.698986600332], [12,14,0.710978314804], [14,14,2.000000000000], [27,14,-0.705356734061], [28,14,0.000141875745], [6,15,-0.711786517242], [13,15,-0.006397811177], [15,15,2.000000000000], [16,15,0.711210103904], [17,15,0.999975425242], [29,15,0.006425064214], [35,15,-0.698864592124], [36,15,-0.999959248700], [6,16,-0.999999663556], [13,16,-0.707515308229], [15,16,0.711210103904], [16,16,2.000000000000], [17,16,0.706264297949], [30,16,0.706322389848], [37,16,0.003472902025], [6,17,-0.706844788809], [13,17,0.000612831022], [15,17,0.999975425242], [16,17,0.706264297949], [17,17,2.000000000000], [33,17,0.706398973213], [37,17,0.705491205817], [45,17,-0.004985053980], [47,17,-0.005286109026], [48,17,-0.708723594236], [49,17,-0.999995434107], [50,17,-0.707923034985], [11,18,-0.717053993021], [18,18,2.000000000000], [19,18,0.999954654925], [20,18,0.702139580165], [21,18,0.009886563448], [22,18,-0.700208204271], [18,19,0.999954654925], [19,19,2.000000000000], [20,19,0.708888513270], [23,19,0.710402990623], [24,19,-0.000310579009], [25,19,-0.708239550028], [26,19,-0.001075806433], [18,20,0.702139580165], [19,20,0.708888513270], [20,20,2.000000000000], [21,20,0.705062784561], [23,20,-0.007195349956], [38,20,-0.708981205194], [11,21,-0.704072760371], [18,21,0.009886563448], [20,21,0.705062784561], [21,21,2.000000000000], [22,21,0.706981156969], [23,21,0.704053355330], [38,21,0.000232124072], [11,22,0.004459229347], [18,22,-0.700208204271], [21,22,0.706981156969], [22,22,2.000000000000], [24,22,0.707457762801], [38,22,0.707068256691], [39,22,0.000247742756], [40,22,-0.708533770661], [41,22,-0.705818295491], [19,23,0.710402990623], [20,23,-0.007195349956], [21,23,0.704053355330], [23,23,2.000000000000], [24,23,0.703574463992], [25,23,-0.006275698869], [26,23,0.703030470813], [38,23,0.710310486922], [19,24,-0.000310579009], [22,24,0.707457762801], [23,24,0.703574463992], [24,24,2.000000000000], [25,24,0.706192125051], [26,24,0.999999707213], [38,24,0.000442005834], [39,24,-0.706580336047], [40,24,-0.999998839286], [41,24,-0.999997315701], [19,25,-0.708239550028], [23,25,-0.006275698869], [24,25,0.706192125051], [25,25,2.000000000000], [26,25,0.706733714894], [42,25,0.000130669474], [43,25,-0.701787685265], [44,25,-0.703062099722], [19,26,-0.001075806433], [23,26,0.703030470813], [24,26,0.999999707213], [25,26,0.706733714894], [26,26,2.000000000000], [40,26,0.999999712418], [42,26,0.707387296192], [54,26,0.004361760913], [57,26,-0.999975930883], [58,26,-0.711165560930], [3,27,-0.999999591580], [14,27,-0.705356734061], [27,27,2.000000000000], [28,27,0.708752427584], [31,27,0.705812967727], [3,28,-0.709389724744], [14,28,0.000141875745], [27,28,0.708752427584], [28,28,2.000000000000], [32,28,0.705768089743], [35,28,-0.000722958526], [45,28,-0.700827875387], [46,28,-0.704487395481], [15,29,0.006425064214], [29,29,2.000000000000], [30,29,0.999998531364], [31,29,-0.709886792688], [32,29,-0.006332618248], [33,29,0.707400108709], [34,29,-0.003255611426], [35,29,0.710748984759], [36,29,0.002602798374], [16,30,0.706322389848], [29,30,0.999998531364], [30,30,2.000000000000], [31,30,-0.711092839478], [32,30,-0.008046421358], [33,30,0.706187700047], [34,30,-0.004969444336], [37,30,0.710339022861], [27,31,0.705812967727], [29,31,-0.709886792688], [30,31,-0.711092839478], [31,31,2.000000000000], [32,31,0.708797116423], [33,31,-0.004354199276], [34,31,0.706623179781], [28,32,0.705768089743], [29,32,-0.006332618248], [30,32,-0.008046421358], [31,32,0.708797116423], [32,32,2.000000000000], [33,32,0.702319464620], [34,32,0.999995265906], [35,32,0.707932516811], [45,32,0.010731951720], [46,32,0.005588922225], [17,33,0.706398973213], [29,33,0.707400108709], [30,33,0.706187700047], [31,33,-0.004354199276], [32,33,0.702319464620], [33,33,2.000000000000], [34,33,0.704506566287], [37,33,-0.003282651855], [45,33,0.704283649434], [47,33,-0.711538094075], [48,33,-0.001288649356], [49,33,-0.708534677315], [50,33,-0.999997676877], [29,34,-0.003255611426], [30,34,-0.004969444336], [31,34,0.706623179781], [32,34,0.999995265906], [33,34,0.704506566287], [34,34,2.000000000000], [48,34,0.710604742054], [64,34,0.008778694277], [65,34,0.002201764665], [66,34,-0.705471828484], [15,35,-0.698864592124], [28,35,-0.000722958526], [29,35,0.710748984759], [32,35,0.707932516811], [35,35,2.000000000000], [36,35,0.705293273301], [45,35,0.713836903759], [46,35,0.710225629158], [15,36,-0.999959248700], [29,36,0.002602798374], [35,36,0.705293273301], [36,36,2.000000000000], [49,36,0.999987303714], [51,36,0.705981690971], [64,36,-0.008125901744], [67,36,-0.005046622311], [68,36,-0.003000064274], [69,36,-0.706979410183], [16,37,0.003472902025], [17,37,0.705491205817], [30,37,0.710339022861], [33,37,-0.003282651855], [37,37,2.000000000000], [45,37,-0.712226779334], [47,37,0.704979468400], [48,37,-0.999989551592], [49,37,-0.703346321000], [50,37,0.001127141710], [20,38,-0.708981205194], [21,38,0.000232124072], [22,38,0.707068256691], [23,38,0.710310486922], [24,38,0.000442005834], [38,38,2.000000000000], [39,38,0.707320452921], [40,38,-0.001965628018], [41,38,0.001875017054], [22,39,0.000247742756], [24,39,-0.706580336047], [38,39,0.707320452921], [39,39,2.000000000000], [40,39,0.705501350356], [41,39,0.708218040169], [54,39,0.705087014020], [55,39,0.707041462055], [56,39,-0.002440688592], [22,40,-0.708533770661], [24,40,-0.999998839286], [26,40,0.999999712418], [38,40,-0.001965628018], [39,40,0.705501350356], [40,40,2.000000000000], [41,40,0.999992624723], [42,40,0.706851038818], [54,40,0.005120148181], [57,40,-0.999970381460], [58,40,-0.711698527247], [22,41,-0.705818295491], [24,41,-0.999997315701], [38,41,0.001875017054], [39,41,0.708218040169], [40,41,0.999992624723], [41,41,2.000000000000], [56,41,0.707720209945], [57,41,0.999992565894], [59,41,0.709828874379], [77,41,0.002329842370], [78,41,-0.703859461607], [25,42,0.000130669474], [26,42,0.707387296192], [40,42,0.706851038818], [42,42,2.000000000000], [43,42,0.712294454393], [44,42,0.711036583284], [54,42,-0.703733976894], [57,42,-0.712274322055], [58,42,-0.006153330251], [25,43,-0.701787685265], [42,43,0.712294454393], [43,43,2.000000000000], [44,43,0.999998397023], [55,43,-0.005365015803], [59,43,-0.712559735949], [60,43,-0.999993605005], [61,43,-0.999984341399], [25,44,-0.703062099722], [42,44,0.711036583284], [43,44,0.999998397023], [44,44,2.000000000000], [58,44,0.707516947347], [60,44,0.999998405471], [73,44,-0.004283348941], [77,44,-0.004423929733], [79,44,-0.708842882591], [80,44,-0.999982927464], [81,44,-0.999972632944], [17,45,-0.004985053980], [28,45,-0.700827875387], [32,45,0.010731951720], [33,45,0.704283649434], [35,45,0.713836903759], [37,45,-0.712226779334], [45,45,2.000000000000], [46,45,0.999986773743], [47,45,-0.999947251604], [48,45,0.709010522165], [49,45,0.001963187590], [50,45,-0.702751773535], [28,46,-0.704487395481], [32,46,0.005588922225], [35,46,0.710225629158], [45,46,0.999986773743], [46,46,2.000000000000], [47,46,0.999986851827], [51,46,0.709541344392], [52,46,0.000000682278], [53,46,-0.000820287035], [17,47,-0.005286109026], [33,47,-0.711538094075], [37,47,0.704979468400], [45,47,-0.999947251604], [46,47,0.999986851827], [47,47,2.000000000000], [48,47,-0.701730015840], [49,47,0.008307923847], [50,47,0.710021874419], [51,47,0.705918513750], [52,47,-0.005127297110], [53,47,-0.005948253904], [17,48,-0.708723594236], [33,48,-0.001288649356], [34,48,0.710604742054], [37,48,-0.999989551592], [45,48,0.709010522165], [47,48,-0.701730015840], [48,48,2.000000000000], [49,48,0.706588462622], [50,48,0.003444158705], [64,48,0.709802500099], [65,48,0.705154309129], [66,48,-0.002649670210], [17,49,-0.999995434107], [33,49,-0.708534677315], [36,49,0.999987303714], [37,49,-0.703346321000], [45,49,0.001963187590], [47,49,0.008307923847], [48,49,0.706588462622], [49,49,2.000000000000], [50,49,0.710054125884], [51,49,0.702403893695], [64,49,-0.003086876643], [67,49,-0.010085582369], [68,49,-0.008039091809], [69,49,-0.710534249397], [17,50,-0.707923034985], [33,50,-0.999997676877], [37,50,0.001127141710], [45,50,-0.702751773535], [47,50,0.710021874419], [48,50,0.003444158705], [49,50,0.710054125884], [50,50,2.000000000000], [52,50,0.707810857336], [65,50,0.706621008035], [67,50,0.711272595816], [70,50,0.001740679299], [71,50,-0.708970889932], [72,50,-0.705423763733], [36,51,0.705981690971], [46,51,0.709541344392], [47,51,0.705918513750], [49,51,0.702403893695], [51,51,2.000000000000], [52,51,0.704664290893], [53,51,0.704081542149], [64,51,-0.713943439245], [67,51,0.704658242340], [68,51,0.706108906464], [69,51,0.001769967350], [46,52,0.000000682278], [47,52,-0.005127297110], [50,52,0.707810857336], [51,52,0.704664290893], [52,52,2.000000000000], [53,52,0.999999663005], [65,52,0.000309459197], [67,52,0.006904998643], [70,52,-0.705168861386], [71,52,-0.999998649414], [72,52,-0.999994309643], [46,53,-0.000820287035], [47,53,-0.005948253904], [51,53,0.704081542149], [52,53,0.999999663005], [53,53,2.000000000000], [69,53,0.708871818595], [71,53,0.999999661701], [74,53,0.706165371821], [87,53,0.000362846686], [90,53,-0.703419785514], [26,54,0.004361760913], [39,54,0.705087014020], [40,54,0.005120148181], [42,54,-0.703733976894], [54,54,2.000000000000], [55,54,0.999996191348], [56,54,0.707397785598], [57,54,0.002576408496], [58,54,-0.706119815843], [39,55,0.707041462055], [43,55,-0.005365015803], [54,55,0.999996191348], [55,55,2.000000000000], [56,55,0.705444319953], [59,55,0.705424243893], [60,55,0.001788728991], [61,55,-0.000231143178], [39,56,-0.002440688592], [41,56,0.707720209945], [54,56,0.707397785598], [55,56,0.705444319953], [56,56,2.000000000000], [57,56,0.704990765417], [59,56,0.004724947576], [77,56,-0.704842025791], [78,56,-0.999985149776], [26,57,-0.999975930883], [40,57,-0.999970381460], [41,57,0.999992565894], [42,57,-0.712274322055], [54,57,0.002576408496], [56,57,0.704990765417], [57,57,2.000000000000], [58,57,0.706270767649], [59,57,0.712539611336], [77,57,0.006185739492], [78,57,-0.701115214212], [26,58,-0.711165560930], [40,58,-0.711698527247], [42,58,-0.006153330251], [44,58,0.707516947347], [54,58,-0.706119815843], [57,58,0.706270767649], [58,58,2.000000000000], [60,58,0.708777832542], [73,58,0.703659352062], [77,58,0.703559456240], [79,58,-0.003038468341], [80,58,-0.711634345042], [81,58,-0.712725865835], [41,59,0.709828874379], [43,59,-0.712559735949], [55,59,0.705424243893], [56,59,0.004724947576], [57,59,0.712539611336], [59,59,2.000000000000], [60,59,0.710046003328], [61,59,0.708622251494], [77,59,0.706026046047], [78,59,0.000724853215], [43,60,-0.999993605005], [44,60,0.999998405471], [55,60,0.001788728991], [58,60,0.708777832542], [59,60,0.710046003328], [60,60,2.000000000000], [61,60,0.999997960057], [73,60,-0.002497565622], [77,60,-0.002638147284], [79,60,-0.707582114020], [80,60,-0.999991767981], [81,60,-0.999984250111], [43,61,-0.999984341399], [55,61,-0.000231143178], [59,61,0.708622251494], [60,61,0.999997960057], [61,61,2.000000000000], [78,61,0.705074223462], [80,61,0.999997923850], [92,61,-0.004002866792], [94,61,-0.003679731452], [98,61,-0.709003145817], [62,62,2.000000000000], [63,62,0.999998339525], [82,62,0.011851307225], [83,62,0.004723066068], [62,63,0.999998339525], [63,63,2.000000000000], [34,64,0.008778694277], [36,64,-0.008125901744], [48,64,0.709802500099], [49,64,-0.003086876643], [51,64,-0.713943439245], [64,64,2.000000000000], [65,64,0.999978371346], [66,64,0.702517530665], [67,64,-0.999913242099], [68,64,-0.999938106034], [69,64,-0.701465934210], [34,65,0.002201764665], [48,65,0.705154309129], [50,65,0.706621008035], [52,65,0.000309459197], [64,65,0.999978371346], [65,65,2.000000000000], [66,65,0.707182961462], [67,65,0.999978249147], [70,65,0.708821149418], [71,65,-0.001952982573], [72,65,0.003064068944], [34,66,-0.705471828484], [48,66,-0.002649670210], [64,66,0.702517530665], [65,66,0.707182961462], [66,66,2.000000000000], [70,66,-0.002535169666], [83,66,0.707028213868], [84,66,0.712045302193], [87,66,-0.706640049291], [88,66,-0.001654751869], [89,66,-0.707298504364], [36,67,-0.005046622311], [49,67,-0.010085582369], [50,67,0.711272595816], [51,67,0.704658242340], [52,67,0.006904998643], [64,67,-0.999913242099], [65,67,0.999978249147], [67,67,2.000000000000], [68,67,0.999997905766], [69,67,0.710792981199], [70,67,0.704153310978], [71,67,-0.008548474009], [72,67,-0.003531513235], [36,68,-0.003000064274], [49,68,-0.008039091809], [51,68,0.706108906464], [64,68,-0.999938106034], [67,68,0.999997905766], [68,68,2.000000000000], [69,68,0.709351930225], [73,68,-0.999989422012], [74,68,0.704024911552], [75,68,-0.000182355708], [76,68,-0.004732449635], [36,69,-0.706979410183], [49,69,-0.710534249397], [51,69,0.001769967350], [53,69,0.708871818595], [64,69,-0.701465934210], [67,69,0.710792981199], [68,69,0.709351930225], [69,69,2.000000000000], [71,69,0.709451757611], [74,69,0.001168796128], [87,69,0.705594492318], [90,69,0.002701430232], [50,70,0.001740679299], [52,70,-0.705168861386], [65,70,0.708821149418], [66,70,-0.002535169666], [67,70,0.704153310978], [70,70,2.000000000000], [71,70,0.704002585806], [72,70,0.707556811972], [83,70,-0.708975503683], [84,70,-0.703936424806], [87,70,0.709362383812], [88,70,-0.999991222277], [89,70,-0.705119612593], [50,71,-0.708970889932], [52,71,-0.999998649414], [53,71,0.999999661701], [65,71,-0.001952982573], [67,71,-0.008548474009], [69,71,0.709451757611], [70,71,0.704002585806], [71,71,2.000000000000], [72,71,0.999987414593], [74,71,0.705582725295], [87,71,0.001185401624], [90,71,-0.702834896223], [50,72,-0.705423763733], [52,72,-0.999994309643], [65,72,0.003064068944], [67,72,-0.003531513235], [70,72,0.707556811972], [71,72,0.999987414593], [72,72,2.000000000000], [100,72,-0.003358291728], [101,72,-0.002444721129], [44,73,-0.004283348941], [58,73,0.703659352062], [60,73,-0.002497565622], [68,73,-0.999989422012], [73,73,2.000000000000], [74,73,-0.707283951332], [75,73,-0.004417196499], [76,73,0.000132900727], [77,73,0.999999990118], [79,73,0.708396157445], [80,73,-0.001560024162], [81,73,-0.003114900425], [53,74,0.706165371821], [68,74,0.704024911552], [69,74,0.001168796128], [71,74,0.705582725295], [73,74,-0.707283951332], [74,74,2.000000000000], [75,74,0.710046882127], [76,74,0.706835561845], [87,74,-0.707790662494], [90,74,-0.999992510670], [68,75,-0.000182355708], [73,75,-0.004417196499], [74,75,0.710046882127], [75,75,2.000000000000], [76,75,0.999989648260], [91,75,0.008266718556], [92,75,0.007942309749], [93,75,-0.700166539475], [68,76,-0.004732449635], [73,76,0.000132900727], [74,76,0.706835561845], [75,76,0.999989648260], [76,76,2.000000000000], [95,76,0.708032941925], [102,76,-0.001104267033], [103,76,-0.000362830168], [41,77,0.002329842370], [44,77,-0.004423929733], [56,77,-0.704842025791], [57,77,0.006185739492], [58,77,0.703559456240], [59,77,0.706026046047], [60,77,-0.002638147284], [73,77,0.999999990118], [77,77,2.000000000000], [78,77,0.708697446264], [79,77,0.708495375424], [80,77,-0.001419442193], [81,77,-0.002974318951], [41,78,-0.703859461607], [56,78,-0.999985149776], [57,78,-0.701115214212], [59,78,0.000724853215], [61,78,0.705074223462], [77,78,0.708697446264], [78,78,2.000000000000], [80,78,0.706517774085], [92,78,0.706305513685], [94,78,0.706534228309], [98,78,0.000184881484], [44,79,-0.708842882591], [58,79,-0.003038468341], [60,79,-0.707582114020], [73,79,0.708396157445], [77,79,0.708495375424], [79,79,2.000000000000], [80,79,0.704709075527], [81,79,0.703605041889], [91,79,-0.711108008646], [94,79,0.710652573273], [95,79,-0.999994657906], [96,79,-0.701538323830], [97,79,0.006803507258], [44,80,-0.999982927464], [58,80,-0.711634345042], [60,80,-0.999991767981], [61,80,0.999997923850], [73,80,-0.001560024162], [77,80,-0.001419442193], [78,80,0.706517774085], [79,80,0.704709075527], [80,80,2.000000000000], [81,80,0.999998791173], [92,80,-0.001965156329], [94,80,-0.001642019131], [98,80,-0.707564663915], [44,81,-0.999972632944], [58,81,-0.712725865835], [60,81,-0.999984250111], [73,81,-0.003114900425], [77,81,-0.002974318951], [79,81,0.703605041889], [80,81,0.999998791173], [81,81,2.000000000000], [97,81,0.705787836369], [103,81,0.003344828674], [104,81,0.002604358441], [62,82,0.011851307225], [82,82,2.000000000000], [83,82,0.999974592344], [84,82,-0.999898494011], [85,82,0.002933565984], [86,82,-0.700330222178], [62,83,0.004723066068], [66,83,0.707028213868], [70,83,-0.708975503683], [82,83,0.999974592344], [83,83,2.000000000000], [84,83,0.999974653999], [87,83,-0.999999849444], [88,83,0.706014415309], [89,83,-0.000160069493], [66,84,0.712045302193], [70,84,-0.703936424806], [82,84,-0.999898494011], [83,84,0.999974653999], [84,84,2.000000000000], [85,84,0.011314536117], [86,84,0.710429531816], [87,84,-0.999970596563], [88,84,0.700954305908], [89,84,-0.007279851884], [82,85,0.002933565984], [84,85,0.011314536117], [85,85,2.000000000000], [86,85,0.711761474188], [88,85,0.705229557947], [99,85,-0.003203412669], [100,85,-0.004119540674], [82,86,-0.700330222178], [84,86,0.710429531816], [85,86,0.711761474188], [86,86,2.000000000000], [89,86,0.708921515777], [90,86,-0.001879457839], [99,86,0.704697705528], [101,86,-0.705994717536], [53,87,0.000362846686], [66,87,-0.706640049291], [69,87,0.705594492318], [70,87,0.709362383812], [71,87,0.001185401624], [74,87,-0.707790662494], [83,87,-0.999999849444], [84,87,-0.999970596563], [87,87,2.000000000000], [88,87,-0.706402922532], [89,87,-0.000388666630], [90,87,0.710519371266], [66,88,-0.001654751869], [70,88,-0.999991222277], [83,88,0.706014415309], [84,88,0.700954305908], [85,88,0.705229557947], [87,88,-0.706402922532], [88,88,2.000000000000], [89,88,0.708084441694], [99,88,0.706716254933], [100,88,0.706067796182], [66,89,-0.707298504364], [70,89,-0.705119612593], [83,89,-0.000160069493], [84,89,-0.007279851884], [86,89,0.708921515777], [87,89,-0.000388666630], [88,89,0.708084441694], [89,89,2.000000000000], [90,89,0.703953743456], [99,89,-0.000831443113], [101,89,-0.000998265281], [53,90,-0.703419785514], [69,90,0.002701430232], [71,90,-0.702834896223], [74,90,-0.999992510670], [86,90,-0.001879457839], [87,90,0.710519371266], [89,90,0.703953743456], [90,90,2.000000000000], [99,90,-0.710830873578], [101,90,0.709542735109], [75,91,0.008266718556], [79,91,-0.711108008646], [91,91,2.000000000000], [92,91,0.999999947376], [93,91,0.708167087097], [94,91,-0.999999790335], [95,91,0.708806069025], [96,91,-0.002169578494], [97,91,-0.707904539468], [61,92,-0.004002866792], [75,92,0.007942309749], [78,92,0.706305513685], [80,92,-0.001965156329], [91,92,0.999999947376], [92,92,2.000000000000], [93,92,0.708396104529], [94,92,0.999999947791], [98,92,0.708037712461], [75,93,-0.700166539475], [91,93,0.708167087097], [92,93,0.708396104529], [93,93,2.000000000000], [96,93,0.707579645338], [98,93,-0.003142443583], [102,93,0.711562664469], [104,93,-0.710520659589], [61,94,-0.003679731452], [78,94,0.706534228309], [79,94,0.710652573273], [80,94,-0.001642019131], [91,94,-0.999999790335], [92,94,0.999999947791], [94,94,2.000000000000], [95,94,-0.708349131403], [96,94,0.002817133659], [97,94,0.708361765915], [98,94,0.707809483838], [76,95,0.708032941925], [79,95,-0.999994657906], [91,95,0.708806069025], [94,95,-0.708349131403], [95,95,2.000000000000], [96,95,0.703863929248], [97,95,-0.003534883369], [102,95,0.705397117785], [103,95,0.705922463587], [79,96,-0.701538323830], [91,96,-0.002169578494], [93,96,0.707579645338], [94,96,0.002817133659], [95,96,0.703863929248], [96,96,2.000000000000], [97,96,0.707842313998], [98,96,0.704406582494], [102,96,0.006990491643], [104,96,-0.005508610110], [79,97,0.006803507258], [81,97,0.705787836369], [91,97,-0.707904539468], [94,97,0.708361765915], [95,97,-0.003534883369], [96,97,0.707842313998], [97,97,2.000000000000], [103,97,0.710780046897], [104,97,0.710258992392], [61,98,-0.709003145817], [78,98,0.000184881484], [80,98,-0.707564663915], [92,98,0.708037712461], [93,98,-0.003142443583], [94,98,0.707809483838], [96,98,0.704406582494], [98,98,2.000000000000], [102,98,-0.704855216547], [104,98,0.705905637277], [85,99,-0.003203412669], [86,99,0.704697705528], [88,99,0.706716254933], [89,99,-0.000831443113], [90,99,-0.710830873578], [99,99,2.000000000000], [100,99,0.999999580349], [101,99,-0.999998326084], [72,100,-0.003358291728], [85,100,-0.004119540674], [88,100,0.706067796182], [99,100,0.999999580349], [100,100,2.000000000000], [101,100,0.999999582691], [72,101,-0.002444721129], [86,101,-0.705994717536], [89,101,-0.000998265281], [90,101,0.709542735109], [99,101,-0.999998326084], [100,101,0.999999582691], [101,101,2.000000000000], [76,102,-0.001104267033], [93,102,0.711562664469], [95,102,0.705397117785], [96,102,0.006990491643], [98,102,-0.704855216547], [102,102,2.000000000000], [103,102,0.999999725136], [104,102,-0.999998901971], [76,103,-0.000362830168], [81,103,0.003344828674], [95,103,0.705922463587], [97,103,0.710780046897], [102,103,0.999999725136], [103,103,2.000000000000], [104,103,0.999999725849], [81,104,0.002604358441], [93,104,-0.710520659589], [96,104,-0.005508610110], [97,104,0.710258992392], [98,104,0.705905637277], [102,104,-0.999998901971], [103,104,0.999999725849], [104,104,2.000000000000], ]
},
"Minv": {
"shape": [147, 147],
"data": [[0,0,1.000000000000], [1,1,1.000000000000], [2,2,2.000000000000], [3,3,1.000000000000], [4,4,1.000000000000], [5,5,2.000000000000], [6,6,1.000000000000], [7,7,1.000000000000], [8,8,2.000000000000], [9,9,1.000000000000], [10,10,1.000000000000], [11,11,2.000000000000], [12,12,1.000000000000], [13,13,1.000000000000], [14,14,2.000000000000], [15,15,1.000000000000], [16,16,1.000000000000], [17,17,2.000000000000], [18,18,1.000000000000], [19,19,1.000000000000], [20,20,2.000000000000], [21,21,1.000000000000], [22,22,1.000000000000], [23,23,2.000000000000], [24,24,1.000000000000], [25,25,1.000000000000], [26,26,2.000000000000], [27,27,1.000000000000], [28,28,1.000000000000], [29,29,2.000000000000], [30,30,1.000000000000], [31,31,1.000000000000], [32,32,2.000000000000], [33,33,1.000000000000], [34,34,1.000000000000], [35,35,2.000000000000], [36,36,1.000000000000], [37,37,1.000000000000], [38,38,2.000000000000], [39,39,1.000000000000], [40,40,1.000000000000], [41,41,2.000000000000], [42,42,1.000000000000], [43,43,1.000000000000], [44,44,2.000000000000], [45,45,1.000000000000], [46,46,1.000000000000], [47,47,2.000000000000], [48,48,1.000000000000], [49,49,1.000000000000], [50,50,2.000000000000], [51,51,1.000000000000], [52,52,1.000000000000], [53,53,2.000000000000], [54,54,1.000000000000], [55,55,1.000000000000], [56,56,2.000000000000], [57,57,1.000000000000], [58,58,1.000000000000], [59,59,2.000000000000], [60,60,1.000000000000], [61,61,1.000000000000], [62,62,2.000000000000], [63,63,1.000000000000], [64,64,1.000000000000], [65,65,2.000000000000], [66,66,1.000000000000], [67,67,1.000000000000], [68,68,2.000000000000], [69,69,1.000000000000], [70,70,1.000000000000], [71,71,2.000000000000], [72,72,1.000000000000], [73,73,1.000000000000], [74,74,2.000000000000], [75,75,1.000000000000], [76,76,1.000000000000], [77,77,2.000000000000], [78,78,1.000000000000], [79,79,1.000000000000], [80,80,2.000000000000], [81,81,1.000000000000], [82,82,1.000000000000], [83,83,2.000000000000], [84,84,1.000000000000], [85,85,1.000000000000], [86,86,2.000000000000], [87,87,1.000000000000], [88,88,1.000000000000], [89,89,2.000000000000], [90,90,1.000000000000], [91,91,1.000000000000], [92,92,2.000000000000], [93,93,1.000000000000], [94,94,1.000000000000], [95,95,2.000000000000], [96,96,1.000000000000], [97,97,1.000000000000], [98,98,2.000000000000], [99,99,1.000000000000], [100,100,1.000000000000], [101,101,2.000000000000], [102,102,1.000000000000], [103,103,1.000000000000], [104,104,2.000000000000], [105,105,1.000000000000], [106,106,1.000000000000], [107,107,2.000000000000], [108,108,1.000000000000], [109,109,1.000000000000], [110,110,2.000000000000], [111,111,1.000000000000], [112,112,1.000000000000], [113,113,2.000000000000], [114,114,1.000000000000], [115,115,1.000000000000], [116,116,2.000000000000], [117,117,1.000000000000], [118,118,1.000000000000], [119,119,2.000000000000], [120,120,1.000000000000], [121,121,1.000000000000], [122,122,2.000000000000], [123,123,1.000000000000], [124,124,1.000000000000], [125,125,2.000000000000], [126,126,1.000000000000], [127,127,1.000000000000], [128,128,2.000000000000], [129,129,1.000000000000], [130,130,1.000000000000], [131,131,2.000000000000], [132,132,1.000000000000], [133,133,1.000000000000], [134,134,2.000000000000], [135,135,1.000000000000], [136,136,1.000000000000], [137,137,2.000000000000], [138,138,1.000000000000], [139,139,1.000000000000], [140,140,2.000000000000], [141,141,1.000000000000], [142,142,1.000000000000], [143,143,2.000000000000], [144,144,1.000000000000], [145,145,1.000000000000], [146,146,2.000000000000], ]
},
"v0": {
"shape": [147, 1],
