{
"N": {
"shape": [147, 111],
"data": [[0,0,0.000893453995], [1,0,-0.999999600870], [3,0,-0.000893453995], [4,0,0.999999600870], [0,1,0.000567473946], [1,1,-0.999999838987], [6,1,-0.000567473946], [7,1,0.999999838987], [3,2,0.000239828422], [4,2,-0.999999971241], [6,2,-0.000239828422], [7,2,0.999999971241], [9,3,0.001490146213], [10,3,-0.999998889732], [15,3,-0.001490146213], [16,3,0.999998889732], [9,4,-0.999978646913], [10,4,-0.006534961251], [30,4,0.999978646913], [31,4,0.006534961251], [9,5,-0.705745854162], [10,5,-0.708465093941], [33,5,0.705745854162], [34,5,0.708465093941], [9,6,-0.999997650140], [10,6,-0.002167882390], [51,6,0.999997650140], [52,6,0.002167882390], [12,7,-0.000873577807], [13,7,-0.999999618431], [15,7,0.000873577807], [16,7,0.999999618431], [12,8,-0.709342277135], [13,8,0.704864195338], [30,8,0.709342277135], [31,8,-0.704864195338], [12,9,-0.999994495114], [13,9,-0.003318092991], [33,9,0.999994495114], [34,9,0.003318092991], [12,10,-0.706828295923], [13,10,-0.707385156816], [36,10,0.706828295923], [37,10,0.707385156816], [12,11,-0.999997651320], [13,11,0.002167337888], [54,11,0.999997651320], [55,11,-0.002167337888], [15,12,-0.999999875733], [16,12,-0.000498532510], [57,12,0.999999875733], [58,12,0.000498532510], [18,13,-0.706864698835], [19,13,0.707348780689], [36,13,0.706864698835], [37,13,-0.707348780689], [18,14,-0.999954006505], [19,14,0.009590874539], [39,14,0.999954006505], [40,14,-0.009590874539], [24,15,0.004998060964], [25,15,-0.999987509615], [27,15,-0.004998060964], [28,15,0.999987509615], [24,16,-0.705897646068], [25,16,0.708313852241], [42,16,0.705897646068], [43,16,-0.708313852241], [24,17,-0.999997898932], [25,17,0.002049909914], [66,17,0.999997898932], [67,17,-0.002049909914], [27,18,-0.707620827340], [28,18,0.706592361064], [45,18,0.707620827340], [46,18,-0.706592361064], [27,19,-0.999999996914], [28,19,0.000078559015], [48,19,0.999999996914], [49,19,-0.000078559015], [27,20,-0.705634154038], [28,20,-0.708576347795], [51,20,0.705634154038], [52,20,0.708576347795], [27,21,-0.999999978260], [28,21,0.000208516804], [69,21,0.999999978260], [70,21,-0.000208516804], [30,22,-0.003538497374], [31,22,-0.999993739499], [33,22,0.003538497374], [34,22,0.999993739499], [30,23,-0.000360409724], [31,23,-0.999999935052], [36,23,0.000360409724], [37,23,0.999999935052], [33,24,-0.704524152878], [34,24,0.709680010999], [51,24,0.704524152878], [52,24,-0.709680010999], [33,25,-0.705833292070], [34,25,-0.708377980887], [57,25,0.705833292070], [58,25,0.708377980887], [33,26,-0.999999521588], [34,26,0.000978173483], [75,26,0.999999521588], [76,26,-0.000978173483], [36,27,0.003412989027], [37,27,-0.999994175736], [39,27,-0.003412989027], [40,27,0.999994175736], [36,28,-0.999999481391], [37,28,0.001018439099], [57,28,0.999999481391], [58,28,-0.001018439099], [42,29,-0.000951374208], [43,29,-0.999999547443], [45,29,0.000951374208], [46,29,0.999999547443], [42,30,-0.002477040827], [43,30,-0.999996932130], [48,30,0.002477040827], [49,30,0.999996932130], [42,31,-0.999999984554], [43,31,0.000175759184], [63,31,0.999999984554], [64,31,-0.000175759184], [42,32,-0.707875589909], [43,32,-0.706337135659], [66,32,0.707875589909], [67,32,0.706337135659], [42,33,-0.999999713221], [43,33,0.000757336567], [84,33,0.999999713221], [85,33,-0.000757336567], [45,34,0.002576251478], [46,34,-0.999996681459], [51,34,-0.002576251478], [52,34,0.999996681459], [45,35,-0.708265273429], [46,35,0.705946387804], [63,35,0.708265273429], [64,35,-0.705946387804], [45,36,-0.999983485310], [46,36,0.005747095576], [66,36,0.999983485310], [67,36,-0.005747095576], [45,37,-0.706767238721], [46,37,-0.707446160687], [69,37,0.706767238721], [70,37,0.707446160687], [45,38,-0.999996184532], [46,38,0.002762412095], [87,38,0.999996184532], [88,38,-0.002762412095], [48,39,0.009151773031], [49,39,-0.999958121648], [51,39,-0.009151773031], [52,39,0.999958121648], [48,40,0.003583090958], [49,40,-0.999993580709], [54,40,-0.003583090958], [55,40,0.999993580709], [48,41,-0.702271776560], [49,41,0.711908949127], [66,41,0.702271776560], [67,41,-0.711908949127], [48,42,-0.999999942237], [49,42,0.000339890758], [69,42,0.999999942237], [70,42,-0.000339890758], [48,43,-0.707700361975], [49,43,-0.706512701698], [72,43,0.707700361975], [73,43,0.706512701698], [48,44,-0.999999548049], [49,44,-0.000950737174], [90,44,0.999999548049], [91,44,0.000950737174], [51,45,-0.002026439982], [52,45,-0.999997946768], [54,45,0.002026439982], [55,45,0.999997946768], [51,46,-0.000816984995], [52,46,-0.999999666268], [57,46,0.000816984995], [58,46,0.999999666268], [51,47,-0.999994053111], [52,47,0.003448730669], [72,47,0.999994053111], [73,47,-0.003448730669], [51,48,-0.999995659531], [52,48,0.002946340122], [93,48,0.999995659531], [94,48,-0.002946340122], [54,49,0.000376498788], [55,49,-0.999999929124], [57,49,-0.000376498788], [58,49,0.999999929124], [54,50,-0.710310675553], [55,50,0.703888303778], [72,50,0.710310675553], [73,50,-0.703888303778], [54,51,-0.999983874447], [55,51,-0.005678982792], [75,51,0.999983874447], [76,51,0.005678982792], [54,52,-0.706948047408], [55,52,-0.707265479340], [78,52,0.706948047408], [79,52,0.707265479340], [57,53,-0.709114673127], [58,53,0.705093171401], [75,53,0.709114673127], [76,53,-0.705093171401], [60,54,-0.710679979981], [61,54,0.703515434127], [78,54,0.710679979981], [79,54,-0.703515434127], [60,55,-0.999999922339], [61,55,0.000394108771], [81,55,0.999999922339], [82,55,-0.000394108771], [60,56,-0.999999679063], [61,56,-0.000801169787], [102,56,0.999999679063], [103,56,0.000801169787], [63,57,0.008013129764], [64,57,-0.999967894360], [66,57,-0.008013129764], [67,57,0.999967894360], [63,58,0.002692026528], [64,58,-0.999996376490], [69,58,-0.002692026528], [70,58,0.999996376490], [63,59,-0.999999098541], [64,59,0.001342727832], [84,59,0.999999098541], [85,59,-0.001342727832], [63,60,-0.707730253650], [64,60,-0.706482758508], [87,60,0.707730253650], [88,60,0.706482758508], [66,61,-0.710645305341], [67,61,0.703550460164], [84,61,0.710645305341], [85,61,-0.703550460164], [69,62,-0.999997492429], [70,62,-0.002239450049], [90,62,0.999997492429], [91,62,0.002239450049], [69,63,-0.708101548251], [70,63,-0.706110612698], [93,63,0.708101548251], [94,63,0.706110612698], [72,64,-0.000339027487], [73,64,-0.999999942530], [75,64,0.000339027487], [76,64,0.999999942530], [72,65,-0.000718794474], [73,65,-0.999999741667], [78,65,0.000718794474], [79,65,0.999999741667], [72,66,-0.999997031108], [73,66,0.002436754861], [93,66,0.999997031108], [94,66,-0.002436754861], [75,67,-0.001098728216], [76,67,-0.999999396398], [78,67,0.001098728216], [79,67,0.999999396398], [75,68,0.001163761461], [76,68,-0.999999322829], [81,68,-0.001163761461], [82,68,0.999999322829], [78,69,-0.705647541595], [79,69,-0.708563015575], [102,69,0.705647541595], [103,69,0.708563015575], [81,70,-0.709242617771], [82,70,0.704964473670], [99,70,0.709242617771], [100,70,-0.704964473670], [81,71,-0.999997993242], [82,71,-0.002003375350], [102,71,0.999997993242], [103,71,0.002003375350], [84,72,0.001465585056], [85,72,-0.999998926030], [87,72,-0.001465585056], [88,72,0.999998926030], [84,73,0.003843484230], [85,73,-0.999992613787], [90,73,-0.003843484230], [91,73,0.999992613787], [84,74,-0.708491102430], [85,74,-0.705719744500], [108,74,0.708491102430], [109,74,0.705719744500], [87,75,0.002277365189], [88,75,-0.999997406801], [93,75,-0.002277365189], [94,75,0.999997406801], [87,76,-0.999999987006], [88,76,0.000161210530], [108,76,0.999999987006], [109,76,-0.000161210530], [90,77,-0.001698797555], [91,77,-0.999998557042], [93,77,0.001698797555], [94,77,0.999998557042], [96,78,0.000234716042], [97,78,-0.999999972454], [99,78,-0.000234716042], [100,78,0.999999972454], [96,79,0.004060888502], [97,79,-0.999991754558], [102,79,-0.004060888502], [103,79,0.999991754558], [96,80,-0.708893264172], [97,80,0.705315773262], [114,80,0.708893264172], [115,80,-0.705315773262], [96,81,-0.704232570098], [97,81,-0.709969356531], [120,81,0.704232570098], [121,81,0.709969356531], [96,82,-0.999999771446], [97,82,-0.000676096960], [138,82,0.999999771446], [139,82,0.000676096960], [99,83,0.007913186253], [100,83,-0.999968690252], [102,83,-0.007913186253], [103,83,0.999968690252], [99,84,-0.999999528406], [100,84,-0.000971178978], [120,84,0.999999528406], [121,84,0.000971178978], [99,85,-0.709223600535], [100,85,-0.704983605798], [123,85,0.709223600535], [124,85,0.704983605798], [99,86,-0.999999835267], [100,86,-0.000573991085], [141,86,0.999999835267], [142,86,0.000573991085], [105,87,-0.004096291303], [106,87,-0.999991610164], [108,87,0.004096291303], [109,87,0.999991610164], [105,88,-0.999999989926], [106,88,0.000141942577], [126,88,0.999999989926], [127,88,-0.000141942577], [105,89,-0.710438392541], [106,89,-0.703759398092], [129,89,0.710438392541], [130,89,0.703759398092], [108,90,-0.707719907206], [109,90,0.706493123070], [126,90,0.707719907206], [127,90,-0.706493123070], [111,91,-0.003262303565], [112,91,-0.999994678674], [117,91,0.003262303565], [118,91,0.999994678674], [111,92,-0.706368062964], [112,92,0.707844728471], [129,92,0.706368062964], [130,92,-0.707844728471], [111,93,-0.999999559725], [112,93,0.000938376568], [132,93,0.999999559725], [133,93,-0.000938376568], [111,94,-0.709161733495], [112,94,-0.705045839464], [135,94,0.709161733495], [136,94,0.705045839464], [114,95,-0.000666069908], [115,95,-0.999999778175], [117,95,0.000666069908], [118,95,0.999999778175], [114,96,0.001646720552], [115,96,-0.999998644155], [120,96,-0.001646720552], [121,96,0.999998644155], [114,97,-0.705834599640], [115,97,0.708376678012], [132,97,0.705834599640], [133,97,-0.708376678012], [114,98,-0.999993262124], [115,98,-0.003670927103], [135,98,0.999993262124], [136,98,0.003670927103], [114,99,-0.705663039160], [115,99,-0.708547581439], [138,99,0.705663039160], [139,99,0.708547581439], [117,100,-0.707295130678], [118,100,0.706918381512], [135,100,0.707295130678], [136,100,-0.706918381512], [117,101,-0.999978596041], [118,101,0.006542741007], [138,101,0.999978596041], [139,101,-0.006542741007], [117,102,-0.707127877442], [118,102,-0.707085684301], [141,102,0.707127877442], [142,102,0.707085684301], [120,103,-0.704291974344], [121,103,0.709910427360], [138,103,0.704291974344], [139,103,-0.709910427360], [120,104,-0.999999984071], [121,104,-0.000178488250], [141,104,0.999999984071], [142,104,0.000178488250], [120,105,-0.707252501910], [121,105,-0.706961030427], [144,105,0.707252501910], [145,105,0.706961030427], [123,106,-0.999987532751], [124,106,-0.004993429944], [144,106,0.999987532751], [145,106,0.004993429944], [132,107,-0.006290510525], [133,107,-0.999980214543], [135,107,0.006290510525], [136,107,0.999980214543], [135,108,0.001211629675], [136,108,-0.999999265976], [141,108,-0.001211629675], [142,108,0.999999265976], [138,109,-0.005632602104], [139,109,-0.999984136771], [141,109,0.005632602104], [142,109,0.999984136771], [138,110,-0.001923784990], [139,110,-0.999998149524], [144,110,0.001923784990], [145,110,0.999998149524], ]
},
"Q": {
"shape": [111, 111],
"data": [[0,0,2.000000000000], [1,0,0.999999946868], [2,0,-0.999999786387], [0,1,0.999999946868], [1,1,2.000000000000], [2,1,0.999999946324], [0,2,-0.999999786387], [1,2,0.999999946324], [2,2,2.000000000000], [3,3,2.000000000000], [4,3,0.005044839601], [5,3,0.707412642843], [6,3,0.000677737271], [7,3,0.999997206404], [12,3,0.000991614071], [3,4,0.005044839601], [4,4,2.000000000000], [5,4,0.710360576246], [6,4,0.999990464131], [8,4,0.704720870284], [22,4,-0.010073342155], [23,4,-0.006895362854], [3,5,0.707412642843], [4,5,0.710360576246], [5,5,2.000000000000], [6,5,0.707280064759], [9,5,0.708092722174], [22,5,0.710957938446], [24,5,0.005568515610], [25,5,-0.999999992383], [26,5,-0.705052514756], [3,6,0.000677737271], [4,6,0.999990464131], [5,6,0.707280064759], [6,6,2.000000000000], [20,6,0.707168606083], [24,6,0.702983994547], [34,6,-0.000408370229], [39,6,-0.006983959924], [45,6,-0.004194313158], [46,6,-0.002984864741], [47,6,-0.999984226822], [48,6,-0.999986922362], [3,7,0.999997206404], [7,7,2.000000000000], [8,7,-0.704244260712], [9,7,0.004191664723], [10,7,0.708002356412], [11,7,-0.001293761306], [12,7,-0.001372110019], [4,8,0.704720870284], [7,8,-0.704244260712], [8,8,2.000000000000], [9,8,0.706999567341], [10,8,0.002772723621], [11,8,0.710868289994], [22,8,0.702349776749], [23,8,0.704608495704], [5,9,0.708092722174], [7,9,0.004191664723], [8,9,0.706999567341], [9,9,2.000000000000], [10,9,0.709171574644], [11,9,0.999984955019], [22,9,0.006856550112], [24,9,-0.702165490283], [25,9,-0.708179870552], [26,9,-0.999990771035], [7,10,0.708002356412], [8,10,0.002772723621], [9,10,0.709171574644], [10,10,2.000000000000], [11,10,0.705293493157], [13,10,-0.000736057626], [23,10,0.707639858664], [27,10,-0.704968639600], [28,10,-0.706107500653], [7,11,-0.001293761306], [8,11,0.710868289994], [9,11,0.999984955019], [10,11,0.705293493157], [11,11,2.000000000000], [40,11,-0.005750406518], [45,11,-0.000140898216], [49,11,0.002543835638], [50,11,-0.711834571051], [51,11,-0.999969217531], [52,11,-0.705413503744], [3,12,0.000991614071], [7,12,-0.001372110019], [12,12,2.000000000000], [25,12,0.706186353811], [28,12,0.999998849398], [46,12,0.001315517238], [49,12,0.000122033734], [53,12,-0.708763073138], [10,13,-0.000736057626], [13,13,2.000000000000], [14,13,0.713616281067], [23,13,-0.707093973837], [27,13,0.709757182363], [28,13,-0.707584723903], [13,14,0.713616281067], [14,14,2.000000000000], [27,14,-0.013003650731], [15,15,2.000000000000], [16,15,-0.711833124598], [17,15,-0.007047934773], [18,15,0.710120267488], [19,15,0.005076618982], [20,15,-0.705040694884], [21,15,0.005206575055], [15,16,-0.711833124598], [16,16,2.000000000000], [17,16,0.707348142518], [29,16,0.707641958875], [30,16,0.706563141937], [31,16,-0.706022127830], [32,16,0.000620664913], [33,16,-0.706433875612], [15,17,-0.007047934773], [16,17,0.707348142518], [17,17,2.000000000000], [32,17,0.706426175118], [36,17,0.999993165305], [41,17,0.703729650253], [57,17,-0.010062957028], [61,17,-0.712086027291], [15,18,0.710120267488], [18,18,2.000000000000], [19,18,0.707676334356], [20,18,-0.001353210703], [21,18,0.707768148338], [29,18,-0.705918829087], [34,18,0.708413025411], [35,18,-0.999999583704], [36,18,-0.711669995034], [37,18,-0.000247165196], [38,18,-0.709570026721], [15,19,0.005076618982], [18,19,0.707676334356], [19,19,2.000000000000], [20,19,0.705578486801], [21,19,0.999999991555], [30,19,0.002398482045], [39,19,0.009230328728], [40,19,0.003661649457], [41,19,-0.702327701259], [42,19,-0.999999965853], [43,19,-0.707644856850], [44,19,-0.999999470275], [6,20,0.707168606083], [15,20,-0.705040694884], [18,20,-0.001353210703], [19,20,0.705578486801], [20,20,2.000000000000], [21,20,0.705486388623], [24,20,-0.005726165681], [34,20,0.706756105323], [39,20,0.702088870165], [45,20,-0.710004818186], [46,20,-0.709152603836], [47,20,-0.703186268728], [48,20,-0.703543384332], [15,21,0.005206575055], [18,21,0.707768148338], [19,21,0.999999991555], [20,21,0.705486388623], [21,21,2.000000000000], [37,21,0.706619708944], [42,21,0.999999991370], [58,21,-0.002900542518], [62,21,-0.999997003726], [63,21,-0.707954296929], [4,22,-0.010073342155], [5,22,0.710957938446], [8,22,0.702349776749], [9,22,0.006856550112], [22,22,2.000000000000], [23,22,0.999994949860], [24,22,0.707182611181], [25,22,-0.710871135336], [26,22,-0.002560328322], [4,23,-0.006895362854], [8,23,0.704608495704], [10,23,0.707639858664], [13,23,-0.707093973837], [22,23,0.999994949860], [23,23,2.000000000000], [27,23,-0.999992880714], [28,23,0.000658029496], [5,24,0.005568515610], [6,24,0.702983994547], [9,24,-0.702165490283], [20,24,-0.005726165681], [22,24,0.707182611181], [24,24,2.000000000000], [25,24,-0.005445091099], [26,24,0.705218005994], [34,24,-0.711492687287], [39,24,-0.716097935912], [45,24,0.708250877950], [46,24,0.709104188494], [47,24,-0.706967458370], [48,24,-0.706612053602], [5,25,-0.999999992383], [9,25,-0.708179870552], [12,25,0.706186353811], [22,25,-0.710871135336], [24,25,-0.005445091099], [25,25,2.000000000000], [26,25,0.705140037834], [28,25,0.705111486185], [46,25,0.708954399687], [49,25,0.708112185301], [53,25,-0.001044267094], [5,26,-0.705052514756], [9,26,-0.999990771035], [22,26,-0.002560328322], [24,26,0.705218005994], [25,26,0.705140037834], [26,26,2.000000000000], [51,26,0.999977841013], [53,26,0.709804037321], [64,26,-0.000639146102], [67,26,-0.000120554798], [68,26,0.002141933725], [10,27,-0.704968639600], [13,27,0.709757182363], [14,27,-0.013003650731], [23,27,-0.999992880714], [27,27,2.000000000000], [28,27,-0.004431420425], [10,28,-0.706107500653], [12,28,0.999998849398], [13,28,-0.707584723903], [23,28,0.000658029496], [25,28,0.705111486185], [27,28,-0.004431420425], [28,28,2.000000000000], [46,28,-0.000201454188], [49,28,-0.001394937620], [53,28,-0.709832399828], [16,29,0.707641958875], [18,29,-0.705918829087], [29,29,2.000000000000], [30,29,0.999998836167], [31,29,0.000775615089], [32,29,0.707010270580], [33,29,0.000194037711], [34,29,-0.999993777924], [35,29,0.705272243010], [36,29,0.004795734479], [37,29,-0.708118240649], [38,29,0.001811040267], [16,30,0.706563141937], [19,30,0.002398482045], [29,30,0.999998836167], [30,30,2.000000000000], [31,30,0.002301282143], [32,30,0.708088405444], [33,30,0.001719705873], [39,30,-0.999932384591], [40,30,-0.999981637396], [41,30,0.710167209221], [42,30,-0.002137150968], [43,30,-0.708263536898], [44,30,-0.003427773965], [16,31,-0.706022127830], [29,31,0.000775615089], [30,31,0.002301282143], [31,31,2.000000000000], [32,31,0.707751433737], [33,31,0.999999830884], [35,31,0.708389339051], [57,31,0.008188883181], [58,31,0.002867785034], [59,31,-0.999999319092], [60,31,-0.707606071885], [16,32,0.000620664913], [17,32,0.706426175118], [29,32,0.707010270580], [30,32,0.708088405444], [31,32,0.707751433737], [32,32,2.000000000000], [33,32,0.707340451964], [36,32,0.703804512536], [41,32,-0.005726679867], [57,32,0.700642159294], [61,32,-0.006104647911], [16,33,-0.706433875612], [29,33,0.000194037711], [30,33,0.001719705873], [31,33,0.999999830884], [32,33,0.707340451964], [33,33,2.000000000000], [59,33,0.999999828658], [61,33,0.711177926032], [72,33,0.002222920389], [73,33,0.004600814100], [74,33,-0.707956431881], [6,34,-0.000408370229], [18,34,0.708413025411], [20,34,0.706756105323], [24,34,-0.711492687287], [29,34,-0.999993777924], [34,34,2.000000000000], [35,34,-0.707768714550], [36,34,-0.008323285436], [37,34,0.705623002854], [38,34,-0.005338644577], [39,34,0.999978380515], [45,34,-0.999989407615], [46,34,-0.999994242969], [47,34,0.006024955382], [48,34,0.005522570640], [18,35,-0.999999583704], [29,35,0.705272243010], [31,35,0.708389339051], [34,35,-0.707768714550], [35,35,2.000000000000], [36,35,0.712310718010], [37,35,0.001159629881], [38,35,0.710212685907], [57,35,0.711599144487], [58,35,0.707850498705], [59,35,-0.709212528820], [60,35,-0.002521810201], [17,36,0.999993165305], [18,36,-0.711669995034], [29,36,0.004795734479], [32,36,0.703804512536], [34,36,-0.008323285436], [35,36,0.712310718010], [36,36,2.000000000000], [37,36,0.702689805979], [38,36,0.999995545752], [41,36,0.706351587531], [57,36,-0.013759908491], [61,36,-0.714676940991], [18,37,-0.000247165196], [21,37,0.706619708944], [29,37,-0.708118240649], [34,37,0.705623002854], [35,37,0.001159629881], [36,37,0.702689805979], [37,37,2.000000000000], [38,37,0.704810284243], [42,37,0.706526743484], [58,37,0.705540961093], [62,37,-0.708349756791], [63,37,-0.999998217965], [18,38,-0.709570026721], [29,38,0.001811040267], [34,38,-0.005338644577], [35,38,0.710212685907], [36,38,0.999995545752], [37,38,0.704810284243], [38,38,2.000000000000], [60,38,0.705775956811], [72,38,-0.004227988593], [75,38,0.005039761431], [76,38,-0.999996616868], [6,39,-0.006983959924], [19,39,0.009230328728], [20,39,0.702088870165], [24,39,-0.716097935912], [30,39,-0.999932384591], [34,39,0.999978380515], [39,39,2.000000000000], [40,39,0.999984494261], [41,39,-0.718306167459], [42,39,-0.009491649027], [43,39,0.700006401023], [44,39,-0.008201071536], [45,39,-0.999937522984], [46,39,-0.999950311069], [47,39,0.012600304849], [48,39,0.012097950042], [11,40,-0.005750406518], [19,40,0.003661649457], [30,40,-0.999981637396], [39,40,0.999984494261], [40,40,2.000000000000], [41,40,-0.714420682829], [42,40,-0.003922979328], [43,40,0.703972411619], [44,40,-0.002632358267], [45,40,0.999984266572], [49,40,-0.999994858863], [50,40,0.706428893073], [51,40,-0.002095913159], [52,40,-0.704727880040], [17,41,0.703729650253], [19,41,-0.702327701259], [30,41,0.710167209221], [32,41,-0.005726679867], [36,41,0.706351587531], [39,41,-0.718306167459], [40,41,-0.714420682829], [41,41,2.000000000000], [42,41,0.702513707267], [43,41,-0.005974724534], [44,41,0.701594620865], [57,41,-0.717513487710], [61,41,-0.999930009839], [19,42,-0.999999965853], [21,42,0.999999991370], [30,42,-0.002137150968], [37,42,0.706526743484], [39,42,-0.009491649027], [40,42,-0.003922979328], [41,42,0.702513707267], [42,42,2.000000000000], [43,42,0.707460183958], [44,42,0.999999167140], [58,42,-0.003031915899], [62,42,-0.999996673497], [63,42,-0.707861506877], [19,43,-0.707644856850], [30,43,-0.708263536898], [39,43,0.700006401023], [40,43,0.703972411619], [41,43,-0.005974724534], [42,43,0.707460183958], [43,43,2.000000000000], [44,43,0.708371750019], [47,43,0.705259581337], [50,43,0.005381095008], [64,43,-0.706752590970], [65,43,-0.707021210292], [66,43,-0.705976662629], [19,44,-0.999999470275], [30,44,-0.003427773965], [39,44,-0.008201071536], [40,44,-0.002632358267], [41,44,0.701594620865], [42,44,0.999999167140], [43,44,0.708371750019], [44,44,2.000000000000], [62,44,0.999999169607], [73,44,-0.002892752341], [77,44,-0.002649532590], [6,45,-0.004194313158], [11,45,-0.000140898216], [20,45,-0.710004818186], [24,45,0.708250877950], [34,45,-0.999989407615], [39,45,-0.999937522984], [40,45,0.999984266572], [45,45,2.000000000000], [46,45,0.999999268608], [47,45,-0.001422295658], [48,45,-0.000919902886], [49,45,-0.999997112941], [50,45,0.702447456580], [51,45,-0.007705378436], [52,45,-0.708696614948], [6,46,-0.002984864741], [12,46,0.001315517238], [20,46,-0.709152603836], [24,46,0.709104188494], [25,46,0.708954399687], [28,46,-0.000201454188], [34,46,-0.999994242969], [39,46,-0.999950311069], [45,46,0.999999268608], [46,46,2.000000000000], [47,46,-0.002631749382], [48,46,-0.002129357689], [49,46,0.999999287798], [53,46,0.704513600041], [6,47,-0.999984226822], [20,47,-0.703186268728], [24,47,-0.706967458370], [34,47,0.006024955382], [39,47,0.012600304849], [43,47,0.705259581337], [45,47,-0.001422295658], [46,47,-0.002631749382], [47,47,2.000000000000], [48,47,0.999999873801], [50,47,0.712733972595], [64,47,0.003109705000], [65,47,0.002729939579], [66,47,-0.999999487948], [6,48,-0.999986922362], [20,48,-0.703543384332], [24,48,-0.706612053602], [34,48,0.005522570640], [39,48,0.012097950042], [45,48,-0.000919902886], [46,48,-0.002129357689], [47,48,0.999999873801], [48,48,2.000000000000], [63,48,0.706018032729], [66,48,0.999999870160], [75,48,-0.005223687785], [77,48,-0.001247545688], [11,49,0.002543835638], [12,49,0.000122033734], [25,49,0.708112185301], [28,49,-0.001394937620], [40,49,-0.999994858863], [45,49,-0.999997112941], [46,49,0.999999287798], [49,49,2.000000000000], [50,49,-0.704155684998], [51,49,0.005302489673], [52,49,0.706999264129], [53,49,0.705360102242], [11,50,-0.711834571051], [40,50,0.706428893073], [43,50,0.005381095008], [45,50,0.702447456580], [47,50,0.712733972595], [49,50,-0.704155684998], [50,50,2.000000000000], [51,50,0.706301851836], [52,50,0.004316846562], [64,50,0.703647448482], [65,50,0.703377554552], [66,50,-0.712023769963], [11,51,-0.999969217531], [26,51,0.999977841013], [40,51,-0.002095913159], [45,51,-0.007705378436], [49,51,0.005302489673], [50,51,0.706301851836], [51,51,2.000000000000], [52,51,0.710953195967], [53,51,0.705099026273], [64,51,0.006018004486], [67,51,-0.006777689863], [68,51,-0.004515236252], [11,52,-0.705413503744], [40,52,-0.704727880040], [45,52,-0.708696614948], [49,52,0.706999264129], [50,52,0.004316846562], [51,52,0.710953195967], [52,52,2.000000000000], [54,52,0.004841643439], [65,52,0.707773446980], [67,52,0.708041796200], [69,52,-0.999998312542], [12,53,-0.708763073138], [25,53,-0.001044267094], [26,53,0.709804037321], [28,53,-0.709832399828], [46,53,0.704513600041], [49,53,0.705360102242], [51,53,0.705099026273], [53,53,2.000000000000], [64,53,-0.704852721514], [67,53,0.704313621506], [68,53,0.705917934261], [52,54,0.004841643439], [54,54,2.000000000000], [55,54,0.710957186392], [56,54,0.710116116587], [65,54,-0.703004419543], [67,54,-0.702734165337], [69,54,-0.003004563226], [54,55,0.710957186392], [55,55,2.000000000000], [56,55,0.999999285655], [68,55,-0.001557869874], [70,55,-0.709520395373], [71,55,-0.999997126033], [54,56,0.710116116587], [55,56,0.999999285655], [56,56,2.000000000000], [69,56,0.706214994407], [71,56,0.999999277349], [79,56,-0.003259724018], [83,56,-0.007112039011], [17,57,-0.010062957028], [31,57,0.008188883181], [32,57,0.700642159294], [35,57,0.711599144487], [36,57,-0.013759908491], [41,57,-0.717513487710], [57,57,2.000000000000], [58,57,0.999985842525], [59,57,-0.009355807264], [60,57,0.700788942067], [61,57,0.709222365274], [21,58,-0.002900542518], [31,58,0.002867785034], [35,58,0.707850498705], [37,58,0.705540961093], [42,58,-0.003031915899], [57,58,0.999985842525], [58,58,2.000000000000], [59,58,-0.004034747068], [60,58,0.704574969943], [62,58,0.000452577843], [63,58,-0.704201825947], [31,59,-0.999999319092], [33,59,0.999999828658], [35,59,-0.709212528820], [57,59,-0.009355807264], [58,59,-0.004034747068], [59,59,2.000000000000], [60,59,0.706781001596], [61,59,0.711589341507], [72,59,0.002808310125], [73,59,0.005186198680], [74,59,-0.707542874212], [31,60,-0.707606071885], [35,60,-0.002521810201], [38,60,0.705775956811], [57,60,0.700788942067], [58,60,0.704574969943], [59,60,0.706781001596], [60,60,2.000000000000], [72,60,0.705444760883], [75,60,-0.704869166215], [76,60,-0.707616351993], [17,61,-0.712086027291], [32,61,-0.006104647911], [33,61,0.711177926032], [36,61,-0.714676940991], [41,61,-0.999930009839], [57,61,0.709222365274], [59,61,0.711589341507], [61,61,2.000000000000], [72,61,0.704591215711], [73,61,0.706276617615], [74,61,-0.006976424828], [21,62,-0.999997003726], [37,62,-0.708349756791], [42,62,-0.999996673497], [44,62,0.999999169607], [58,62,0.000452577843], [62,62,2.000000000000], [63,62,0.709681072082], [73,62,-0.001604041084], [77,62,-0.003938240113], [21,63,-0.707954296929], [37,63,-0.999998217965], [42,63,-0.707861506877], [48,63,0.706018032729], [58,63,-0.704201825947], [62,63,0.709681072082], [63,63,2.000000000000], [66,63,0.706378827506], [75,63,0.704496175796], [77,63,0.707312514989], [26,64,-0.000639146102], [43,64,-0.706752590970], [47,64,0.003109705000], [50,64,0.703647448482], [51,64,0.006018004486], [53,64,-0.704852721514], [64,64,2.000000000000], [65,64,0.999999927888], [66,64,-0.002097728240], [67,64,-0.999999711427], [68,64,-0.999998870812], [43,65,-0.707021210292], [47,65,0.002729939579], [50,65,0.703377554552], [52,65,0.707773446980], [54,65,-0.703004419543], [64,65,0.999999927888], [65,65,2.000000000000], [66,65,-0.001717961891], [67,65,0.999999927825], [69,65,-0.709070048084], [43,66,-0.705976662629], [47,66,-0.999999487948], [48,66,0.999999870160], [50,66,-0.712023769963], [63,66,0.706378827506], [64,66,-0.002097728240], [65,66,-0.001717961891], [66,66,2.000000000000], [75,66,-0.004714106969], [77,66,-0.000737958833], [26,67,-0.000120554798], [51,67,-0.006777689863], [52,67,0.708041796200], [53,67,0.704313621506], [54,67,-0.702734165337], [64,67,-0.999999711427], [65,67,0.999999927825], [67,67,2.000000000000], [68,67,0.999997440570], [69,67,-0.709337902750], [26,68,0.002141933725], [51,68,-0.004515236252], [53,68,0.705917934261], [55,68,-0.001557869874], [64,68,-0.999998870812], [67,68,0.999997440570], [68,68,2.000000000000], [70,68,0.705789385514], [71,68,-0.000839614868], [52,69,-0.999998312542], [54,69,-0.003004563226], [56,69,0.706214994407], [65,69,-0.709070048084], [67,69,-0.709337902750], [69,69,2.000000000000], [71,69,0.707065643210], [79,69,0.705691617172], [83,69,0.702956910220], [55,70,-0.709520395373], [68,70,0.705789385514], [70,70,2.000000000000], [71,70,0.707828886044], [78,70,-0.705130924871], [83,70,0.710554770343], [84,70,-0.708557636620], [85,70,-0.006023206421], [86,70,-0.708837857613], [55,71,-0.999997126033], [56,71,0.999999277349], [68,71,-0.000839614868], [69,71,0.707065643210], [70,71,0.707828886044], [71,71,2.000000000000], [79,71,-0.002057521522], [83,71,-0.005909857749], [33,72,0.002222920389], [38,72,-0.004227988593], [59,72,0.002808310125], [60,72,0.705444760883], [61,72,0.704591215711], [72,72,2.000000000000], [73,72,0.999997172778], [74,72,0.704680632606], [75,72,-0.999999670505], [76,72,0.001626795394], [33,73,0.004600814100], [44,73,-0.002892752341], [59,73,0.005186198680], [61,73,0.706276617615], [62,73,-0.001604041084], [72,73,0.999997172778], [73,73,2.000000000000], [74,73,0.702991457524], [77,73,-0.999984641539], [33,74,-0.707956431881], [59,74,-0.707542874212], [61,74,-0.006976424828], [72,74,0.704680632606], [73,74,0.702991457524], [74,74,2.000000000000], [76,74,0.708377323770], [87,74,0.708616009568], [90,74,-0.002827110964], [38,75,0.005039761431], [48,75,-0.005223687785], [60,75,-0.704869166215], [63,75,0.704496175796], [66,75,-0.004714106969], [72,75,-0.999999670505], [75,75,2.000000000000], [76,75,-0.002438575271], [77,75,0.999992095064], [38,76,-0.999996616868], [60,76,-0.707616351993], [72,76,0.001626795394], [74,76,0.708377323770], [75,76,-0.002438575271], [76,76,2.000000000000], [87,76,0.003935082072], [90,76,-0.707833792140], [44,77,-0.002649532590], [48,77,-0.001247545688], [62,77,-0.003938240113], [63,77,0.707312514989], [66,77,-0.000737958833], [73,77,-0.999984641539], [75,77,0.999992095064], [77,77,2.000000000000], [70,78,-0.705130924871], [78,78,2.000000000000], [79,78,0.999992680168], [80,78,-0.705482142455], [81,78,0.709804042293], [82,78,0.000441380953], [83,78,-0.999970520058], [84,78,-0.000736463020], [85,78,-0.704817120222], [86,78,-0.000339275066], [56,79,-0.003259724018], [69,79,0.705691617172], [71,79,-0.002057521522], [78,79,0.999992680168], [79,79,2.000000000000], [80,79,-0.708188694128], [81,79,0.707103692573], [82,79,-0.003384796189], [83,79,0.999992579635], [78,80,-0.705482142455], [79,80,-0.708188694128], [80,80,2.000000000000], [81,80,-0.001526860341], [82,80,0.708416240301], [95,80,0.704843444334], [96,80,0.706482166070], [97,80,-0.999990637717], [98,80,-0.706299324948], [99,80,-0.000489989940], [78,81,0.709804042293], [79,81,0.707103692573], [80,81,-0.001526860341], [81,81,2.000000000000], [82,81,0.704712417267], [84,81,0.704921745300], [96,81,0.708808719676], [103,81,0.008029302116], [104,81,-0.704359280068], [105,81,-0.999990914993], [78,82,0.000441380953], [79,82,-0.003384796189], [80,82,0.708416240301], [81,82,0.704712417267], [82,82,2.000000000000], [99,82,0.706141924744], [101,82,0.999973943965], [103,82,0.703811845093], [109,82,-0.006308687051], [110,82,-0.002599880260], [56,83,-0.007112039011], [69,83,0.702956910220], [70,83,0.710554770343], [71,83,-0.005909857749], [78,83,-0.999970520058], [79,83,0.999992579635], [83,83,2.000000000000], [84,83,-0.006942033951], [85,83,0.699349314493], [86,83,-0.007339211836], [70,84,-0.708557636620], [78,84,-0.000736463020], [81,84,0.704921745300], [83,84,-0.006942033951], [84,84,2.000000000000], [85,84,0.709907931327], [86,84,0.999999921121], [96,84,-0.000675542114], [103,84,-0.703602192120], [104,84,-0.999999685821], [105,84,-0.707938754064], [70,85,-0.006023206421], [78,85,-0.704817120222], [83,85,0.699349314493], [84,85,0.709907931327], [85,85,2.000000000000], [86,85,0.709628138007], [106,85,-0.712735044715], [70,86,-0.708837857613], [78,86,-0.000339275066], [83,86,-0.007339211836], [84,86,0.999999921121], [85,86,0.709628138007], [86,86,2.000000000000], [102,86,0.707533621834], [104,86,0.999999921789], [108,86,-0.000637638811], [109,86,0.006206583155], [74,87,0.708616009568], [76,87,0.003935082072], [87,87,2.000000000000], [88,87,0.003954349876], [89,87,0.706663656275], [90,87,0.703588168807], [87,88,0.003954349876], [88,88,2.000000000000], [89,88,0.710338491962], [90,88,0.707820181531], [87,89,0.706663656275], [88,89,0.710338491962], [89,89,2.000000000000], [92,89,0.003678611142], [74,90,-0.002827110964], [76,90,-0.707833792140], [87,90,0.703588168807], [88,90,0.707820181531], [90,90,2.000000000000], [91,91,2.000000000000], [92,91,-0.705536574748], [93,91,0.002323930554], [94,91,0.707355588537], [95,91,0.999996629772], [100,91,0.704607208342], [101,91,0.003280472452], [102,91,-0.709388787463], [89,92,0.003678611142], [91,92,-0.705536574748], [92,92,2.000000000000], [93,92,0.707031976875], [94,92,0.001866219222], [91,93,0.002323930554], [92,93,0.707031976875], [93,93,2.000000000000], [94,93,0.708499822773], [97,93,0.706499012955], [107,93,-0.005352149753], [91,94,0.707355588537], [92,94,0.001866219222], [93,94,0.708499822773], [94,94,2.000000000000], [98,94,0.711745127133], [100,94,0.003176777238], [107,94,0.709492879158], [108,94,-0.704186080544], [80,95,0.704843444334], [91,95,0.999996629772], [95,95,2.000000000000], [96,95,0.999997325500], [97,95,-0.707906385690], [98,95,0.004336991709], [99,95,0.709017445181], [100,95,0.706447116698], [101,95,0.005876683904], [102,95,-0.707556524053], [80,96,0.706482166070], [81,96,0.708808719676], [84,96,-0.000675542114], [95,96,0.999997325500], [96,96,2.000000000000], [97,96,-0.709538029904], [98,96,0.002024212670], [99,96,0.707384590929], [103,96,0.711069236900], [104,96,0.001468232518], [105,96,-0.705795424667], [80,97,-0.999990637717], [93,97,0.706499012955], [95,97,-0.707906385690], [96,97,-0.709538029904], [97,97,2.000000000000], [98,97,0.703229444667], [99,97,-0.003837193227], [107,97,0.703922602478], [80,98,-0.706299324948], [94,98,0.711745127133], [95,98,0.004336991709], [96,98,0.002024212670], [97,98,0.703229444667], [98,98,2.000000000000], [99,98,0.708259311011], [100,98,0.704695319164], [107,98,0.009961322613], [108,98,-0.002459302898], [80,99,-0.000489989940], [82,99,0.706141924744], [95,99,0.709017445181], [96,99,0.707384590929], [97,99,-0.003837193227], [98,99,0.708259311011], [99,99,2.000000000000], [101,99,0.701012091861], [103,99,-0.006012501273], [109,99,-0.712511060705], [110,99,-0.709903814252], [91,100,0.704607208342], [94,100,0.003176777238], [95,100,0.706447116698], [98,100,0.704695319164], [100,100,2.000000000000], [101,100,0.711905175645], [102,100,0.000296236944], [107,100,-0.702455147345], [108,100,0.707774842387], [82,101,0.999973943965], [91,101,0.003280472452], [95,101,0.005876683904], [99,101,0.701012091861], [100,101,0.711905175645], [101,101,2.000000000000], [102,101,0.702486463604], [103,101,0.708921659772], [109,101,0.000910155675], [110,101,0.004618985086], [86,102,0.707533621834], [91,102,-0.709388787463], [95,102,-0.707556524053], [100,102,0.000296236944], [101,102,0.702486463604], [102,102,2.000000000000], [104,102,0.707254072664], [108,102,0.706228388164], [109,102,0.711057437609], [81,103,0.008029302116], [82,103,0.703811845093], [84,103,-0.703602192120], [96,103,0.711069236900], [99,103,-0.006012501273], [101,103,0.708921659772], [103,103,2.000000000000], [104,103,0.704165252456], [105,103,-0.003766746308], [109,103,0.705932169432], [110,103,0.708554207359], [81,104,-0.704359280068], [84,104,-0.999999685821], [86,104,0.999999921789], [96,104,0.001468232518], [102,104,0.707254072664], [103,104,0.704165252456], [104,104,2.000000000000], [105,104,0.707378674881], [108,104,-0.001033141537], [109,104,0.005811087432], [81,105,-0.999990914993], [84,105,-0.707938754064], [96,105,-0.705795424667], [103,105,-0.003766746308], [104,105,0.707378674881], [105,105,2.000000000000], [106,105,0.710773844795], [110,105,0.708320323960], [85,106,-0.712735044715], [105,106,0.710773844795], [106,106,2.000000000000], [110,106,0.006917181710], [93,107,-0.005352149753], [94,107,0.709492879158], [97,107,0.703922602478], [98,107,0.009961322613], [100,107,-0.702455147345], [107,107,2.000000000000], [108,107,-0.999971858765], [86,108,-0.000637638811], [94,108,-0.704186080544], [98,108,-0.002459302898], [100,108,0.707774842387], [102,108,0.706228388164], [104,108,-0.001033141537], [107,108,-0.999971858765], [108,108,2.000000000000], [109,108,0.999976578131], [82,109,-0.006308687051], [86,109,0.006206583155], [99,109,-0.712511060705], [101,109,0.000910155675], [102,109,0.711057437609], [103,109,0.705932169432], [104,109,0.005811087432], [108,109,0.999976578131], [109,109,2.000000000000], [110,109,0.999993122240], [82,110,-0.002599880260], [99,110,-0.709903814252], [101,110,0.004618985086], [103,110,0.708554207359], [105,110,0.708320323960], [106,110,0.006917181710], [109,110,0.999993122240], [110,110,2.000000000000], ]
},
"Minv": {
"shape": [147, 147],
