{
"N": {
"shape": [147, 105],
"data": [[0,0,0.000363113698], [1,0,-0.999999934074], [3,0,-0.000363113698], [4,0,0.999999934074], [0,1,-0.001898145848], [1,1,-0.999998198520], [6,1,0.001898145848], [7,1,0.999998198520], [0,2,-0.704839448863], [1,2,-0.709366866527], [24,2,0.704839448863], [25,2,0.709366866527], [0,3,-0.999999983408], [1,3,-0.000182165270], [42,3,0.999999983408], [43,3,0.000182165270], [3,4,-0.999999998586], [4,4,-0.000053185249], [24,4,0.999999998586], [25,4,0.000053185249], [6,5,-0.001054044922], [7,5,-0.999999444494], [9,5,0.001054044922], [10,5,0.999999444494], [6,6,0.002944214698], [7,6,-0.999995665791], [12,6,-0.002944214698], [13,6,0.999995665791], [9,7,0.006940617421], [10,7,-0.999975913625], [12,7,-0.006940617421], [13,7,0.999975913625], [15,8,-0.999996789904], [16,8,-0.002533807668], [36,8,0.999996789904], [37,8,0.002533807668], [18,9,-0.710053063060], [19,9,0.704148171650], [36,9,0.710053063060], [37,9,-0.704148171650], [21,10,0.002694406622], [22,10,-0.999996370080], [24,10,-0.002694406622], [25,10,0.999996370080], [21,11,0.000392824785], [22,11,-0.999999922844], [27,11,-0.000392824785], [28,11,0.999999922844], [21,12,-0.999998918426], [22,12,0.001470764290], [42,12,0.999998918426], [43,12,-0.001470764290], [21,13,-0.705884639902], [22,13,-0.708326813802], [45,13,0.705884639902], [46,13,0.708326813802], [21,14,-0.999999915936], [22,14,-0.000410033280], [63,14,0.999999915936], [64,14,0.000410033280], [24,15,-0.004582435090], [25,15,-0.999989500589], [30,15,0.004582435090], [31,15,0.999989500589], [27,16,-0.007263451859], [28,16,-0.999973620786], [30,16,0.007263451859], [31,16,0.999973620786], [27,17,-0.000612356004], [28,17,-0.999999812510], [33,17,0.000612356004], [34,17,0.999999812510], [27,18,-0.999989526793], [28,18,-0.004576713323], [48,18,0.999989526793], [49,18,0.004576713323], [27,19,-0.709986154349], [28,19,-0.704215635038], [51,19,0.709986154349], [52,19,0.704215635038], [30,20,-0.707103450682], [31,20,0.707110111675], [48,20,0.707103450682], [49,20,-0.707110111675], [30,21,-0.999996115711], [31,21,0.002787214256], [51,21,0.999996115711], [52,21,-0.002787214256], [30,22,-0.708736577702], [31,22,-0.705473219497], [54,22,0.708736577702], [55,22,0.705473219497], [30,23,-0.999999265814], [31,23,0.001211763497], [72,23,0.999999265814], [73,23,-0.001211763497], [33,24,-0.709410454475], [34,24,0.704795578222], [51,24,0.709410454475], [52,24,-0.704795578222], [33,25,-0.999999999277], [34,25,-0.000038016033], [54,25,0.999999999277], [55,25,0.000038016033], [33,26,-0.704458480319], [34,26,-0.709745200411], [57,26,0.704458480319], [58,26,0.709745200411], [33,27,-0.999998008531], [34,27,-0.001995728752], [75,27,0.999998008531], [76,27,0.001995728752], [36,28,-0.705113613480], [37,28,-0.709094346392], [60,28,0.705113613480], [61,28,0.709094346392], [39,29,-0.999993704219], [40,29,-0.003548453646], [60,29,0.999993704219], [61,29,0.003548453646], [39,30,-0.999999954254], [40,30,0.000302477039], [81,30,0.999999954254], [82,30,-0.000302477039], [42,31,-0.705056616271], [43,31,-0.709151019073], [66,31,0.705056616271], [67,31,0.709151019073], [45,32,0.000084579155], [46,32,-0.999999996423], [48,32,-0.000084579155], [49,32,0.999999996423], [45,33,-0.001323900070], [46,33,-0.999999123644], [51,33,0.001323900070], [52,33,0.999999123644], [45,34,-0.706876798395], [46,34,0.707336689202], [63,34,0.706876798395], [64,34,-0.707336689202], [45,35,-0.999971727224], [46,35,0.007519624459], [66,35,0.999971727224], [67,35,-0.007519624459], [45,36,-0.707807131413], [46,36,-0.706405736614], [69,36,0.707807131413], [70,36,0.706405736614], [45,37,-0.999991436591], [46,37,0.004138447045], [87,37,0.999991436591], [88,37,-0.004138447045], [48,38,-0.002744364180], [49,38,-0.999996234226], [51,38,0.002744364180], [52,38,0.999996234226], [48,39,-0.002056092720], [49,39,-0.999997886239], [54,39,0.002056092720], [55,39,0.999997886239], [51,40,-0.705895757491], [52,40,-0.708315734370], [75,40,0.705895757491], [76,40,0.708315734370], [54,41,0.005230856460], [55,41,-0.999986318977], [57,41,-0.005230856460], [58,41,0.999986318977], [54,42,0.002371266919], [55,42,-0.999997188543], [60,42,-0.002371266919], [61,42,0.999997188543], [54,43,-0.999992117560], [55,43,-0.003970493319], [75,43,0.999992117560], [76,43,0.003970493319], [57,44,-0.000520294855], [58,44,-0.999999864647], [60,44,0.000520294855], [61,44,0.999999864647], [57,45,-0.706520614266], [58,45,0.707692462597], [75,45,0.706520614266], [76,45,-0.707692462597], [57,46,-0.999992157088], [58,46,0.003960525654], [99,46,0.999992157088], [100,46,-0.003960525654], [60,47,-0.707711325291], [61,47,0.706501719782], [78,47,0.707711325291], [79,47,-0.706501719782], [63,48,0.009705323749], [64,48,-0.999952902236], [66,48,-0.009705323749], [67,48,0.999952902236], [63,49,0.001027036261], [64,49,-0.999999472598], [69,49,-0.001027036261], [70,49,0.999999472598], [63,50,-0.707044486976], [64,50,-0.707169069910], [87,50,0.707044486976], [88,50,0.707169069910], [63,51,-0.999999958107], [64,51,0.000289458704], [105,51,0.999999958107], [106,51,-0.000289458704], [66,52,-0.710809906465], [67,52,0.703384160236], [84,52,0.710809906465], [85,52,-0.703384160236], [69,53,-0.703582257749], [70,53,0.710613823803], [87,53,0.703582257749], [88,53,-0.710613823803], [69,54,-0.999997209516], [70,54,0.002362405650], [90,54,0.999997209516], [91,54,-0.002362405650], [69,55,-0.999999475057], [70,55,0.001024638984], [111,55,0.999999475057], [112,55,-0.001024638984], [72,56,-0.001784768316], [73,56,-0.999998407300], [75,56,0.001784768316], [76,56,0.999998407300], [72,57,-0.707289740029], [73,57,-0.706923774993], [96,57,0.707289740029], [97,57,0.706923774993], [72,58,-0.999999568645], [73,58,0.000928821793], [114,58,0.999999568645], [115,58,-0.000928821793], [75,59,-0.000925318771], [76,59,-0.999999571892], [81,59,0.000925318771], [82,59,0.999999571892], [75,60,-0.708548958347], [76,60,-0.705661656622], [99,60,0.708548958347], [100,60,0.705661656622], [78,61,-0.004643336333], [79,61,-0.999989219656], [81,61,0.004643336333], [82,61,0.999989219656], [78,62,-0.999972647038], [79,62,0.007396294777], [99,62,0.999972647038], [100,62,-0.007396294777], [78,63,-0.708516353218], [79,63,-0.705694393646], [102,63,0.708516353218], [103,63,0.705694393646], [81,64,-0.706281912134], [82,64,0.707930689116], [99,64,0.706281912134], [100,64,-0.707930689116], [81,65,-0.999999537746], [82,65,-0.000961512899], [102,65,0.999999537746], [103,65,0.000961512899], [81,66,-0.999999898610], [82,66,-0.000450310481], [123,66,0.999999898610], [124,66,0.000450310481], [84,67,0.002693565579], [85,67,-0.999996372346], [87,67,-0.002693565579], [88,67,0.999996372346], [84,68,0.000524315873], [85,68,-0.999999862546], [90,68,-0.000524315873], [91,68,0.999999862546], [84,69,-0.999999962238], [85,69,-0.000274816469], [105,69,0.999999962238], [106,69,0.000274816469], [84,70,-0.703685130487], [85,70,-0.710511954249], [108,70,0.703685130487], [109,70,0.710511954249], [84,71,-0.999999234572], [85,71,-0.001237277698], [126,71,0.999999234572], [127,71,0.001237277698], [87,72,-0.001626296002], [88,72,-0.999998677580], [90,72,0.001626296002], [91,72,0.999998677580], [87,73,-0.708212253718], [88,73,0.705999577680], [105,73,0.708212253718], [106,73,-0.705999577680], [90,74,0.005253824210], [91,74,-0.999986198570], [93,74,-0.005253824210], [94,74,0.999986198570], [90,75,-0.999999950810], [91,75,-0.000313655751], [111,75,0.999999950810], [112,75,0.000313655751], [90,76,-0.706467348801], [91,76,-0.707745635859], [114,76,0.706467348801], [115,76,0.707745635859], [90,77,-0.999999994409], [91,77,-0.000105749413], [132,77,0.999999994409], [133,77,0.000105749413], [93,78,-0.709961195290], [94,78,0.704240797727], [111,78,0.709961195290], [112,78,-0.704240797727], [93,79,-0.999997474768], [94,79,0.002247322531], [114,79,0.999997474768], [115,79,-0.002247322531], [93,80,-0.705915343283], [94,80,-0.708296214954], [117,80,0.705915343283], [118,80,0.708296214954], [93,81,-0.999999635020], [94,81,-0.000854377236], [135,81,0.999999635020], [136,81,0.000854377236], [96,82,-0.003852510592], [97,82,-0.999992579054], [99,82,0.003852510592], [100,82,0.999992579054], [96,83,-0.706578593418], [97,83,0.707634574709], [114,83,0.706578593418], [115,83,-0.707634574709], [96,84,-0.999988608753], [97,84,-0.004773087585], [117,84,0.999988608753], [118,84,0.004773087585], [96,85,-0.704650490664], [97,85,-0.709554568731], [120,85,0.704650490664], [121,85,0.709554568731], [96,86,-0.999997305747], [97,86,-0.002321314168], [138,86,0.999997305747], [139,86,0.002321314168], [99,87,-0.706777502491], [100,87,0.707435906618], [117,87,0.706777502491], [118,87,-0.707435906618], [102,88,-0.999999998399], [103,88,0.000056580164], [123,88,0.999999998399], [124,88,-0.000056580164], [102,89,-0.999999973455], [103,89,-0.000230413728], [144,89,0.999999973455], [145,89,0.000230413728], [105,90,0.004611483799], [106,90,-0.999989367052], [108,90,-0.004611483799], [109,90,0.999989367052], [108,91,-0.708344203766], [109,91,0.705867189343], [126,91,0.708344203766], [127,91,-0.705867189343], [108,92,-0.999991642594], [109,92,0.004088366790], [129,92,0.999991642594], [130,92,-0.004088366790], [111,93,0.006620817719], [112,93,-0.999978082146], [114,93,-0.006620817719], [115,93,0.999978082146], [111,94,-0.705836854013], [112,94,-0.708374431722], [135,94,0.705836854013], [136,94,0.708374431722], [117,95,-0.000909649897], [118,95,-0.999999586268], [120,95,0.000909649897], [121,95,0.999999586268], [117,96,-0.707487814235], [118,96,0.706725542703], [135,96,0.707487814235], [136,96,-0.706725542703], [117,97,-0.999999993812], [118,97,0.000111248736], [138,97,0.999999993812], [139,97,-0.000111248736], [120,98,-0.708436761836], [121,98,0.705774294289], [138,98,0.708436761836], [139,98,-0.705774294289], [120,99,-0.708413366883], [121,99,-0.705797776719], [144,99,0.708413366883], [145,99,0.705797776719], [126,100,-0.000788226890], [127,100,-0.999999689349], [129,100,0.000788226890], [130,100,0.999999689349], [126,101,0.002087354823], [127,101,-0.999997821473], [132,101,-0.002087354823], [133,101,0.999997821473], [138,102,0.005046283708], [139,102,-0.999987267429], [141,102,-0.005046283708], [142,102,0.999987267429], [138,103,0.002723152317], [139,103,-0.999996292214], [144,103,-0.002723152317], [145,103,0.999996292214], [141,104,0.000392507355], [142,104,-0.999999922969], [144,104,-0.000392507355], [145,104,0.999999922969], ]
},
"Q": {
"shape": [105, 105],
"data": [[0,0,2.000000000000], [1,0,0.999997443351], [2,0,0.709110882903], [3,0,-0.000180948433], [4,0,0.000309928452], [0,1,0.999997443351], [1,1,2.000000000000], [2,1,0.710703476690], [3,1,0.002080310759], [5,1,-0.999999643746], [6,1,-0.999988275769], [0,2,0.709110882903], [1,2,0.710703476690], [2,2,2.000000000000], [3,2,0.704968659175], [4,2,0.704877175720], [10,2,0.707465167503], [15,2,-0.712589299616], [0,3,-0.000180948433], [1,3,0.002080310759], [2,3,0.704968659175], [3,3,2.000000000000], [12,3,0.999998633911], [31,3,-0.705185787260], [0,4,0.000309928452], [2,4,0.704877175720], [4,4,2.000000000000], [10,4,-0.002641221563], [15,4,-0.004635619774], [1,5,-0.999999643746], [5,5,2.000000000000], [6,5,0.999992006953], [7,5,-0.999968042410], [1,6,-0.999988275769], [5,6,0.999992006953], [6,6,2.000000000000], [7,6,0.999992014188], [5,7,-0.999968042410], [6,7,0.999992014188], [7,7,2.000000000000], [8,8,2.000000000000], [9,8,0.708266607685], [28,8,-0.706908058690], [8,9,0.708266607685], [9,9,2.000000000000], [28,9,-0.001360593518], [2,10,0.707465167503], [4,10,-0.002641221563], [10,10,2.000000000000], [11,10,0.999997351354], [12,10,-0.004165162659], [13,10,0.706422302383], [14,10,-0.002284374605], [15,10,-0.999973523764], [10,11,0.999997351354], [11,11,2.000000000000], [12,11,-0.001863588537], [13,11,0.708049470168], [14,11,0.000017208496], [16,11,-0.999970690368], [17,11,-0.999999494806], [18,11,-0.004183892299], [19,11,-0.703936680546], [3,12,0.999998633911], [10,12,-0.004165162659], [11,12,-0.001863588537], [12,12,2.000000000000], [13,12,0.704842094652], [14,12,0.999998231300], [31,12,-0.704012859705], [10,13,0.706422302383], [11,13,0.708049470168], [12,13,0.704842094652], [13,13,2.000000000000], [14,13,0.706175018129], [32,13,-0.708267108142], [33,13,-0.709260713779], [34,13,0.002052069057], [35,13,-0.700538330950], [36,13,-0.999996306744], [37,13,-0.702947222114], [10,14,-0.002284374605], [11,14,0.000017208496], [12,14,0.999998231300], [13,14,0.706175018129], [14,14,2.000000000000], [34,14,0.706586707390], [48,14,0.009295308965], [49,14,0.000617003111], [50,14,-0.707334390392], [51,14,-0.999999755355], [2,15,-0.712589299616], [4,15,-0.004635619774], [10,15,-0.999973523764], [15,15,2.000000000000], [16,15,0.999996405948], [20,15,0.703862431771], [21,15,-0.001795232298], [22,15,-0.708713551807], [23,15,-0.003370680952], [11,16,-0.999970690368], [15,16,0.999996405948], [16,16,2.000000000000], [17,16,0.999977881119], [18,16,0.011839968380], [19,16,0.709354008636], [20,16,0.701955446793], [21,16,-0.004476282914], [22,16,-0.710602483681], [23,16,-0.006051714995], [11,17,-0.999999494806], [16,17,0.999977881119], [17,17,2.000000000000], [18,17,0.005189062056], [19,17,0.704650267290], [24,17,0.704361034329], [25,17,-0.000650372030], [26,17,-0.710176446721], [27,17,-0.002608083163], [11,18,-0.004183892299], [16,18,0.011839968380], [17,18,0.005189062056], [18,18,2.000000000000], [19,18,0.713201711596], [20,18,0.703859804772], [32,18,0.004492135038], [38,18,-0.007321031526], [39,18,-0.006632774835], [11,19,-0.703936680546], [16,19,0.709354008636], [17,19,0.704650267290], [18,19,0.713201711596], [19,19,2.000000000000], [21,19,0.708020596700], [24,19,0.007343534738], [33,19,0.705154968614], [38,19,0.706161443692], [40,19,-0.999983228920], [15,20,0.703862431771], [16,20,0.701955446793], [18,20,0.703859804772], [20,20,2.000000000000], [21,20,0.709071571472], [22,20,0.002302832695], [23,20,0.707959781758], [32,20,-0.707169915358], [38,20,0.705166899477], [39,20,0.705654746757], [15,21,-0.001795232298], [16,21,-0.004476282914], [19,21,0.708020596700], [20,21,0.709071571472], [21,21,2.000000000000], [22,21,0.706767519749], [23,21,0.999998758972], [24,21,0.711372115203], [33,21,-0.001463316887], [38,21,-0.000042850240], [40,21,-0.703918787874], [15,22,-0.708713551807], [16,22,-0.710602483681], [20,22,0.002302832695], [21,22,0.706767519749], [22,22,2.000000000000], [23,22,0.707881190662], [25,22,0.708763396483], [39,22,0.706928956413], [41,22,-0.701756268596], [42,22,-0.703790632488], [43,22,-0.711532067834], [15,23,-0.003370680952], [16,23,-0.006051714995], [20,23,0.707959781758], [21,23,0.999998758972], [22,23,0.707881190662], [23,23,2.000000000000], [56,23,-0.000573005439], [57,23,-0.706432596322], [58,23,-0.999999959972], [17,24,0.704361034329], [19,24,0.007343534738], [21,24,0.711372115203], [24,24,2.000000000000], [25,24,0.709383660430], [26,24,-0.000475068232], [27,24,0.708002460906], [33,24,-0.703855772020], [38,24,-0.702846043481], [40,24,-0.001552032564], [17,25,-0.000650372030], [22,25,0.708763396483], [24,25,0.709383660430], [25,25,2.000000000000], [26,25,0.704485461507], [27,25,0.999998083678], [39,25,0.002094108671], [41,25,0.005192840943], [42,25,0.002333250991], [43,25,-0.999992267780], [17,26,-0.710176446721], [24,26,-0.000475068232], [25,26,0.704485461507], [26,26,2.000000000000], [27,26,0.705873536315], [41,26,0.706050569178], [44,26,-0.710111630467], [45,26,0.004566890455], [46,26,-0.701641991239], [17,27,-0.002608083163], [24,27,0.708002460906], [25,27,0.999998083678], [26,27,0.705873536315], [27,27,2.000000000000], [40,27,0.707307957798], [43,27,0.999998050135], [45,27,0.705106845057], [56,27,0.003780490336], [59,27,-0.002921044826], [60,27,-0.709955856551], [8,28,-0.706908058690], [9,28,-0.001360593518], [28,28,2.000000000000], [29,28,0.707625362658], [42,28,0.707420340218], [44,28,0.709461117399], [47,28,0.001959485337], [28,29,0.707625362658], [29,29,2.000000000000], [30,29,0.999992585147], [42,29,0.001177191680], [44,29,0.004068744745], [47,29,-0.705199881092], [29,30,0.999992585147], [30,30,2.000000000000], [59,30,0.000622841819], [61,30,0.004340862342], [64,30,-0.706496012603], [65,30,-0.999999201165], [66,30,-0.999999716655], [3,31,-0.705185787260], [12,31,-0.704012859705], [31,31,2.000000000000], [35,31,0.699704133015], [48,31,0.702274816924], [52,31,-0.002355633433], [13,32,-0.708267108142], [18,32,0.004492135038], [20,32,-0.707169915358], [32,32,2.000000000000], [33,32,0.999999008093], [34,32,-0.707396473714], [35,32,-0.007604201196], [36,32,0.706345868358], [37,32,-0.004223025460], [38,32,-0.999995998533], [39,32,-0.999997708760], [13,33,-0.709260713779], [19,33,0.705154968614], [21,33,-0.001463316887], [24,33,-0.703855772020], [32,33,0.999999008093], [33,33,2.000000000000], [34,33,-0.706400235081], [35,33,-0.006195755230], [36,33,0.707342183461], [37,33,-0.002814554686], [38,33,0.999998991137], [40,33,-0.709249649076], [13,34,0.002052069057], [14,34,0.706586707390], [32,34,-0.707396473714], [33,34,-0.706400235081], [34,34,2.000000000000], [35,34,0.712175719295], [36,34,0.000665743965], [37,34,0.709798020551], [48,34,0.714163843404], [49,34,0.708062304255], [50,34,0.000413285340], [51,34,-0.707081513542], [13,35,-0.700538330950], [31,35,0.699704133015], [32,35,-0.007604201196], [33,35,-0.006195755230], [34,35,0.712175719295], [35,35,2.000000000000], [36,35,0.702475213886], [37,35,0.999994283625], [48,35,-0.017224319654], [52,35,-0.716078994632], [13,36,-0.999996306744], [32,36,0.706345868358], [33,36,0.707342183461], [34,36,0.000665743965], [35,36,0.702475213886], [36,36,2.000000000000], [37,36,0.704877647438], [49,36,0.705678420464], [53,36,0.003981142081], [54,36,-0.706136339385], [55,36,-0.707082948999], [13,37,-0.702947222114], [32,37,-0.004223025460], [33,37,-0.002814554686], [34,37,0.709798020551], [35,37,0.999994283625], [36,37,0.704877647438], [37,37,2.000000000000], [50,37,0.704111850517], [53,37,0.706517070366], [67,37,-0.006831974545], [72,37,0.002512159496], [73,37,-0.711127930873], [18,38,-0.007321031526], [19,38,0.706161443692], [20,38,0.705166899477], [21,38,-0.000042850240], [24,38,-0.702846043481], [32,38,-0.999995998533], [33,38,0.999998991137], [38,38,2.000000000000], [39,38,0.999999763140], [40,38,-0.710250302045], [18,39,-0.006632774835], [20,39,0.705654746757], [22,39,0.706928956413], [25,39,0.002094108671], [32,39,-0.999997708760], [38,39,0.999999763140], [39,39,2.000000000000], [41,39,-0.999973450119], [42,39,-0.999990199243], [43,39,-0.006026561440], [19,40,-0.999983228920], [21,40,-0.703918787874], [24,40,-0.001552032564], [27,40,0.707307957798], [33,40,-0.709249649076], [38,40,-0.710250302045], [40,40,2.000000000000], [43,40,0.708702556201], [45,40,-0.002539802162], [56,40,0.709574466618], [59,40,-0.708968609730], [60,40,-0.999992958198], [22,41,-0.701756268596], [25,41,0.005192840943], [26,41,0.706050569178], [39,41,-0.999973450119], [41,41,2.000000000000], [42,41,0.999995911315], [43,41,-0.001260376229], [44,41,-0.999983462038], [45,41,0.711378488559], [46,41,0.009191286905], [22,42,-0.703790632488], [25,42,0.002333250991], [28,42,0.707420340218], [29,42,0.001177191680], [39,42,-0.999990199243], [41,42,0.999995911315], [42,42,2.000000000000], [43,42,0.001599233929], [44,42,0.999995819432], [47,42,0.708177905936], [22,43,-0.711532067834], [25,43,-0.999992267780], [27,43,0.999998050135], [39,43,-0.006026561440], [40,43,0.708702556201], [41,43,-0.001260376229], [42,43,0.001599233929], [43,43,2.000000000000], [45,43,0.703705156965], [56,43,0.005755241244], [59,43,-0.004895803097], [60,43,-0.711345198146], [26,44,-0.710111630467], [28,44,0.709461117399], [29,44,0.004068744745], [41,44,-0.999983462038], [42,44,0.999995819432], [44,44,2.000000000000], [45,44,-0.707324767768], [46,44,-0.003440234344], [47,44,0.706133405593], [26,45,0.004566890455], [27,45,0.705106845057], [40,45,-0.002539802162], [41,45,0.711378488559], [43,45,0.703705156965], [44,45,-0.707324767768], [45,45,2.000000000000], [46,45,0.709317907241], [56,45,-0.706430359848], [59,45,0.707038402842], [60,45,-0.001213009754], [26,46,-0.701641991239], [41,46,0.009191286905], [44,46,-0.003440234344], [45,46,0.709317907241], [46,46,2.000000000000], [60,46,0.705748610165], [62,46,0.999994097555], [64,46,0.709080150483], [82,46,-0.000108015886], [87,46,-0.709573777354], [28,47,0.001959485337], [29,47,-0.705199881092], [42,47,0.708177905936], [44,47,0.706133405593], [47,47,2.000000000000], [61,47,0.703207961740], [62,47,-0.712917462269], [63,47,-0.002850744574], [14,48,0.009295308965], [31,48,0.702274816924], [34,48,0.714163843404], [35,48,-0.017224319654], [48,48,2.000000000000], [49,48,0.999962342579], [50,48,0.700273668177], [51,48,-0.009994768413], [52,48,0.710249672681], [14,49,0.000617003111], [34,49,0.708062304255], [36,49,0.705678420464], [48,49,0.999962342579], [49,49,2.000000000000], [50,49,0.706442536621], [51,49,-0.001316494769], [53,49,0.711336053516], [54,49,0.003389437799], [55,49,0.002051674165], [14,50,-0.707334390392], [34,50,0.000413285340], [37,50,0.704111850517], [48,50,0.700273668177], [49,50,0.706442536621], [50,50,2.000000000000], [51,50,0.706839761113], [53,50,-0.005060160368], [67,50,0.705262033852], [72,50,-0.708317998358], [73,50,-0.001476504896], [14,51,-0.999999755355], [34,51,-0.707081513542], [48,51,-0.009994768413], [49,51,-0.001316494769], [50,51,0.706839761113], [51,51,2.000000000000], [69,51,0.999999840797], [73,51,0.708416581771], [90,51,0.004900939231], [31,52,-0.002355633433], [35,52,-0.716078994632], [48,52,0.710249672681], [52,52,2.000000000000], [67,52,0.705296221699], [68,52,0.703756752471], [69,52,-0.710616578072], [70,52,-0.000423507505], [71,52,-0.709939080856], [36,53,0.003981142081], [37,53,0.706517070366], [49,53,0.711336053516], [50,53,-0.005060160368], [53,53,2.000000000000], [54,53,0.705259052526], [55,53,0.704310011035], [67,53,-0.712506390893], [72,53,0.709468651060], [73,53,-0.999978635935], [36,54,-0.706136339385], [49,54,0.003389437799], [53,54,0.705259052526], [54,54,2.000000000000], [55,54,0.999999105188], [68,54,-0.002886719735], [72,54,-0.000736111062], [74,54,0.007616182595], [75,54,-0.999996419344], [76,54,-0.704793395127], [77,54,-0.999996954101], [36,55,-0.707082948999], [49,55,0.002051674165], [53,55,0.704310011035], [54,55,0.999999105188], [55,55,2.000000000000], [75,55,0.999999104483], [78,55,0.710682415176], [93,55,0.007645430769], [94,55,-0.705110655431], [23,56,-0.000573005439], [27,56,0.003780490336], [40,56,0.709574466618], [43,56,0.005755241244], [45,56,-0.706430359848], [56,56,2.000000000000], [57,56,0.708184997393], [58,56,0.000855947233], [59,56,-0.999999630673], [60,56,-0.706925128446], [23,57,-0.706432596322], [56,57,0.708184997393], [57,57,2.000000000000], [58,57,0.706632828728], [82,57,-0.709643370164], [83,57,0.000487915220], [84,57,-0.710655892210], [85,57,-0.999993056644], [86,57,-0.708928826586], [23,58,-0.999999959972], [56,58,0.000855947233], [57,58,0.706632828728], [58,58,2.000000000000], [76,58,0.705809674493], [79,58,0.999999130776], [83,58,0.707235555046], [93,58,-0.007549616298], [27,59,-0.002921044826], [30,59,0.000622841819], [40,59,-0.708968609730], [43,59,-0.004895803097], [45,59,0.707038402842], [56,59,-0.999999630673], [59,59,2.000000000000], [60,59,0.706316988174], [61,59,0.999993088119], [64,59,0.707276850135], [65,59,-0.001886830830], [66,59,-0.001375628965], [27,60,-0.709955856551], [40,60,-0.999992958198], [43,60,-0.711345198146], [45,60,-0.001213009754], [46,60,0.705748610165], [56,60,-0.706925128446], [59,60,0.706316988174], [60,60,2.000000000000], [62,60,0.703310295809], [64,60,0.000875770287], [82,60,0.708386112311], [87,60,-0.001576069356], [30,61,0.004340862342], [47,61,0.703207961740], [59,61,0.999993088119], [61,61,2.000000000000], [62,61,-0.002753005718], [63,61,0.708976665743], [64,61,0.704643552915], [65,61,-0.005604836720], [66,61,-0.005093641489], [46,62,0.999994097555], [47,62,-0.712917462269], [60,62,0.703310295809], [61,62,-0.002753005718], [62,62,2.000000000000], [63,62,0.703277449439], [64,62,0.711498657290], [82,62,-0.003543834675], [87,62,-0.711990574534], [47,63,-0.002850744574], [61,63,0.708976665743], [62,63,0.703277449439], [63,63,2.000000000000], [65,63,0.709194559965], [88,63,-0.708476423779], [89,63,-0.708678936086], [30,64,-0.706496012603], [46,64,0.709080150483], [59,64,0.707276850135], [60,64,0.000875770287], [61,64,0.704643552915], [62,64,0.711498657290], [64,64,2.000000000000], [65,64,0.705600901164], [66,64,0.705963051915], [82,64,-0.705204477053], [87,64,-0.999999754790], [30,65,-0.999999201165], [59,65,-0.001886830830], [61,65,-0.005604836720], [63,65,0.709194559965], [64,65,0.705600901164], [65,65,2.000000000000], [66,65,0.999999869336], [88,65,-0.999999481743], [89,65,-0.999999732747], [30,66,-0.999999716655], [59,66,-0.001375628965], [61,66,-0.005093641489], [64,66,0.705963051915], [65,66,0.999999869336], [66,66,2.000000000000], [88,66,0.999999871531], [37,67,-0.006831974545], [50,67,0.705262033852], [52,67,0.705296221699], [53,67,-0.712506390893], [67,67,2.000000000000], [68,67,0.999997647172], [69,67,-0.002418750005], [70,67,0.708613954712], [71,67,-0.001456290308], [72,67,-0.999990669395], [73,67,0.707904632706], [52,68,0.703756752471], [54,68,-0.002886719735], [67,68,0.999997647172], [68,68,2.000000000000], [69,68,-0.000249499423], [70,68,0.710142903303], [71,68,0.000712962056], [72,68,0.999997687434], [74,68,-0.999988815782], [75,68,0.000210660140], [76,68,-0.707375126532], [77,68,0.000418566472], [51,69,0.999999840797], [52,69,-0.710616578072], [67,69,-0.002418750005], [68,69,-0.000249499423], [69,69,2.000000000000], [70,69,0.703880364301], [71,69,0.999999536834], [73,69,0.708018206663], [90,69,0.004336670078], [52,70,-0.000423507505], [67,70,0.708613954712], [68,70,0.710142903303], [69,70,0.703880364301], [70,70,2.000000000000], [71,70,0.704563692462], [90,70,0.707259366834], [91,70,0.003075792683], [92,70,-0.700774416027], [52,71,-0.709939080856], [67,71,-0.001456290308], [68,71,0.000712962056], [69,71,0.999999536834], [70,71,0.704563692462], [71,71,2.000000000000], [91,71,0.707470307849], [100,71,-0.002025503600], [101,71,0.000850078222], [37,72,0.002512159496], [50,72,-0.708317998358], [53,72,0.709468651060], [54,72,-0.000736111062], [67,72,-0.999990669395], [68,72,0.999997687434], [72,72,2.000000000000], [73,72,-0.704846881294], [74,72,-0.999976331895], [75,72,-0.001939951258], [76,72,-0.708893624947], [77,72,-0.001732045267], [37,73,-0.711127930873], [50,73,-0.001476504896], [51,73,0.708416581771], [53,73,-0.999978635935], [67,73,0.707904632706], [69,73,0.708018206663], [72,73,-0.704846881294], [73,73,2.000000000000], [90,73,0.709257980157], [54,74,0.007616182595], [68,74,-0.999988815782], [72,74,-0.999976331895], [74,74,2.000000000000], [75,74,-0.004940172530], [76,74,0.704024212697], [77,74,-0.005148076227], [78,74,0.707961089513], [79,74,0.007501102458], [80,74,-0.704577684333], [81,74,0.004399456849], [54,75,-0.999996419344], [55,75,0.999999104483], [68,75,0.000210660140], [72,75,-0.001939951258], [74,75,-0.004940172530], [75,75,2.000000000000], [76,75,0.706689302539], [77,75,0.999999978387], [78,75,0.709740271190], [93,75,0.006307168517], [94,75,-0.706059005007], [54,76,-0.704793395127], [58,76,0.705809674493], [68,76,-0.707375126532], [72,76,-0.708893624947], [74,76,0.704024212697], [75,76,0.706689302539], [76,76,2.000000000000], [77,76,0.706542188537], [79,76,0.704875032093], [83,76,-0.001650576421], [93,76,0.703052732053], [54,77,-0.999996954101], [68,77,0.000418566472], [72,77,-0.001732045267], [74,77,-0.005148076227], [75,77,0.999999978387], [76,77,0.706542188537], [77,77,2.000000000000], [101,77,-0.001981605628], [55,78,0.710682415176], [74,78,0.707961089513], [75,78,0.709740271190], [78,78,2.000000000000], [79,78,0.711542058685], [80,78,0.002361409444], [81,78,0.709359248862], [93,78,0.708925885942], [94,78,-0.002250601669], [58,79,0.999999130776], [74,79,0.007501102458], [76,79,0.704875032093], [78,79,0.711542058685], [79,79,2.000000000000], [80,79,0.704321790640], [81,79,0.999995189727], [83,79,0.708167092266], [93,79,-0.008868074275], [74,80,-0.704577684333], [78,80,0.002361409444], [79,80,0.704321790640], [80,80,2.000000000000], [81,80,0.706520237800], [84,80,0.709288061896], [87,80,-0.002149091684], [95,80,-0.708938057729], [96,80,0.001144523654], [97,80,-0.705836541856], [74,81,0.004399456849], [78,81,0.709359248862], [79,81,0.999995189727], [80,81,0.706520237800], [81,81,2.000000000000], [94,81,0.706441815385], [96,81,0.706883745801], [46,82,-0.000108015886], [57,82,-0.709643370164], [60,82,0.708386112311], [62,82,-0.003543834675], [64,82,-0.705204477053], [82,82,2.000000000000], [83,82,-0.704907221875], [84,82,0.008625518871], [85,82,0.712263976643], [86,82,0.006173797154], [87,82,0.704707788959], [57,83,0.000487915220], [58,83,0.707235555046], [76,83,-0.001650576421], [79,83,0.708167092266], [82,83,-0.704907221875], [83,83,2.000000000000], [84,83,0.703192942803], [85,83,-0.004214392932], [86,83,0.704934047552], [93,83,-0.712297192949], [57,84,-0.710655892210], [80,84,0.709288061896], [82,84,0.008625518871], [83,84,0.703192942803], [84,84,2.000000000000], [85,84,0.708029229919], [86,84,0.999996994366], [87,84,0.703392797871], [95,84,-0.005682725145], [96,84,-0.704106492153], [97,84,-0.999988071565], [57,85,-0.999993056644], [82,85,0.712263976643], [83,85,-0.004214392932], [84,85,0.708029229919], [85,85,2.000000000000], [86,85,0.706295691230], [95,85,0.710195260412], [98,85,0.001585063173], [99,85,-0.999985863638], [57,86,-0.708928826586], [82,86,0.006173797154], [83,86,0.704934047552], [84,86,0.999996994366], [85,86,0.706295691230], [86,86,2.000000000000], [97,86,0.999997041315], [98,86,0.706796529259], [102,86,0.002724985500], [103,86,0.000401839419], [46,87,-0.709573777354], [60,87,-0.001576069356], [62,87,-0.711990574534], [64,87,-0.999999754790], [80,87,-0.002149091684], [82,87,0.704707788959], [84,87,0.703392797871], [87,87,2.000000000000], [95,87,0.706792693847], [96,87,-0.999999495420], [97,87,-0.706856199468], [63,88,-0.708476423779], [65,88,-0.999999481743], [66,88,0.999999871531], [88,88,2.000000000000], [89,88,0.999999958817], [63,89,-0.708678936086], [65,89,-0.999999732747], [88,89,0.999999958817], [89,89,2.000000000000], [99,89,0.708575973574], [103,89,-0.002492739371], [104,89,-0.000162093634], [51,90,0.004900939231], [69,90,0.004336670078], [70,90,0.707259366834], [73,90,0.709257980157], [90,90,2.000000000000], [91,90,0.709126201713], [92,90,0.008699768578], [70,91,0.003075792683], [71,91,0.707470307849], [90,91,0.709126201713], [91,91,2.000000000000], [92,91,0.711224127821], [100,91,0.705308634116], [101,91,0.707344217282], [70,92,-0.700774416027], [90,92,0.008699768578], [91,92,0.711224127821], [92,92,2.000000000000], [100,92,-0.003300145218], [55,93,0.007645430769], [58,93,-0.007549616298], [75,93,0.006307168517], [76,93,0.703052732053], [78,93,0.708925885942], [79,93,-0.008868074275], [83,93,-0.712297192949], [93,93,2.000000000000], [94,93,0.703685688525], [55,94,-0.705110655431], [75,94,-0.706059005007], [78,94,-0.002250601669], [81,94,0.706441815385], [93,94,0.703685688525], [94,94,2.000000000000], [96,94,-0.001255331644], [80,95,-0.708938057729], [84,95,-0.005682725145], [85,95,0.710195260412], [87,95,0.706792693847], [95,95,2.000000000000], [96,95,-0.706081684091], [97,95,0.000798401201], [98,95,0.705129572861], [99,95,-0.706441892855], [80,96,0.001144523654], [81,96,0.706883745801], [84,96,-0.704106492153], [87,96,-0.999999495420], [94,96,-0.001255331644], [95,96,-0.706081684091], [96,96,2.000000000000], [97,96,0.707566432181], [80,97,-0.705836541856], [84,97,-0.999988071565], [86,97,0.999997041315], [87,97,-0.706856199468], [95,97,0.000798401201], [96,97,0.707566432181], [97,97,2.000000000000], [98,97,0.708515273950], [102,97,0.005157530996], [103,97,0.002834400624], [85,98,0.001585063173], [86,98,0.706796529259], [95,98,0.705129572861], [97,98,0.708515273950], [98,98,2.000000000000], [99,98,0.003732143901], [102,98,0.709340280857], [103,98,0.707700858638], [85,99,-0.999985863638], [89,99,0.708575973574], [95,99,-0.706441892855], [98,99,0.003732143901], [99,99,2.000000000000], [103,99,0.703866042271], [104,99,0.705519664895], [71,100,-0.002025503600], [91,100,0.705308634116], [92,100,-0.003300145218], [100,100,2.000000000000], [101,100,0.999995865513], [71,101,0.000850078222], [77,101,-0.001981605628], [91,101,0.707344217282], [100,101,0.999995865513], [101,101,2.000000000000], [86,102,0.002724985500], [97,102,0.005157530996], [98,102,0.709340280857], [102,102,2.000000000000], [103,102,0.999997301490], [104,102,-0.999989171103], [86,103,0.000401839419], [89,103,-0.002492739371], [97,103,0.002834400624], [98,103,0.707700858638], [99,103,0.703866042271], [102,103,0.999997301490], [103,103,2.000000000000], [104,103,0.999997284040], [89,104,-0.000162093634], [99,104,0.705519664895], [102,104,-0.999989171103], [103,104,0.999997284040], [104,104,2.000000000000], ]
},
"Minv": {
"shape": [147, 147],
"data": [[0,0,1.000000000000], [1,1,1.000000000000], [2,2,2.000000000000], [3,3,1.000000000000], [4,4,1.000000000000], [5,5,2.000000000000], [6,6,1.000000000000], [7,7,1.000000000000], [8,8,2.000000000000], [9,9,1.000000000000], [10,10,1.000000000000], [11,11,2.000000000000], [12,12,1.000000000000], [13,13,1.000000000000], [14,14,2.000000000000], [15,15,1.000000000000], [16,16,1.000000000000], [17,17,2.000000000000], [18,18,1.000000000000], [19,19,1.000000000000], [20,20,2.000000000000], [21,21,1.000000000000], [22,22,1.000000000000], [23,23,2.000000000000], [24,24,1.000000000000], [25,25,1.000000000000], [26,26,2.000000000000], [27,27,1.000000000000], [28,28,1.000000000000], [29,29,2.000000000000], [30,30,1.000000000000], [31,31,1.000000000000], [32,32,2.000000000000], [33,33,1.000000000000], [34,34,1.000000000000], [35,35,2.000000000000], [36,36,1.000000000000], [37,37,1.000000000000], [38,38,2.000000000000], [39,39,1.000000000000], [40,40,1.000000000000], [41,41,2.000000000000], [42,42,1.000000000000], [43,43,1.000000000000], [44,44,2.000000000000], [45,45,1.000000000000], [46,46,1.000000000000], [47,47,2.000000000000], [48,48,1.000000000000], [49,49,1.000000000000], [50,50,2.000000000000], [51,51,1.000000000000], [52,52,1.000000000000], [53,53,2.000000000000], [54,54,1.000000000000], [55,55,1.000000000000], [56,56,2.000000000000], [57,57,1.000000000000], [58,58,1.000000000000], [59,59,2.000000000000], [60,60,1.000000000000], [61,61,1.000000000000], [62,62,2.000000000000], [63,63,1.000000000000], [64,64,1.000000000000], [65,65,2.000000000000], [66,66,1.000000000000], [67,67,1.000000000000], [68,68,2.000000000000], [69,69,1.000000000000], [70,70,1.000000000000], [71,71,2.000000000000], [72,72,1.000000000000], [73,73,1.000000000000], [74,74,2.000000000000], [75,75,1.000000000000], [76,76,1.000000000000], [77,77,2.000000000000], [78,78,1.000000000000], [79,79,1.000000000000], [80,80,2.000000000000], [81,81,1.000000000000], [82,82,1.000000000000], [83,83,2.000000000000], [84,84,1.000000000000], [85,85,1.000000000000], [86,86,2.000000000000], [87,87,1.000000000000], [88,88,1.000000000000], [89,89,2.000000000000], [90,90,1.000000000000], [91,91,1.000000000000], [92,92,2.000000000000], [93,93,1.000000000000], [94,94,1.000000000000], [95,95,2.000000000000], [96,96,1.000000000000], [97,97,1.000000000000], [98,98,2.000000000000], [99,99,1.000000000000], [100,100,1.000000000000], [101,101,2.000000000000], [102,102,1.000000000000], [103,103,1.000000000000], [104,104,2.000000000000], [105,105,1.000000000000], [106,106,1.000000000000], [107,107,2.000000000000], [108,108,1.000000000000], [109,109,1.000000000000], [110,110,2.000000000000], [111,111,1.000000000000], [112,112,1.000000000000], [113,113,2.000000000000], [114,114,1.000000000000], [115,115,1.000000000000], [116,116,2.000000000000], [117,117,1.000000000000], [118,118,1.000000000000], [119,119,2.000000000000], [120,120,1.000000000000], [121,121,1.000000000000], [122,122,2.000000000000], [123,123,1.000000000000], [124,124,1.000000000000], [125,125,2.000000000000], [126,126,1.000000000000], [127,127,1.000000000000], [128,128,2.000000000000], [129,129,1.000000000000], [130,130,1.000000000000], [131,131,2.000000000000], [132,132,1.000000000000], [133,133,1.000000000000], [134,134,2.000000000000], [135,135,1.000000000000], [136,136,1.000000000000], [137,137,2.000000000000], [138,138,1.000000000000], [139,139,1.000000000000], [140,140,2.000000000000], [141,141,1.000000000000], [142,142,1.000000000000], [143,143,2.000000000000], [144,144,1.000000000000], [145,145,1.000000000000], [146,146,2.000000000000], ]
},
"v0": {
"shape": [147, 1],
