{
"N": {
"shape": [147, 103],
"data": [[3,0,-0.005446780002], [4,0,-0.999985166184], [6,0,0.005446780002], [7,0,0.999985166184], [3,1,-0.003335800059], [4,1,-0.999994436204], [9,1,0.003335800059], [10,1,0.999994436204], [3,2,-0.708951557930], [4,2,-0.705257178984], [27,2,0.708951557930], [28,2,0.705257178984], [6,3,-0.001236258115], [7,3,-0.999999235833], [9,3,0.001236258115], [10,3,0.999999235833], [6,4,-0.000076990831], [7,4,-0.999999997036], [12,4,0.000076990831], [13,4,0.999999997036], [6,5,-0.999996450747], [7,5,0.002664299802], [27,5,0.999996450747], [28,5,-0.002664299802], [6,6,-0.707746689453], [7,6,-0.706466293299], [30,6,0.707746689453], [31,6,0.706466293299], [9,7,0.001090641782], [10,7,-0.999999405250], [12,7,-0.001090641782], [13,7,0.999999405250], [9,8,-0.702772058156], [10,8,0.711415092808], [27,8,0.702772058156], [28,8,-0.711415092808], [9,9,-0.999989166439], [10,9,0.004654783009], [30,9,0.999989166439], [31,9,-0.004654783009], [9,10,-0.706807087685], [10,10,-0.707406347722], [33,10,0.706807087685], [34,10,0.707406347722], [9,11,-0.999999304573], [10,11,0.001179344167], [51,11,0.999999304573], [52,11,-0.001179344167], [12,12,-0.706944693634], [13,12,0.707268831593], [30,12,0.706944693634], [31,12,-0.707268831593], [15,13,-0.999984674601], [16,13,-0.005536295135], [36,13,0.999984674601], [37,13,0.005536295135], [15,14,-0.704967542304], [16,14,-0.709239567634], [39,14,0.704967542304], [40,14,0.709239567634], [18,15,-0.708030526115], [19,15,0.706181827923], [36,15,0.708030526115], [37,15,-0.706181827923], [18,16,-0.999988867307], [19,16,-0.004718608140], [39,16,0.999988867307], [40,16,0.004718608140], [18,17,-0.999998212822], [19,17,-0.001890596131], [60,17,0.999998212822], [61,17,0.001890596131], [21,18,-0.999997934999], [22,18,0.002032239611], [42,18,0.999997934999], [43,18,-0.002032239611], [21,19,-0.704473816382], [22,19,-0.709729978254], [45,19,0.704473816382], [46,19,0.709729978254], [21,20,-0.999999871617], [22,20,-0.000506721384], [63,20,0.999999871617], [64,20,0.000506721384], [24,21,0.006781075082], [25,21,-0.999977008246], [27,21,-0.006781075082], [28,21,0.999977008246], [24,22,-0.706258503915], [25,22,0.707954042045], [42,22,0.706258503915], [43,22,-0.707954042045], [24,23,-0.705107938740], [25,23,-0.709099989230], [48,23,0.705107938740], [49,23,0.709099989230], [27,24,-0.000681399399], [28,24,-0.999999767847], [33,24,0.000681399399], [34,24,0.999999767847], [27,25,-0.708498780568], [28,25,-0.705712036126], [51,25,0.708498780568], [52,25,0.705712036126], [30,26,0.004122330222], [31,26,-0.999991503161], [33,26,-0.004122330222], [34,26,0.999991503161], [30,27,-0.999998019404], [31,27,-0.001990273582], [72,27,0.999998019404], [73,27,0.001990273582], [33,28,-0.709885322966], [34,28,0.704317278106], [51,28,0.709885322966], [52,28,-0.704317278106], [33,29,-0.999999999803], [34,29,-0.000019850214], [75,29,0.999999999803], [76,29,0.000019850214], [36,30,0.000983217277], [37,30,-0.999999516642], [39,30,-0.000983217277], [40,30,0.999999516642], [36,31,-0.708210023556], [37,31,-0.706001814824], [60,31,0.708210023556], [61,31,0.706001814824], [39,32,-0.999999576990], [40,32,0.000919793665], [60,32,0.999999576990], [61,32,-0.000919793665], [42,33,0.002491814970], [43,33,-0.999996895424], [45,33,-0.002491814970], [46,33,0.999996895424], [42,34,0.002836388453], [43,34,-0.999995977442], [48,34,-0.002836388453], [49,34,0.999995977442], [42,35,-0.703083541539], [43,35,-0.711107258869], [66,35,0.703083541539], [67,35,0.711107258869], [45,36,-0.705337362353], [46,36,0.708871783377], [63,36,0.705337362353], [64,36,-0.708871783377], [45,37,-0.999998775761], [46,37,-0.001564760852], [66,37,0.999998775761], [67,37,0.001564760852], [48,38,-0.006955768999], [49,38,-0.999975808346], [51,38,0.006955768999], [52,38,0.999975808346], [48,39,-0.999999785004], [49,39,0.000655737747], [69,39,0.999999785004], [70,39,-0.000655737747], [51,40,0.007388856405], [52,40,-0.999972702028], [54,40,-0.007388856405], [55,40,0.999972702028], [51,41,0.001656125372], [52,41,-0.999998628623], [57,41,-0.001656125372], [58,41,0.999998628623], [51,42,-0.999998566864], [52,42,-0.001693006376], [72,42,0.999998566864], [73,42,0.001693006376], [51,43,-0.999996940833], [52,43,0.002473524626], [93,43,0.999996940833], [94,43,-0.002473524626], [54,44,-0.708451651729], [55,44,0.705759347910], [72,44,0.708451651729], [73,44,-0.705759347910], [54,45,-0.999988949976], [55,45,0.004701055815], [75,45,0.999988949976], [76,45,-0.004701055815], [54,46,-0.999998166079], [55,46,0.001915160180], [96,46,0.999998166079], [97,46,-0.001915160180], [57,47,-0.704699010564], [58,47,0.709506380881], [75,47,0.704699010564], [76,47,-0.709506380881], [57,48,-0.999998245438], [58,48,0.001873265038], [78,48,0.999998245438], [79,48,-0.001873265038], [57,49,-0.999999899369], [58,49,0.000448621580], [99,49,0.999999899369], [100,49,-0.000448621580], [63,50,-0.000739096199], [64,50,-0.999999726868], [66,50,0.000739096199], [67,50,0.999999726868], [63,51,-0.003800167500], [64,51,-0.999992779337], [69,51,0.003800167500], [70,51,0.999992779337], [63,52,-0.710673796777], [64,52,-0.703521680245], [87,52,0.710673796777], [88,52,0.703521680245], [63,53,-0.999999226659], [64,53,0.001243656084], [105,53,0.999999226659], [106,53,-0.001243656084], [66,54,-0.708037552844], [67,54,0.706174782730], [84,54,0.708037552844], [85,54,-0.706174782730], [66,55,-0.708487962508], [67,55,-0.705722896739], [90,55,0.708487962508], [91,55,0.705722896739], [66,56,-0.999994681342], [67,56,0.003261485578], [108,56,0.999994681342], [109,56,-0.003261485578], [69,57,-0.706619306351], [70,57,-0.707593920191], [93,57,0.706619306351], [94,57,0.707593920191], [72,58,0.003279503090], [73,58,-0.999994622415], [75,58,-0.003279503090], [76,58,0.999994622415], [72,59,0.000389409230], [73,59,-0.999999924180], [78,59,-0.000389409230], [79,59,0.999999924180], [72,60,-0.999978074743], [73,60,0.006621935694], [93,60,0.999978074743], [94,60,-0.006621935694], [72,61,-0.708092962956], [73,61,-0.706119222095], [96,61,0.708092962956], [97,61,0.706119222095], [75,62,-0.002483112575], [76,62,-0.999996917071], [78,62,0.002483112575], [79,62,0.999996917071], [78,63,-0.999999524046], [79,63,-0.000975657540], [99,63,0.999999524046], [100,63,0.000975657540], [81,64,-0.706566600121], [82,64,0.707646549906], [99,64,0.706566600121], [100,64,-0.707646549906], [81,65,-0.999985377615], [82,65,0.005407823700], [102,65,0.999985377615], [103,65,-0.005407823700], [81,66,-0.999999189787], [82,66,0.001272958932], [123,66,0.999999189787], [124,66,-0.001272958932], [84,67,-0.007174991089], [85,67,-0.999974259420], [87,67,0.007174991089], [88,67,0.999974259420], [84,68,-0.000872013595], [85,68,-0.999999619796], [90,68,0.000872013595], [91,68,0.999999619796], [84,69,-0.999975614522], [85,69,0.006983577998], [105,69,0.999975614522], [106,69,-0.006983577998], [84,70,-0.709826801643], [85,70,-0.704376257174], [108,70,0.709826801643], [109,70,0.704376257174], [84,71,-0.999996929007], [85,71,0.002478301268], [126,71,0.999996929007], [127,71,-0.002478301268], [87,72,0.005375985653], [88,72,-0.999985549285], [90,72,-0.005375985653], [91,72,0.999985549285], [87,73,-0.704934953977], [88,73,0.709271958181], [105,73,0.704934953977], [106,73,-0.709271958181], [87,74,-0.999997141332], [88,74,0.002391093468], [108,74,0.999997141332], [109,74,-0.002391093468], [87,75,-0.999999923032], [88,75,-0.000392345615], [129,75,0.999999923032], [130,75,0.000392345615], [90,76,-0.704426833950], [91,76,0.709776609653], [108,76,0.704426833950], [109,76,-0.709776609653], [93,77,0.001780867286], [94,77,-0.999998414255], [96,77,-0.001780867286], [97,77,0.999998414255], [93,78,-0.706934783352], [94,78,0.707278737194], [111,78,0.706934783352], [112,78,-0.707278737194], [96,79,-0.999997920305], [97,79,0.002039457348], [138,79,0.999997920305], [139,79,-0.002039457348], [99,80,-0.707738181555], [100,80,-0.706474816515], [123,80,0.707738181555], [124,80,0.706474816515], [102,81,-0.999995862774], [103,81,-0.002876531582], [123,81,0.999995862774], [124,81,0.002876531582], [108,82,-0.001904028489], [109,82,-0.999998187336], [114,82,0.001904028489], [115,82,0.999998187336], [111,83,-0.000346168015], [112,83,-0.999999940084], [114,83,0.000346168015], [115,83,0.999999940084], [111,84,-0.001261477974], [112,84,-0.999999204336], [117,84,0.001261477974], [118,84,0.999999204336], [111,85,-0.707928846859], [112,85,0.706283758687], [129,85,0.707928846859], [130,85,-0.706283758687], [111,86,-0.705273679736], [112,86,-0.708935142783], [135,86,0.705273679736], [136,86,0.708935142783], [114,87,-0.706868729376], [115,87,0.707344752883], [132,87,0.706868729376], [133,87,-0.707344752883], [114,88,-0.999999873092], [115,88,0.000503800575], [135,88,0.999999873092], [136,88,-0.000503800575], [117,89,0.001920648923], [118,89,-0.999998155552], [123,89,-0.001920648923], [124,89,0.999998155552], [117,90,-0.702701860076], [118,90,0.711484431204], [135,90,0.702701860076], [136,90,-0.711484431204], [117,91,-0.999971148959], [118,91,0.007596133796], [138,91,0.999971148959], [139,91,-0.007596133796], [120,92,0.003836266654], [121,92,-0.999992641502], [123,92,-0.003836266654], [124,92,0.999992641502], [120,93,-0.704585810314], [121,93,0.709618796188], [138,93,0.704585810314], [139,93,-0.709618796188], [120,94,-0.999999994285], [121,94,-0.000106910108], [141,94,0.999999994285], [142,94,0.000106910108], [123,95,-0.705931521610], [124,95,0.708280090640], [141,95,0.705931521610], [142,95,-0.708280090640], [129,96,0.006683126460], [130,96,-0.999977667661], [132,96,-0.006683126460], [133,96,0.999977667661], [129,97,0.003202717065], [130,97,-0.999994871289], [135,97,-0.003202717065], [136,97,0.999994871289], [132,98,-0.000313579932], [133,98,-0.999999950834], [135,98,0.000313579932], [136,98,0.999999950834], [132,99,0.000106534832], [133,99,-0.999999994325], [138,99,-0.000106534832], [139,99,0.999999994325], [138,100,-0.004853843540], [139,100,-0.999988220032], [141,100,0.004853843540], [142,100,0.999988220032], [138,101,-0.000660741057], [139,101,-0.999999781711], [144,101,0.000660741057], [145,101,0.999999781711], [141,102,0.003532507474], [142,102,-0.999993760676], [144,102,-0.003532507474], [145,102,0.999993760676], ]
},
"Q": {
"shape": [103, 103],
"data": [[0,0,2.000000000000], [1,0,0.999997771839], [2,0,0.709108220497], [3,0,-0.999991135654], [4,0,-0.999985582572], [5,0,-0.002782500390], [6,0,-0.710310754223], [0,1,0.999997771839], [1,1,2.000000000000], [2,1,0.707618175725], [3,1,0.999997795950], [7,1,-0.999990203294], [8,1,0.709066827567], [9,1,0.001318993190], [10,1,-0.709760178982], [11,1,-0.002156460134], [0,2,0.709108220497], [1,2,0.707618175725], [2,2,2.000000000000], [5,2,0.707070025119], [8,2,-0.003499255941], [21,2,0.700433510140], [24,2,-0.705740094422], [25,2,-0.999999794049], [0,3,-0.999991135654], [1,3,0.999997795950], [3,3,2.000000000000], [4,3,0.999999328049], [5,3,-0.001428044039], [6,3,0.707340711029], [7,3,-0.999997292768], [8,3,0.710545741509], [9,3,0.003418534730], [10,3,-0.708279603143], [11,3,-0.000056913989], [0,4,-0.999985582572], [3,4,0.999999328049], [4,4,2.000000000000], [5,4,-0.002587309236], [6,4,0.706520781212], [7,4,0.999999318317], [12,4,0.707214401237], [0,5,-0.002782500390], [2,5,0.707070025119], [3,5,-0.001428044039], [4,5,-0.002587309236], [5,5,2.000000000000], [6,5,0.705861939476], [8,5,0.704664986931], [21,5,-0.009445289559], [24,5,0.001982902203], [25,5,-0.706616037489], [0,6,-0.710310754223], [3,6,0.707340711029], [4,6,0.706520781212], [5,6,0.705861939476], [6,6,2.000000000000], [9,6,0.704450574738], [12,6,0.000676176724], [26,6,-0.703542725001], [27,6,-0.709151348892], [1,7,-0.999990203294], [3,7,-0.999997292768], [4,7,0.999999318317], [7,7,2.000000000000], [8,7,-0.712181142264], [9,7,-0.005745410206], [10,7,0.706635053651], [11,7,-0.002269984489], [12,7,0.708039434365], [1,8,0.709066827567], [2,8,-0.003499255941], [3,8,0.710545741509], [5,8,0.704664986931], [7,8,-0.712181142264], [8,8,2.000000000000], [9,8,0.706075927518], [10,8,-0.006535280786], [11,8,0.703610572669], [21,8,-0.716164286220], [24,8,0.710936059193], [25,8,0.004141047456], [1,9,0.001318993190], [3,9,0.003418534730], [6,9,0.704450574738], [7,9,-0.005745410206], [8,9,0.706075927518], [9,9,2.000000000000], [10,9,0.703506607400], [11,9,0.999993960611], [12,9,0.710229217845], [26,9,0.008777029020], [27,9,-0.999977921572], [1,10,-0.709760178982], [3,10,-0.708279603143], [7,10,0.706635053651], [8,10,-0.006535280786], [9,10,0.703506607400], [10,10,2.000000000000], [11,10,0.705972320603], [24,10,0.707887801421], [26,10,0.704486644785], [28,10,-0.003513464374], [29,10,-0.706821129713], [1,11,-0.002156460134], [3,11,-0.000056913989], [7,11,-0.002269984489], [8,11,0.703610572669], [9,11,0.999993960611], [10,11,0.705972320603], [11,11,2.000000000000], [25,11,0.707666010486], [28,11,0.710715461766], [38,11,0.005776448525], [40,11,0.008568163240], [41,11,0.002835466770], [42,11,-0.999995874801], [43,11,-0.999999162546], [4,12,0.707214401237], [6,12,0.000676176724], [7,12,0.708039434365], [9,12,0.710229217845], [12,12,2.000000000000], [26,12,0.710177081519], [27,12,-0.705535634991], [13,13,2.000000000000], [14,13,0.708883297963], [15,13,0.704110044246], [30,13,-0.004553090251], [31,13,-0.712107804367], [13,14,0.708883297963], [14,14,2.000000000000], [16,14,0.708306317714], [30,14,0.708546088551], [32,14,-0.704314890034], [13,15,0.704110044246], [15,15,2.000000000000], [16,15,0.704690448507], [17,15,0.706694156106], [30,15,0.706877634430], [31,15,-0.002868663468], [14,16,0.708306317714], [15,16,0.704690448507], [16,16,2.000000000000], [17,16,0.999996001130], [30,16,0.003735399529], [32,16,-0.999984104155], [15,17,0.706694156106], [16,17,0.999996001130], [17,17,2.000000000000], [31,17,0.709543522158], [32,17,0.999996050854], [18,18,2.000000000000], [19,18,0.703030020267], [20,18,0.999996776837], [22,18,0.707695777738], [33,18,0.004524043127], [34,18,0.004868614032], [35,18,-0.701636949332], [18,19,0.703030020267], [19,19,2.000000000000], [20,19,0.704833361296], [33,19,0.707972356442], [36,19,0.006215851908], [37,19,-0.705583511623], [18,20,0.999996776837], [19,20,0.704833361296], [20,20,2.000000000000], [36,20,0.704978071308], [50,20,-0.001245817350], [51,20,-0.004306884738], [52,20,-0.711030195017], [53,20,-0.999998468089], [2,21,0.700433510140], [5,21,-0.009445289559], [8,21,-0.716164286220], [21,21,2.000000000000], [22,21,-0.712726956882], [23,21,0.704302295904], [24,21,-0.999972155478], [25,21,-0.700891427142], [18,22,0.707695777738], [21,22,-0.712726956882], [22,22,2.000000000000], [23,22,-0.004021725676], [33,22,0.709711709660], [34,22,0.709954417724], [35,22,0.006872528069], [21,23,0.704302295904], [22,23,-0.004021725676], [23,23,2.000000000000], [34,23,0.707097176819], [38,23,-0.713987402870], [39,23,-0.704642803515], [2,24,-0.705740094422], [5,24,0.001982902203], [8,24,0.710936059193], [10,24,0.707887801421], [21,24,-0.999972155478], [24,24,2.000000000000], [25,24,0.706194642937], [26,24,0.999988462057], [28,24,0.703833399164], [29,24,-0.000701249608], [2,25,-0.999999794049], [5,25,-0.706616037489], [8,25,0.004141047456], [11,25,0.707666010486], [21,25,-0.700891427142], [24,25,0.706194642937], [25,25,2.000000000000], [28,25,0.005907705254], [38,25,0.710623117639], [40,25,-0.700457775866], [41,25,-0.704537705523], [42,25,-0.709692540170], [43,25,-0.706751017052], [6,26,-0.703542725001], [9,26,0.008777029020], [10,26,0.704486644785], [12,26,0.710177081519], [24,26,0.999988462057], [26,26,2.000000000000], [27,26,-0.002132065387], [28,26,0.707237675356], [29,26,0.004102480176], [6,27,-0.709151348892], [9,27,-0.999977921572], [12,27,-0.705535634991], [26,27,-0.002132065387], [27,27,2.000000000000], [42,27,0.999999955816], [44,27,0.707045594387], [58,27,0.001289233716], [59,27,-0.001600864972], [60,27,-0.999962914727], [61,27,-0.709496930943], [10,28,-0.003513464374], [11,28,0.710715461766], [24,28,0.703833399164], [25,28,0.005907705254], [26,28,0.707237675356], [28,28,2.000000000000], [29,28,0.709871341977], [38,28,-0.699362441183], [40,28,0.709543292388], [41,28,0.705491971316], [42,28,-0.708691891961], [43,28,-0.711625297440], [10,29,-0.706821129713], [24,29,-0.000701249608], [26,29,0.004102480176], [28,29,0.709871341977], [29,29,2.000000000000], [45,29,0.999988856462], [47,29,0.704684926572], [58,29,-0.003259652982], [62,29,-0.002502962727], [13,30,-0.004553090251], [14,30,0.708546088551], [15,30,0.706877634430], [16,30,0.003735399529], [30,30,2.000000000000], [31,30,0.705305149242], [32,30,0.001903010081], [13,31,-0.712107804367], [15,31,-0.002868663468], [17,31,0.709543522158], [30,31,0.705305149242], [31,31,2.000000000000], [32,31,0.707560347979], [14,32,-0.704314890034], [16,32,-0.999984104155], [17,32,0.999996050854], [30,32,0.001903010081], [31,32,0.707560347979], [32,32,2.000000000000], [18,33,0.004524043127], [19,33,0.707972356442], [22,33,0.709711709660], [33,33,2.000000000000], [34,33,0.999999940634], [35,33,0.709353097089], [36,33,0.710627152830], [37,33,0.000927055925], [18,34,0.004868614032], [22,34,0.709954417724], [23,34,0.707097176819], [33,34,0.999999940634], [34,34,2.000000000000], [35,34,0.709110180361], [38,34,-0.999952056623], [39,34,0.003492122952], [18,35,-0.701636949332], [22,35,0.006872528069], [33,35,0.709353097089], [34,35,0.709110180361], [35,35,2.000000000000], [37,35,0.704195393597], [50,35,0.711626711017], [54,35,0.004356463834], [55,35,-0.999970900439], [56,35,-0.700760536009], [19,36,0.006215851908], [20,36,0.704978071308], [33,36,0.710627152830], [36,36,2.000000000000], [37,36,0.704227284036], [50,36,0.708350277598], [51,36,0.706186264732], [52,36,-0.002558113192], [53,36,-0.706218409593], [19,37,-0.705583511623], [33,37,0.000927055925], [35,37,0.704195393597], [36,37,0.704227284036], [37,37,2.000000000000], [50,37,0.002303855719], [54,37,-0.706931691382], [55,37,-0.709591382711], [56,37,-0.999988353664], [11,38,0.005776448525], [23,38,-0.713987402870], [25,38,0.710623117639], [28,38,-0.699362441183], [34,38,-0.999952056623], [38,38,2.000000000000], [39,38,0.006300045620], [40,38,-0.999897115856], [41,38,-0.999962917377], [42,38,-0.008648724450], [43,38,-0.004482282933], [23,39,-0.704642803515], [34,39,0.003492122952], [38,39,0.006300045620], [39,39,2.000000000000], [51,39,0.003144433671], [57,39,-0.706155158388], [11,40,0.008568163240], [25,40,-0.700457775866], [28,40,0.709543292388], [38,40,-0.999897115856], [40,40,2.000000000000], [41,40,0.999983567561], [42,40,-0.005695885656], [43,40,-0.009862290906], [44,40,0.710974729636], [45,40,0.012089702244], [46,40,0.009303950755], [11,41,0.002835466770], [25,41,-0.704537705523], [28,41,0.705491971316], [38,41,-0.999962917377], [40,41,0.999983567561], [41,41,2.000000000000], [42,41,0.000036881056], [43,41,-0.004129641539], [47,41,0.710672477791], [48,41,0.003529384935], [49,41,0.002104746170], [11,42,-0.999995874801], [25,42,-0.709692540170], [27,42,0.999999955816], [28,42,-0.708691891961], [38,42,-0.008648724450], [40,42,-0.005695885656], [41,42,0.000036881056], [42,42,2.000000000000], [43,42,0.999991320008], [44,42,0.707255781346], [58,42,0.001586501118], [59,42,-0.001303597576], [60,42,-0.999965430659], [61,42,-0.709287412508], [11,43,-0.999999162546], [25,43,-0.706751017052], [28,43,-0.711625297440], [38,43,-0.004482282933], [40,43,-0.009862290906], [41,43,-0.004129641539], [42,43,0.999991320008], [43,43,2.000000000000], [57,43,0.704866893698], [60,43,0.999991395165], [77,43,0.004254382541], [78,43,-0.708682092095], [27,44,0.707045594387], [40,44,0.710974729636], [42,44,0.707255781346], [44,44,2.000000000000], [45,44,0.711761637408], [46,44,0.709801994685], [58,44,0.708078922010], [59,44,0.706035172011], [60,44,-0.713109611762], [61,44,-0.003299387452], [29,45,0.999988856462], [40,45,0.012089702244], [44,45,0.711761637408], [45,45,2.000000000000], [46,45,0.999996119350], [47,45,0.708026652720], [58,45,-0.007980497386], [62,45,0.002217956185], [40,46,0.009303950755], [44,46,0.709801994685], [45,46,0.999996119350], [46,46,2.000000000000], [61,46,0.706739332953], [77,46,-0.003696021163], [79,46,-0.999999992275], [29,47,0.704684926572], [41,47,0.710672477791], [45,47,0.708026652720], [47,47,2.000000000000], [48,47,0.706026867623], [49,47,0.705017239523], [58,47,-0.711813628033], [62,47,0.707754346549], [41,48,0.003529384935], [47,48,0.706026867623], [48,48,2.000000000000], [49,48,0.999998985194], [59,48,-0.002262673442], [62,48,0.000609848955], [63,48,-0.999995941819], [41,49,0.002104746170], [47,49,0.705017239523], [48,49,0.999998985194], [49,49,2.000000000000], [63,49,0.999998985714], [64,49,0.706883994532], [80,49,-0.707421170486], [20,50,-0.001245817350], [35,50,0.711626711017], [36,50,0.708350277598], [37,50,0.002303855719], [50,50,2.000000000000], [51,50,0.999995314897], [52,50,0.704046744393], [53,50,-0.000504560116], [54,50,0.705651281987], [55,50,-0.706246344743], [56,50,0.002522392419], [20,51,-0.004306884738], [36,51,0.706186264732], [39,51,0.003144433671], [50,51,0.999995314897], [51,51,2.000000000000], [52,51,0.706217279818], [53,51,0.002556517458], [57,51,-0.710274082618], [20,52,-0.711030195017], [36,52,-0.002558113192], [50,52,0.704046744393], [51,52,0.706217279818], [52,52,2.000000000000], [53,52,0.709798308166], [67,52,0.708602649349], [72,52,-0.699690941718], [73,52,-0.001990600453], [74,52,-0.708989579102], [75,52,-0.710949765724], [20,53,-0.999998468089], [36,53,-0.706218409593], [50,53,-0.000504560116], [51,53,0.002556517458], [52,53,0.709798308166], [53,53,2.000000000000], [69,53,0.999983526369], [73,53,0.705816499208], [35,54,0.004356463834], [37,54,-0.706931691382], [50,54,0.705651281987], [54,54,2.000000000000], [55,54,0.003272369922], [56,54,0.710336965903], [67,54,0.701076442249], [68,54,0.705557095868], [69,54,-0.712951913685], [70,54,-0.005171281208], [71,54,-0.709785492325], [35,55,-0.999970900439], [37,55,-0.709591382711], [50,55,-0.706246344743], [54,55,0.003272369922], [55,55,2.000000000000], [56,55,0.706182489253], [68,55,0.706340439555], [72,55,0.701903877416], [76,55,0.001827672680], [35,56,-0.700760536009], [37,56,-0.999988353664], [50,56,0.002522392419], [54,56,0.710336965903], [55,56,0.706182489253], [56,56,2.000000000000], [70,56,0.707525713312], [74,56,0.999999621206], [76,56,0.706738013521], [82,56,0.001357461304], [39,57,-0.706155158388], [43,57,0.704866893698], [51,57,-0.710274082618], [57,57,2.000000000000], [60,57,0.701918172105], [77,57,-0.706334402921], [78,57,0.000932368071], [27,58,0.001289233716], [29,58,-0.003259652982], [42,58,0.001586501118], [44,58,0.708078922010], [45,58,-0.007980497386], [47,58,-0.711813628033], [58,58,2.000000000000], [59,58,0.999995823665], [60,58,-0.009901331270], [61,58,0.703793231819], [62,58,-0.999983396128], [27,59,-0.001600864972], [42,59,-0.001303597576], [44,59,0.706035172011], [48,59,-0.002262673442], [58,59,0.999995823665], [59,59,2.000000000000], [60,59,-0.007011335884], [61,59,0.705843430622], [62,59,0.999995874305], [63,59,-0.000586248422], [27,60,-0.999962914727], [42,60,-0.999965430659], [43,60,0.999991395165], [44,60,-0.713109611762], [57,60,0.701918172105], [58,60,-0.009901331270], [59,60,-0.007011335884], [60,60,2.000000000000], [61,60,0.703401561755], [77,60,0.008402753433], [78,60,-0.711602837941], [27,61,-0.709496930943], [42,61,-0.709287412508], [44,61,-0.003299387452], [46,61,0.706739332953], [58,61,0.703793231819], [59,61,0.705843430622], [60,61,0.703401561755], [61,61,2.000000000000], [77,61,0.704857082777], [79,61,-0.706651390303], [29,62,-0.002502962727], [45,62,0.002217956185], [47,62,0.707754346549], [48,62,0.000609848955], [58,62,-0.999983396128], [59,62,0.999995874305], [62,62,2.000000000000], [63,62,-0.003458765925], [48,63,-0.999995941819], [49,63,0.999998985714], [59,63,-0.000586248422], [62,63,-0.003458765925], [63,63,2.000000000000], [64,63,0.705875843136], [80,63,-0.708427122186], [49,64,0.706883994532], [63,64,0.705875843136], [64,64,2.000000000000], [65,64,0.710383096216], [66,64,0.707466832648], [80,64,-0.000129694216], [64,65,0.710383096216], [65,65,2.000000000000], [66,65,0.999991451351], [81,65,-0.999965684674], [64,66,0.707466832648], [65,66,0.999991451351], [66,66,2.000000000000], [80,66,0.706838294709], [81,66,0.999991390859], [89,66,-0.003193603951], [92,66,-0.005109213110], [95,66,-0.706832561123], [52,67,0.708602649349], [54,67,0.701076442249], [67,67,2.000000000000], [68,67,0.999980135916], [69,67,0.000191417887], [70,67,0.709451127097], [71,67,0.004696731580], [72,67,-0.999921236428], [73,67,0.704195799096], [74,67,-0.004783938659], [75,67,-0.007567326053], [54,68,0.705557095868], [55,68,0.706340439555], [67,68,0.999980135916], [68,68,2.000000000000], [69,68,-0.006111583013], [70,68,0.704994967988], [71,68,-0.001606289409], [72,68,0.999980481154], [76,68,0.709162070018], [53,69,0.999983526369], [54,69,-0.712951913685], [67,69,0.000191417887], [68,69,-0.006111583013], [69,69,2.000000000000], [70,69,0.704890425644], [71,69,0.999989851014], [73,69,0.709871019843], [54,70,-0.005171281208], [56,70,0.707525713312], [67,70,0.709451127097], [68,70,0.704994967988], [69,70,0.704890425644], [70,70,2.000000000000], [71,70,0.708078965198], [74,70,0.708140543016], [76,70,0.000071254798], [82,70,-0.705726510829], [54,71,-0.709785492325], [67,71,0.004696731580], [68,71,-0.001606289409], [69,71,0.999989851014], [70,71,0.708078965198], [71,71,2.000000000000], [52,72,-0.699690941718], [55,72,0.701903877416], [67,72,-0.999921236428], [68,72,0.999980481154], [72,72,2.000000000000], [73,72,-0.713051428893], [74,72,-0.007767029200], [75,72,-0.004983645295], [76,72,0.713553341427], [52,73,-0.001990600453], [53,73,0.705816499208], [67,73,0.704195799096], [69,73,0.709871019843], [72,73,-0.713051428893], [73,73,2.000000000000], [74,73,0.706628874348], [75,73,0.704656619978], [52,74,-0.708989579102], [56,74,0.999999621206], [67,74,-0.004783938659], [70,74,0.708140543016], [72,74,-0.007767029200], [73,74,0.706628874348], [74,74,2.000000000000], [75,74,0.999996126230], [76,74,0.706121962443], [82,74,0.000487066088], [52,75,-0.710949765724], [67,75,-0.007567326053], [72,75,-0.004983645295], [73,75,0.704656619978], [74,75,0.999996126230], [75,75,2.000000000000], [85,75,0.707651685036], [96,75,0.006290789093], [97,75,0.002810373216], [55,76,0.001827672680], [56,76,0.706738013521], [68,76,0.709162070018], [70,76,0.000071254798], [72,76,0.713553341427], [74,76,0.706121962443], [76,76,2.000000000000], [82,76,0.708434074306], [43,77,0.004254382541], [46,77,-0.003696021163], [57,77,-0.706334402921], [60,77,0.008402753433], [61,77,0.704857082777], [77,77,2.000000000000], [78,77,-0.708536572659], [79,77,0.003820317696], [43,78,-0.708682092095], [57,78,0.000932368071], [60,78,-0.711602837941], [77,78,-0.708536572659], [78,78,2.000000000000], [83,78,0.707033976606], [84,78,0.706386391780], [85,78,-0.999999010928], [86,78,0.002832256551], [46,79,-0.999999992275], [61,79,-0.706651390303], [77,79,0.003820317696], [79,79,2.000000000000], [91,79,0.999984561315], [93,79,0.706031582259], [99,79,-0.002145991947], [100,79,-0.002814400122], [101,79,0.001378717220], [49,80,-0.707421170486], [63,80,-0.708427122186], [64,80,-0.000129694216], [66,80,0.706838294709], [80,80,2.000000000000], [81,80,0.709767450604], [89,80,0.705114196882], [92,80,0.703754545536], [95,80,0.000767355669], [65,81,-0.999965684674], [66,81,0.999991390859], [80,81,0.709767450604], [81,81,2.000000000000], [89,81,0.000955885300], [92,81,-0.000959740367], [95,81,-0.703891210963], [56,82,0.001357461304], [70,82,-0.705726510829], [74,82,0.000487066088], [76,82,0.708434074306], [82,82,2.000000000000], [83,82,0.999998786534], [87,82,0.705997572506], [88,82,-0.001400228586], [78,83,0.707033976606], [82,83,0.999998786534], [83,83,2.000000000000], [84,83,0.999999581104], [85,83,-0.706038654046], [86,83,0.709179243495], [87,83,0.707100015157], [88,83,0.000157632574], [78,84,0.706386391780], [83,84,0.999999581104], [84,84,2.000000000000], [85,84,-0.705390160075], [86,84,0.709824265921], [89,84,-0.999994937034], [90,84,0.710597422183], [91,84,0.006334686173], [75,85,0.707651685036], [78,85,-0.999999010928], [83,85,-0.706038654046], [84,85,-0.705390160075], [85,85,2.000000000000], [86,85,-0.001425794495], [96,85,0.710999163727], [97,85,0.708547432160], [78,86,0.002832256551], [83,86,0.709179243495], [84,86,0.709824265921], [85,86,-0.001425794495], [86,86,2.000000000000], [88,86,0.704916428299], [90,86,-0.008799190210], [97,86,0.706672714809], [98,86,0.709156267600], [82,87,0.705997572506], [83,87,0.707100015157], [87,87,2.000000000000], [88,87,0.707225000362], [96,87,-0.712053049329], [98,87,0.707123058257], [99,87,0.707420055010], [82,88,-0.001400228586], [83,88,0.000157632574], [86,88,0.704916428299], [87,88,0.707225000362], [88,88,2.000000000000], [90,88,0.703060217163], [97,88,-0.003706514650], [98,88,-0.000190220657], [66,89,-0.003193603951], [80,89,0.705114196882], [81,89,0.000955885300], [84,89,-0.999994937034], [89,89,2.000000000000], [90,89,-0.712832762479], [91,89,-0.009516713295], [92,89,0.999998165189], [95,89,0.709634630871], [84,90,0.710597422183], [86,90,-0.008799190210], [88,90,0.703060217163], [89,90,-0.712832762479], [90,90,2.000000000000], [91,90,0.708086117329], [97,90,-0.713731337445], [98,90,-0.711264043021], [79,91,0.999984561315], [84,91,0.006334686173], [89,91,-0.009516713295], [90,91,0.708086117329], [91,91,2.000000000000], [93,91,0.709955841600], [99,91,-0.007702665511], [100,91,0.002742340812], [101,91,0.006935410144], [66,92,-0.005109213110], [80,92,0.703754545536], [81,92,-0.000959740367], [89,92,0.999998165189], [92,92,2.000000000000], [93,92,-0.712316553509], [94,92,-0.003729357310], [95,92,0.710983020319], [79,93,0.706031582259], [91,93,0.709955841600], [92,93,-0.712316553509], [93,93,2.000000000000], [94,93,0.704509940866], [99,93,-0.709693855092], [100,93,0.706190487618], [101,93,0.709153092513], [92,94,-0.003729357310], [93,94,0.704509940866], [94,94,2.000000000000], [95,94,0.705855795275], [100,94,0.004960752361], [102,94,0.003425598013], [66,95,-0.706832561123], [80,95,0.000767355669], [81,95,-0.703891210963], [89,95,0.709634630871], [92,95,0.710983020319], [94,95,0.705855795275], [95,95,2.000000000000], [100,95,-0.704845265968], [102,95,0.710769379827], [75,96,0.006290789093], [85,96,0.710999163727], [87,96,-0.712053049329], [96,96,2.000000000000], [97,96,0.999993943227], [98,96,-0.999975522802], [99,96,-0.999978373972], [75,97,0.002810373216], [85,97,0.708547432160], [86,97,0.706672714809], [88,97,-0.003706514650], [90,97,-0.713731337445], [96,97,0.999993943227], [97,97,2.000000000000], [98,97,0.999993817815], [86,98,0.709156267600], [87,98,0.707123058257], [88,98,-0.000190220657], [90,98,-0.711264043021], [96,98,-0.999975522802], [97,98,0.999993817815], [98,98,2.000000000000], [99,98,0.999999911752], [79,99,-0.002145991947], [87,99,0.707420055010], [91,99,-0.007702665511], [93,99,-0.709693855092], [96,99,-0.999978373972], [98,99,0.999999911752], [99,99,2.000000000000], [100,99,-0.999987697254], [101,99,-0.999999705644], [79,100,-0.002814400122], [91,100,0.002742340812], [93,100,0.706190487618], [94,100,0.004960752361], [95,100,-0.704845265968], [99,100,-0.999987697254], [100,100,2.000000000000], [101,100,0.999991208879], [102,100,-0.999964834543], [79,101,0.001378717220], [91,101,0.006935410144], [93,101,0.709153092513], [99,101,-0.999999705644], [100,101,0.999991208879], [101,101,2.000000000000], [102,101,0.999991208315], [94,102,0.003425598013], [95,102,0.710769379827], [100,102,-0.999964834543], [101,102,0.999991208315], [102,102,2.000000000000], ]
},
"Minv": {
"shape": [147, 147],
"data": [[0,0,1.000000000000], [1,1,1.000000000000], [2,2,2.000000000000], [3,3,1.000000000000], [4,4,1.000000000000], [5,5,2.000000000000], [6,6,1.000000000000], [7,7,1.000000000000], [8,8,2.000000000000], [9,9,1.000000000000], [10,10,1.000000000000], [11,11,2.000000000000], [12,12,1.000000000000], [13,13,1.000000000000], [14,14,2.000000000000], [15,15,1.000000000000], [16,16,1.000000000000], [17,17,2.000000000000], [18,18,1.000000000000], [19,19,1.000000000000], [20,20,2.000000000000], [21,21,1.000000000000], [22,22,1.000000000000], [23,23,2.000000000000], [24,24,1.000000000000], [25,25,1.000000000000], [26,26,2.000000000000], [27,27,1.000000000000], [28,28,1.000000000000], [29,29,2.000000000000], [30,30,1.000000000000], [31,31,1.000000000000], [32,32,2.000000000000], [33,33,1.000000000000], [34,34,1.000000000000], [35,35,2.000000000000], [36,36,1.000000000000], [37,37,1.000000000000], [38,38,2.000000000000], [39,39,1.000000000000], [40,40,1.000000000000], [41,41,2.000000000000], [42,42,1.000000000000], [43,43,1.000000000000], [44,44,2.000000000000], [45,45,1.000000000000], [46,46,1.000000000000], [47,47,2.000000000000], [48,48,1.000000000000], [49,49,1.000000000000], [50,50,2.000000000000], [51,51,1.000000000000], [52,52,1.000000000000], [53,53,2.000000000000], [54,54,1.000000000000], [55,55,1.000000000000], [56,56,2.000000000000], [57,57,1.000000000000], [58,58,1.000000000000], [59,59,2.000000000000], [60,60,1.000000000000], [61,61,1.000000000000], [62,62,2.000000000000], [63,63,1.000000000000], [64,64,1.000000000000], [65,65,2.000000000000], [66,66,1.000000000000], [67,67,1.000000000000], [68,68,2.000000000000], [69,69,1.000000000000], [70,70,1.000000000000], [71,71,2.000000000000], [72,72,1.000000000000], [73,73,1.000000000000], [74,74,2.000000000000], [75,75,1.000000000000], [76,76,1.000000000000], [77,77,2.000000000000], [78,78,1.000000000000], [79,79,1.000000000000], [80,80,2.000000000000], [81,81,1.000000000000], [82,82,1.000000000000], [83,83,2.000000000000], [84,84,1.000000000000], [85,85,1.000000000000], [86,86,2.000000000000], [87,87,1.000000000000], [88,88,1.000000000000], [89,89,2.000000000000], [90,90,1.000000000000], [91,91,1.000000000000], [92,92,2.000000000000], [93,93,1.000000000000], [94,94,1.000000000000], [95,95,2.000000000000], [96,96,1.000000000000], [97,97,1.000000000000], [98,98,2.000000000000], [99,99,1.000000000000], [100,100,1.000000000000], [101,101,2.000000000000], [102,102,1.000000000000], [103,103,1.000000000000], [104,104,2.000000000000], [105,105,1.000000000000], [106,106,1.000000000000], [107,107,2.000000000000], [108,108,1.000000000000], [109,109,1.000000000000], [110,110,2.000000000000], [111,111,1.000000000000], [112,112,1.000000000000], [113,113,2.000000000000], [114,114,1.000000000000], [115,115,1.000000000000], [116,116,2.000000000000], [117,117,1.000000000000], [118,118,1.000000000000], [119,119,2.000000000000], [120,120,1.000000000000], [121,121,1.000000000000], [122,122,2.000000000000], [123,123,1.000000000000], [124,124,1.000000000000], [125,125,2.000000000000], [126,126,1.000000000000], [127,127,1.000000000000], [128,128,2.000000000000], [129,129,1.000000000000], [130,130,1.000000000000], [131,131,2.000000000000], [132,132,1.000000000000], [133,133,1.000000000000], [134,134,2.000000000000], [135,135,1.000000000000], [136,136,1.000000000000], [137,137,2.000000000000], [138,138,1.000000000000], [139,139,1.000000000000], [140,140,2.000000000000], [141,141,1.000000000000], [142,142,1.000000000000], [143,143,2.000000000000], [144,144,1.000000000000], [145,145,1.000000000000], [146,146,2.000000000000], ]
},
"v0": {
"shape": [147, 1],
"data": [[0,0,-0.716790975269], [1,0,0.350786395742], [2,0,0.000000000000], [3,0,-0.314982511455], [4,0,0.657455604068], [5,0,0.000000000000], [6,0,-0.609808115870], [7,0,0.038359275255], [8,0,0.000000000000], [9,0,0.311393348962], [10,0,0.015792793494], [11,0,0.000000000000], [12,0,-0.964191761385], [13,0,-0.352981114055], [14,0,0.000000000000], [15,0,0.285616859800], [16,0,0.287573493049], [17,0,0.000000000000], [18,0,0.270803982490], [19,0,0.669650175316], [20,0,0.000000000000], [21,0,0.923537659119], [22,0,-0.412998898507], [23,0,0.000000000000], [24,0,-0.054487304899], [25,0,0.144333003496], [26,0,0.000000000000], [27,0,-0.668983480499], [28,0,-0.015917773967], [29,0,0.000000000000], [30,0,-0.823570617503], [31,0,0.206400553518], [32,0,0.000000000000], [33,0,0.113664731435], [34,0,-0.813722180569], [35,0,0.000000000000], [36,0,-0.228243842248], [37,0,0.522841991947], [38,0,0.000000000000], [39,0,-0.162137606861], [40,0,0.370961642393], [41,0,0.000000000000], [42,0,-0.296182694445], [43,0,0.160124222547], [44,0,0.000000000000], [45,0,0.582171761415], [46,0,-0.635109716475], [47,0,0.000000000000], [48,0,-0.042982845329], [49,0,-0.213717605040], [50,0,0.000000000000], [51,0,-0.690272223986], [52,0,-0.325225455308], [53,0,0.000000000000], [54,0,0.604435708867], [55,0,-0.875257576368], [56,0,0.000000000000], [57,0,0.683989722665], [58,0,-0.722187226386], [59,0,0.000000000000], [60,0,-0.351736913308], [61,0,-0.197225435968], [62,0,0.000000000000], [63,0,-0.088787522721], [64,0,0.163709725745], [65,0,0.000000000000], [66,0,0.369156735330], [67,0,-0.629524689306], [68,0,0.000000000000], [69,0,-0.045102738988], [70,0,0.006398064568], [71,0,0.000000000000], [72,0,-0.846602052612], [73,0,0.731621941534], [74,0,0.000000000000], [75,0,-0.927113408796], [76,0,0.068151615413], [77,0,0.000000000000], [78,0,0.341198633173], [79,0,-0.440762782137], [80,0,0.000000000000], [81,0,0.641861566619], [82,0,0.831163959552], [83,0,0.000000000000], [84,0,0.815040778731], [85,0,0.251914276134], [86,0,0.000000000000], [87,0,0.656499899048], [88,0,-0.858424543559], [89,0,0.000000000000], [90,0,-0.017441128145], [91,0,-0.999902807176], [92,0,0.000000000000], [93,0,-0.968328355591], [94,0,-0.770690586453], [95,0,0.000000000000], [96,0,-0.041610399921], [97,0,-0.845219817842], [98,0,0.000000000000], [99,0,-0.166795110866], [100,0,0.186713339274], [101,0,0.000000000000], [102,0,0.314114197826], [103,0,0.878347023426], [104,0,0.000000000000], [105,0,-0.623644553921], [106,0,-0.279253988105], [107,0,0.000000000000], [108,0,-0.881389263002], [109,0,0.179174196996], [110,0,0.000000000000], [111,0,0.203532760405], [112,0,0.874180889585], [113,0,0.000000000000], [114,0,0.301193508028], [115,0,-0.712934553797], [116,0,0.000000000000], [117,0,0.353934567947], [118,0,-0.550480488447], [119,0,0.000000000000], [120,0,0.500117837769], [121,0,-0.538346555617], [122,0,0.000000000000], [123,0,-0.117296510541], [124,0,-0.990718907597], [125,0,0.000000000000], [126,0,-0.027722779824], [127,0,0.149805910079], [128,0,0.000000000000], [129,0,-0.005691555179], [130,0,0.750794529622], [131,0,0.000000000000], [132,0,0.814961029057], [133,0,0.382533116652], [134,0,0.000000000000], [135,0,-0.738642859808], [136,0,-0.547516167611], [137,0,0.000000000000], [138,0,-0.302509187994], [139,0,0.298806058336], [140,0,0.000000000000], [141,0,0.249551811033], [142,0,-0.023653148642], [143,0,0.000000000000], [144,0,0.678282115880], [145,0,-0.374987494795], [146,0,0.000000000000], ]
},
"b": {
"shape": [103, 1],
