{
"N": {
"shape": [147, 118],
"data": [[0,0,-0.005412225403], [1,0,-0.999985353801], [3,0,0.005412225403], [4,0,0.999985353801], [0,1,-0.706333354508], [1,1,-0.707879362822], [24,1,0.706333354508], [25,1,0.707879362822], [3,2,-0.999997785183], [4,2,-0.002104668200], [24,2,0.999997785183], [25,2,0.002104668200], [6,3,0.000659978361], [7,3,-0.999999782214], [9,3,-0.000659978361], [10,3,0.999999782214], [6,4,-0.000971125058], [7,4,-0.999999528458], [12,4,0.000971125058], [13,4,0.999999528458], [6,5,-0.706145210446], [7,5,-0.708067046094], [30,5,0.706145210446], [31,5,0.708067046094], [9,6,-0.002609296069], [10,6,-0.999996595781], [12,6,0.002609296069], [13,6,0.999996595781], [9,7,-0.999999583911], [10,7,-0.000912237952], [30,7,0.999999583911], [31,7,0.000912237952], [9,8,-0.707686124039], [10,8,-0.706526963281], [33,8,0.707686124039], [34,8,0.706526963281], [15,9,0.001267893750], [16,9,-0.999999196222], [18,9,-0.001267893750], [19,9,0.999999196222], [15,10,-0.999986089829], [16,10,-0.005274480876], [36,10,0.999986089829], [37,10,0.005274480876], [15,11,-0.704420074715], [16,11,-0.709783317878], [39,11,0.704420074715], [40,11,0.709783317878], [18,12,-0.705344916384], [19,12,0.708864266931], [36,12,0.705344916384], [37,12,-0.708864266931], [21,13,-0.999999184514], [22,13,0.001277094875], [63,13,0.999999184514], [64,13,-0.001277094875], [24,14,-0.005075787613], [25,14,-0.999987118107], [27,14,0.005075787613], [28,14,0.999987118107], [24,15,-0.000402954282], [25,15,-0.999999918814], [30,15,0.000402954282], [31,15,0.999999918814], [24,16,-0.709803101527], [25,16,-0.704400139879], [48,16,0.709803101527], [49,16,0.704400139879], [27,17,0.004201825662], [28,17,-0.999991172292], [30,17,-0.004201825662], [31,17,0.999991172292], [27,18,0.000855368157], [28,18,-0.999999634173], [33,18,-0.000855368157], [34,18,0.999999634173], [27,19,-0.707422887572], [28,19,0.706790533425], [45,19,0.707422887572], [46,19,-0.706790533425], [27,20,-0.999994379640], [28,20,-0.003352713567], [48,20,0.999994379640], [49,20,0.003352713567], [27,21,-0.705050828333], [28,21,-0.709156773547], [51,21,0.705050828333], [52,21,0.709156773547], [27,22,-0.999996256022], [28,22,-0.002736410367], [69,22,0.999996256022], [70,22,0.002736410367], [30,23,-0.002525654030], [31,23,-0.999996810531], [33,23,0.002525654030], [34,23,0.999996810531], [36,24,-0.004896798458], [37,24,-0.999988010611], [39,24,0.004896798458], [40,24,0.999988010611], [36,25,-0.711367500848], [37,25,-0.702820232162], [60,25,0.711367500848], [61,25,0.702820232162], [36,26,-0.999996654257], [37,26,0.002586788564], [78,26,0.999996654257], [79,26,-0.002586788564], [42,27,0.000516510354], [43,27,-0.999999866609], [45,27,-0.000516510354], [46,27,0.999999866609], [42,28,-0.999989848775], [43,28,-0.004505812650], [63,28,0.999989848775], [64,28,0.004505812650], [42,29,-0.706575093784], [43,29,-0.707638069104], [66,29,0.706575093784], [67,29,0.707638069104], [42,30,-0.999994717706], [43,30,-0.003250316947], [84,30,0.999994717706], [85,30,0.003250316947], [45,31,-0.001398539023], [46,31,-0.999999022044], [51,31,0.001398539023], [52,31,0.999999022044], [45,32,-0.708403535925], [46,32,0.705807643972], [63,32,0.708403535925], [64,32,-0.705807643972], [45,33,-0.999999358667], [46,33,-0.001132548531], [66,33,0.999999358667], [67,33,0.001132548531], [45,34,-0.705916462327], [46,34,-0.708295099670], [69,34,0.705916462327], [70,34,0.708295099670], [45,35,-0.999998951451], [46,35,0.001448135735], [87,35,0.999998951451], [88,35,-0.001448135735], [48,36,-0.001424045272], [49,36,-0.999998986047], [51,36,0.001424045272], [52,36,0.999998986047], [48,37,-0.999997754594], [49,37,-0.002119152266], [69,37,0.999997754594], [70,37,0.002119152266], [48,38,-0.706214457625], [49,38,-0.707997980111], [72,38,0.706214457625], [73,38,0.707997980111], [48,39,-0.999998147949], [49,39,0.001924603712], [90,39,0.999998147949], [91,39,-0.001924603712], [51,40,-0.705419280916], [52,40,0.708790263839], [69,40,0.705419280916], [70,40,-0.708790263839], [51,41,-0.999999020018], [52,41,-0.001399986898], [72,41,0.999999020018], [73,41,0.001399986898], [51,42,-0.707599001866], [52,42,-0.706614217631], [75,42,0.707599001866], [76,42,0.706614217631], [51,43,-0.999999694045], [52,43,0.000782247077], [93,43,0.999999694045], [94,43,-0.000782247077], [54,44,-0.000481219980], [55,44,-0.999999884214], [57,44,0.000481219980], [58,44,0.999999884214], [54,45,-0.004397104452], [55,45,-0.999990332689], [60,45,0.004397104452], [61,45,0.999990332689], [54,46,-0.708935465808], [55,46,-0.705273355033], [78,46,0.708935465808], [79,46,0.705273355033], [57,47,-0.008311790390], [58,47,-0.999965456474], [60,47,0.008311790390], [61,47,0.999965456474], [57,48,-0.706915886979], [58,48,0.707297623873], [75,48,0.706915886979], [76,48,-0.707297623873], [57,49,-0.999998178187], [58,49,0.001908827319], [78,49,0.999998178187], [79,49,-0.001908827319], [57,50,-0.707877001247], [58,50,-0.706335721245], [81,50,0.707877001247], [82,50,0.706335721245], [57,51,-0.999999101359], [58,51,-0.001340627259], [99,51,0.999999101359], [100,51,0.001340627259], [60,52,-0.704376135979], [61,52,0.709826921907], [78,52,0.704376135979], [79,52,-0.709826921907], [60,53,-0.999999838277], [61,53,0.000568723721], [81,53,0.999999838277], [82,53,-0.000568723721], [63,54,-0.000987100633], [64,54,-0.999999512816], [66,54,0.000987100633], [67,54,0.999999512816], [63,55,0.001263537561], [64,55,-0.999999201736], [69,55,-0.001263537561], [70,55,0.999999201736], [66,56,0.003509125739], [67,56,-0.999993842999], [69,56,-0.003509125739], [70,56,0.999993842999], [66,57,-0.000400829392], [67,57,-0.999999919668], [72,57,0.000400829392], [73,57,0.999999919668], [66,58,-0.706582424531], [67,58,0.707630749292], [84,58,0.706582424531], [85,58,-0.707630749292], [66,59,-0.999991809878], [67,59,0.004047243054], [87,59,0.999991809878], [88,59,-0.004047243054], [66,60,-0.707395186535], [67,60,-0.706818258159], [90,60,0.707395186535], [91,60,0.706818258159], [66,61,-0.999999923257], [67,61,-0.000391772261], [108,61,0.999999923257], [109,61,0.000391772261], [69,62,-0.004306363473], [70,62,-0.999990727574], [72,62,0.004306363473], [73,62,0.999990727574], [69,63,0.000137661468], [70,63,-0.999999990525], [75,63,-0.000137661468], [76,63,0.999999990525], [69,64,-0.704862918489], [70,64,0.709343545920], [87,64,0.704862918489], [88,64,-0.709343545920], [69,65,-0.999982237323], [70,65,0.005960288381], [90,65,0.999982237323], [91,65,-0.005960288381], [69,66,-0.707545366480], [70,66,-0.706667923690], [93,66,0.707545366480], [94,66,0.706667923690], [69,67,-0.999998331276], [70,67,-0.001826867778], [111,67,0.999998331276], [112,67,0.001826867778], [72,68,-0.702491475136], [73,68,0.711692157721], [90,68,0.702491475136], [91,68,-0.711692157721], [75,69,0.000079140950], [76,69,-0.999999996868], [78,69,-0.000079140950], [79,69,0.999999996868], [75,70,0.000497016824], [76,70,-0.999999876487], [81,70,-0.000497016824], [82,70,0.999999876487], [75,71,-0.706817503042], [76,71,-0.707395941036], [99,71,0.706817503042], [100,71,0.707395941036], [78,72,0.000914846637], [79,72,-0.999999581528], [81,72,-0.000914846637], [82,72,0.999999581528], [78,73,-0.999999575954], [79,73,0.000920919438], [120,73,0.999999575954], [121,73,-0.000920919438], [84,74,0.000138265284], [85,74,-0.999999990441], [87,74,-0.000138265284], [88,74,0.999999990441], [84,75,-0.999992408692], [85,75,0.003896480205], [105,75,0.999992408692], [106,75,-0.003896480205], [84,76,-0.708045931789], [85,76,-0.706166381583], [108,76,0.708045931789], [109,76,0.706166381583], [84,77,-0.999999974096], [85,77,0.000227614931], [126,77,0.999999974096], [127,77,-0.000227614931], [87,78,-0.000862014294], [88,78,-0.999999628466], [93,78,0.000862014294], [94,78,0.999999628466], [87,79,-0.708643064065], [88,79,0.705567153255], [105,79,0.708643064065], [106,79,-0.705567153255], [87,80,-0.999988442737], [88,80,-0.004807742974], [108,80,0.999988442737], [109,80,0.004807742974], [87,81,-0.703789279689], [88,81,-0.710408790623], [111,81,0.703789279689], [112,81,0.710408790623], [90,82,-0.001033507754], [91,82,-0.999999465931], [93,82,0.001033507754], [94,82,0.999999465931], [90,83,-0.001629769710], [91,83,-0.999998671924], [96,83,0.001629769710], [97,83,0.999998671924], [90,84,-0.999953729053], [91,84,-0.009619758428], [111,84,0.999953729053], [112,84,0.009619758428], [90,85,-0.707420104598], [91,85,-0.706793318878], [114,85,0.707420104598], [115,85,0.706793318878], [90,86,-0.999999343426], [91,86,-0.001145926771], [132,86,0.999999343426], [133,86,0.001145926771], [93,87,-0.707828379740], [94,87,0.706384445493], [111,87,0.707828379740], [112,87,-0.706384445493], [93,88,-0.999996690529], [94,88,0.002572728360], [135,88,0.999996690529], [136,88,-0.002572728360], [96,89,-0.001698464152], [97,89,-0.999998557609], [99,89,0.001698464152], [100,89,0.999998557609], [96,90,-0.000004416133], [97,90,-0.999999999990], [102,90,0.000004416133], [103,90,0.999999999990], [96,91,-0.999972938388], [97,91,-0.007356799053], [117,91,0.999972938388], [118,91,0.007356799053], [96,92,-0.705808103292], [97,92,-0.708403078287], [120,92,0.705808103292], [121,92,0.708403078287], [96,93,-0.999999999662], [97,93,0.000025996012], [138,93,0.999999999662], [139,93,-0.000025996012], [99,94,-0.708357309953], [100,94,0.705854036920], [117,94,0.708357309953], [118,94,-0.705854036920], [99,95,-0.999978962383], [100,95,0.006486508395], [120,95,0.999978962383], [121,95,-0.006486508395], [99,96,-0.709386146655], [100,96,-0.704820044362], [123,96,0.709386146655], [124,96,0.704820044362], [102,97,-0.704546864027], [103,97,0.709657464126], [120,97,0.704546864027], [121,97,-0.709657464126], [102,98,-0.999996509298], [103,98,0.002642232431], [123,98,0.999996509298], [124,98,-0.002642232431], [102,99,-0.999998811767], [103,99,0.001541578406], [144,99,0.999998811767], [145,99,-0.001541578406], [105,100,-0.999994060057], [106,100,-0.003446716031], [126,100,0.999994060057], [127,100,0.003446716031], [108,101,-0.002607946099], [109,101,-0.999996599303], [114,101,0.002607946099], [115,101,0.999996599303], [108,102,-0.709969350094], [109,102,-0.704232576588], [132,102,0.709969350094], [133,102,0.704232576588], [111,103,-0.006322628114], [112,103,-0.999980011987], [114,103,0.006322628114], [115,103,0.999980011987], [111,104,-0.003832405416], [112,104,-0.999992656307], [117,104,0.003832405416], [118,104,0.999992656307], [111,105,-0.999973589129], [112,105,0.007267808774], [132,105,0.999973589129], [133,105,-0.007267808774], [114,106,-0.706320134930], [115,106,0.707892553282], [132,106,0.706320134930], [133,106,-0.707892553282], [114,107,-0.999991919857], [115,107,0.004019977806], [135,107,0.999991919857], [136,107,-0.004019977806], [117,108,0.008037860052], [118,108,-0.999967695881], [120,108,-0.008037860052], [121,108,0.999967695881], [117,109,0.000857518661], [118,109,-0.999999632331], [123,109,-0.000857518661], [124,109,0.999999632331], [117,110,-0.703382401016], [118,110,0.710811647303], [135,110,0.703382401016], [136,110,-0.710811647303], [120,111,-0.006263451403], [121,111,-0.999980384396], [123,111,0.006263451403], [124,111,0.999980384396], [126,112,-0.005769947680], [127,112,-0.999983353713], [129,112,0.005769947680], [130,112,0.999983353713], [135,113,0.002113475290], [136,113,-0.999997766609], [138,113,-0.002113475290], [139,113,0.999997766609], [135,114,0.001925015296], [136,114,-0.999998147156], [141,114,-0.001925015296], [142,114,0.999998147156], [138,115,0.001737343599], [139,115,-0.999998490817], [141,115,-0.001737343599], [142,115,0.999998490817], [138,116,0.003072400715], [139,116,-0.999995280166], [144,116,-0.003072400715], [145,116,0.999995280166], [141,117,0.004425049894], [142,117,-0.999990209419], [144,117,-0.004425049894], [145,117,0.999990209419], ]
},
"Q": {
"shape": [118, 118],
"data": [[0,0,2.000000000000], [1,0,0.711691830404], [2,0,-0.007516850790], [0,1,0.711691830404], [1,1,2.000000000000], [2,1,0.707821641293], [14,1,-0.711455442088], [15,1,-0.708163925402], [16,1,-0.999987927932], [0,2,-0.007516850790], [1,2,0.707821641293], [2,2,2.000000000000], [14,2,-0.007180417459], [15,2,-0.002507621418], [16,2,-0.711284058018], [3,3,2.000000000000], [4,3,0.999998669751], [5,3,0.707600851328], [6,3,-0.999994655917], [7,3,-0.000252259667], [8,3,-0.706059751881], [3,4,0.999998669751], [4,4,2.000000000000], [5,4,0.708752467519], [6,4,0.999998658194], [3,5,0.707600851328], [4,5,0.708752467519], [5,5,2.000000000000], [7,5,0.706790842259], [15,5,0.708351532845], [17,5,0.705093696418], [23,5,-0.709848266232], [3,6,-0.999994655917], [4,6,0.999998658194], [6,6,2.000000000000], [7,6,0.003521529830], [8,6,0.708371120730], [3,7,-0.000252259667], [5,7,0.706790842259], [6,7,0.003521529830], [7,7,2.000000000000], [8,7,0.708330350288], [15,7,0.001315191993], [17,7,-0.003289594014], [23,7,-0.003437888022], [3,8,-0.706059751881], [6,8,0.708371120730], [7,8,0.708330350288], [8,8,2.000000000000], [18,8,0.705921372638], [23,8,0.708312080146], [9,9,2.000000000000], [10,9,0.004006600523], [11,9,0.708889617560], [12,9,0.709757999573], [9,10,0.004006600523], [10,10,2.000000000000], [11,10,0.708154014648], [12,10,0.701596213895], [24,10,-0.010171147981], [25,10,-0.715064617479], [26,10,-0.999969100166], [9,11,0.708889617560], [10,11,0.708154014648], [11,11,2.000000000000], [24,11,0.713224211145], [9,12,0.709757999573], [10,12,0.701596213895], [12,12,2.000000000000], [24,12,0.705401836182], [25,12,-0.003555301748], [26,12,-0.707176238460], [13,13,2.000000000000], [28,13,0.999983278947], [32,13,0.709304341557], [54,13,0.000289994425], [55,13,0.002540630386], [1,14,-0.711455442088], [2,14,-0.007180417459], [14,14,2.000000000000], [15,14,0.999989082232], [16,14,0.707993875663], [17,14,-0.999956962938], [18,14,-0.999982410617], [19,14,0.703190700295], [20,14,-0.008428429464], [21,14,-0.712726326527], [22,14,-0.007812143726], [1,15,-0.708163925402], [2,15,-0.002507621418], [5,15,0.708351532845], [7,15,0.001315191993], [14,15,0.999989082232], [15,15,2.000000000000], [16,15,0.704686100891], [17,15,0.999989397963], [23,15,-0.999997747068], [1,16,-0.999987927932], [2,16,-0.711284058018], [14,16,0.707993875663], [15,16,0.704686100891], [16,16,2.000000000000], [20,16,0.712160764084], [36,16,-0.705410217402], [37,16,-0.711294238884], [38,16,-0.999987088590], [39,16,-0.708446095812], [5,17,0.705093696418], [7,17,-0.003289594014], [14,17,-0.999956962938], [15,17,0.999989397963], [17,17,2.000000000000], [18,17,0.999994400575], [19,17,-0.709756761727], [20,17,-0.000849118075], [21,17,0.706188012655], [22,17,-0.001465423720], [23,17,-0.999977370493], [8,18,0.705921372638], [14,18,-0.999982410617], [17,18,0.999994400575], [18,18,2.000000000000], [19,18,-0.707395381874], [20,18,0.002497348991], [21,18,0.708553436090], [22,18,0.001881044411], [23,18,0.999994284340], [14,19,0.703190700295], [17,19,-0.709756761727], [18,19,-0.707395381874], [19,19,2.000000000000], [20,19,0.705049245390], [21,19,-0.002456201394], [22,19,0.705486170054], [27,19,-0.707155830392], [31,19,0.705800483701], [32,19,-0.999999036129], [33,19,-0.706621959298], [34,19,0.001234809155], [35,19,-0.708445674433], [14,20,-0.008428429464], [16,20,0.712160764084], [17,20,-0.000849118075], [18,20,0.002497348991], [19,20,0.705049245390], [20,20,2.000000000000], [21,20,0.707424465229], [22,20,0.999999810083], [36,20,-0.004776747436], [37,20,-0.999999239158], [38,20,-0.708584202879], [39,20,-0.999986074954], [14,21,-0.712726326527], [17,21,0.706188012655], [18,21,0.708553436090], [19,21,-0.002456201394], [20,21,0.707424465229], [21,21,2.000000000000], [22,21,0.706988732585], [31,21,0.710142121120], [36,21,0.710160078794], [40,21,0.005286968294], [41,21,-0.706042947587], [42,21,-0.999993521111], [43,21,-0.704495876805], [14,22,-0.007812143726], [17,22,-0.001465423720], [18,22,0.001881044411], [19,22,0.705486170054], [20,22,0.999999810083], [21,22,0.706988732585], [22,22,2.000000000000], [34,22,0.707852005444], [37,22,0.999999809495], [40,22,0.703477098816], [55,22,0.001472875352], [56,22,-0.000772719082], [62,22,-0.007042732344], [63,22,-0.002598749388], [64,22,-0.702919224466], [65,22,-0.999962183617], [66,22,-0.709476450878], [67,22,-0.999999586364], [5,23,-0.709848266232], [7,23,-0.003437888022], [8,23,0.708312080146], [15,23,-0.999997747068], [17,23,-0.999977370493], [18,23,0.999994284340], [23,23,2.000000000000], [10,24,-0.010171147981], [11,24,0.713224211145], [12,24,0.705401836182], [24,24,2.000000000000], [25,24,0.706295229058], [26,24,0.002310024524], [10,25,-0.715064617479], [12,25,-0.003555301748], [24,25,0.706295229058], [25,25,2.000000000000], [26,25,0.709547073456], [45,25,0.705941394986], [47,25,0.708708691830], [52,25,-0.002189569459], [53,25,-0.710967675266], [10,26,-0.999969100166], [12,26,-0.707176238460], [24,26,0.002310024524], [25,26,0.709547073456], [26,26,2.000000000000], [46,26,0.707108700842], [49,26,0.999999770183], [52,26,0.706209951481], [69,26,-0.002665929241], [72,26,0.003501631058], [73,26,-0.999998612436], [19,27,-0.707155830392], [27,27,2.000000000000], [28,27,0.003989306938], [29,27,0.707273021359], [30,27,0.002733808888], [31,27,-0.999998166293], [32,27,0.706173447584], [33,27,-0.000616038357], [34,27,-0.707930392027], [35,27,0.001964645355], [13,28,0.999983278947], [27,28,0.003989306938], [28,28,2.000000000000], [29,28,0.709756405744], [30,28,0.999999211853], [32,28,0.705216107750], [54,28,-0.005492901068], [55,28,-0.003242284319], [27,29,0.707273021359], [28,29,0.709756405744], [29,29,2.000000000000], [30,29,0.708871409455], [33,29,0.707376075089], [54,29,0.708335185076], [56,29,-0.705154251328], [57,29,-0.707921228323], [58,29,0.001492914188], [59,29,-0.703705323588], [60,29,-0.999999327679], [61,29,-0.706852272525], [27,30,0.002733808888], [28,30,0.999999211853], [29,30,0.708871409455], [30,30,2.000000000000], [58,30,0.704278667939], [74,30,-0.003112052362], [75,30,-0.999974461643], [76,30,-0.710337456239], [77,30,-0.999993951981], [19,31,0.705800483701], [21,31,0.710142121120], [27,31,-0.999998166293], [31,31,2.000000000000], [32,31,-0.704816223734], [33,31,0.002531085550], [34,31,0.709281658708], [35,31,-0.000049596762], [36,31,0.999999999675], [40,31,0.707803014281], [41,31,-0.002798523182], [42,31,-0.707603131411], [43,31,-0.000616292283], [13,32,0.709304341557], [19,32,-0.999999036129], [27,32,0.706173447584], [28,32,0.705216107750], [31,32,-0.704816223734], [32,32,2.000000000000], [33,32,0.707603720192], [34,32,0.000153622445], [35,32,0.709424898401], [54,32,0.705108034535], [55,32,0.706702175027], [19,33,-0.706621959298], [27,33,-0.000616038357], [29,33,0.707376075089], [31,33,0.002531085550], [32,33,0.707603720192], [33,33,2.000000000000], [34,33,0.706718188173], [35,33,0.999996670034], [54,33,0.002119647979], [56,33,0.002376581931], [57,33,-0.001533377575], [58,33,-0.705780545211], [59,33,-0.999986584851], [60,33,-0.708195238838], [61,33,-0.999999725625], [19,34,0.001234809155], [22,34,0.707852005444], [27,34,-0.707930392027], [31,34,0.709281658708], [32,34,0.000153622445], [33,34,0.706718188173], [34,34,2.000000000000], [35,34,0.704890014694], [37,34,0.707415862423], [40,34,-0.004065587330], [55,34,0.707402582298], [56,34,0.705813589069], [62,34,-0.711328464924], [63,34,-0.708197915462], [64,34,0.004850219713], [65,34,-0.701682280308], [66,34,-0.999997349485], [67,34,-0.707209245842], [19,35,-0.708445674433], [27,35,0.001964645355], [31,35,-0.000049596762], [32,35,0.709424898401], [33,35,0.999996670034], [34,35,0.704890014694], [35,35,2.000000000000], [59,35,0.999996622295], [64,35,0.705889405143], [74,35,-0.001586400861], [78,35,0.000586121808], [79,35,-0.709664078026], [80,35,-0.999980431936], [81,35,-0.702759773375], [16,36,-0.705410217402], [20,36,-0.004776747436], [21,36,0.710160078794], [31,36,0.999999999675], [36,36,2.000000000000], [37,36,0.003543192192], [38,36,0.709002943594], [39,36,-0.000500559126], [40,36,0.707784996167], [41,36,-0.002824029355], [42,36,-0.707621154171], [43,36,-0.000641798553], [16,37,-0.711294238884], [20,37,-0.999999239158], [22,37,0.999999809495], [34,37,0.707415862423], [36,37,0.003543192192], [37,37,2.000000000000], [38,37,0.707713227411], [39,37,0.999991824019], [40,37,0.703915662470], [55,37,0.000855615850], [56,37,-0.001389978641], [62,37,-0.006425486420], [63,37,-0.001981491086], [64,37,-0.703358128803], [65,37,-0.999967361199], [66,37,-0.709041314686], [67,37,-0.999999957285], [16,38,-0.999987088590], [20,38,-0.708584202879], [36,38,0.709002943594], [37,38,0.707713227411], [38,38,2.000000000000], [39,38,0.704850534139], [41,38,0.707204953444], [57,38,0.708280994748], [62,38,0.711032631396], [68,38,0.007766974028], [16,39,-0.708446095812], [20,39,-0.999986074954], [36,39,-0.000500559126], [37,39,0.999991824019], [38,39,0.704850534139], [39,39,2.000000000000], [60,39,0.706033531359], [65,39,0.999991856498], [68,39,0.703859899454], [82,39,0.000891096844], [83,39,0.000294834464], [84,39,-0.999933362865], [85,39,-0.706058497375], [86,39,-0.999995285921], [21,40,0.005286968294], [22,40,0.703477098816], [31,40,0.707803014281], [34,40,-0.004065587330], [36,40,0.707784996167], [37,40,0.703915662470], [40,40,2.000000000000], [41,40,0.704426292535], [42,40,-0.001687298674], [43,40,0.705973514201], [55,40,-0.709681021795], [56,40,-0.711261304772], [62,40,0.705745899809], [63,40,0.708887366177], [64,40,-0.999999692170], [65,40,-0.709631345155], [66,40,0.001763200441], [67,40,-0.704123237671], [21,41,-0.706042947587], [31,41,-0.002798523182], [36,41,-0.002824029355], [38,41,0.707204953444], [40,41,0.704426292535], [41,41,2.000000000000], [42,41,0.708587559078], [43,41,0.999997618927], [57,41,0.001800815785], [62,41,0.005706333170], [68,41,-0.701494427010], [21,42,-0.999993521111], [31,42,-0.707603131411], [36,42,-0.707621154171], [40,42,-0.001687298674], [41,42,0.708587559078], [42,42,2.000000000000], [43,42,0.707046038466], [48,42,0.000426418904], [63,42,0.706516801818], [69,42,-0.706558215361], [70,42,-0.706262441747], [71,42,-0.999999389084], [21,43,-0.704495876805], [31,43,-0.000616292283], [36,43,-0.000641798553], [40,43,0.705973514201], [41,43,0.999997618927], [42,43,0.707046038466], [43,43,2.000000000000], [66,43,0.706992361085], [78,43,0.000079767243], [82,43,0.000251260779], [87,43,-0.708380730344], [88,43,-0.999998397084], [44,44,2.000000000000], [45,44,0.999992332879], [46,44,0.705614427283], [47,44,-0.999969340491], [48,44,0.706957359928], [49,44,0.001427607994], [50,44,-0.706676284017], [51,44,-0.001821846652], [25,45,0.705941394986], [44,45,0.999992332879], [45,45,2.000000000000], [46,45,0.708383800229], [47,45,0.999992337308], [52,45,0.706722844347], [53,45,-0.003828385518], [26,46,0.707108700842], [44,46,0.705614427283], [45,46,0.708383800229], [46,46,2.000000000000], [49,46,0.707587929213], [52,46,-0.001264790642], [69,46,0.705217246999], [72,46,-0.704624492669], [73,46,-0.708285665244], [25,47,0.708708691830], [44,47,-0.999969340491], [45,47,0.999992337308], [47,47,2.000000000000], [48,47,-0.701397454643], [49,47,0.006403013866], [50,47,0.712195047174], [51,47,0.009652363869], [52,47,0.703947775184], [53,47,-0.007743084970], [42,48,0.000426418904], [44,48,0.706957359928], [47,48,-0.701397454643], [48,48,2.000000000000], [49,48,0.708264708138], [50,48,0.000819920916], [51,48,0.705967029241], [63,48,-0.707394932250], [69,48,0.707353567653], [70,48,0.707648885601], [71,48,0.000678946137], [26,49,0.999999770183], [44,49,0.001427607994], [46,49,0.707587929213], [47,49,0.006403013866], [48,49,0.708264708138], [49,49,2.000000000000], [50,49,0.706527438706], [51,49,0.999994720522], [52,49,0.705729789758], [69,49,-0.001987968118], [72,49,0.002823671491], [73,49,-0.999999512018], [44,50,-0.706676284017], [47,50,0.712195047174], [48,50,0.000819920916], [49,50,0.706527438706], [50,50,2.000000000000], [51,50,0.708823298041], [53,50,0.707475176887], [70,50,0.705983807224], [72,50,0.705687826768], [44,51,-0.001821846652], [47,51,0.009652363869], [48,51,0.705967029241], [49,51,0.999994720522], [50,51,0.708823298041], [51,51,2.000000000000], [71,51,0.707765222148], [89,51,0.003039087951], [94,51,-0.707410386232], [95,51,-0.999969367771], [96,51,-0.710330410136], [25,52,-0.002189569459], [26,52,0.706209951481], [45,52,0.706722844347], [46,52,-0.001264790642], [47,52,0.703947775184], [49,52,0.705729789758], [52,52,2.000000000000], [53,52,0.704779717473], [69,52,-0.709882664680], [72,52,0.710471021003], [73,52,-0.705029530700], [25,53,-0.710967675266], [45,53,-0.003828385518], [47,53,-0.007743084970], [50,53,0.707475176887], [52,53,0.704779717473], [53,53,2.000000000000], [70,53,-0.001065740394], [72,53,-0.001483569972], [13,54,0.000289994425], [28,54,-0.005492901068], [29,54,0.708335185076], [32,54,0.705108034535], [33,54,0.002119647979], [54,54,2.000000000000], [55,54,0.999997467314], [56,54,-0.999989891958], [57,54,-0.999999828143], [58,54,0.706932936587], [59,54,0.003060148534], [60,54,-0.707516184045], [61,54,-0.001378872627], [13,55,0.002540630386], [22,55,0.001472875352], [28,55,-0.003242284319], [32,55,0.706702175027], [34,55,0.707402582298], [37,55,0.000855615850], [40,55,-0.709681021795], [54,55,0.999997467314], [55,55,2.000000000000], [56,55,0.999997478653], [62,55,-0.999984488065], [63,55,-0.999999366201], [64,55,0.710233600450], [65,55,0.007223798740], [66,55,-0.705773349436], [67,55,-0.000563330868], [22,56,-0.000772719082], [29,56,-0.705154251328], [33,56,0.002376581931], [34,56,0.705813589069], [37,56,-0.001389978641], [40,56,-0.711261304772], [54,56,-0.999989891958], [55,56,0.999997478653], [56,56,2.000000000000], [57,56,0.999992356107], [58,56,-0.710105878981], [59,56,-0.007556315134], [60,56,0.704331567622], [61,56,-0.003117355621], [62,56,-0.999969459059], [63,56,-0.999994316595], [64,56,0.711812631101], [65,56,0.009469315091], [66,56,-0.704180707078], [67,56,0.001682263353], [29,57,-0.707921228323], [33,57,-0.001533377575], [38,57,0.708280994748], [41,57,0.001800815785], [54,57,-0.999999828143], [56,57,0.999992356107], [57,57,2.000000000000], [58,57,-0.707347473442], [59,57,-0.003646416619], [60,57,0.707101746162], [61,57,0.000792601591], [62,57,0.999992373360], [68,57,0.711410521318], [29,58,0.001492914188], [30,58,0.704278667939], [33,58,-0.705780545211], [54,58,0.706932936587], [56,58,-0.710105878981], [57,58,-0.707347473442], [58,58,2.000000000000], [59,58,0.709440591170], [60,58,-0.000333327631], [61,58,0.706305140208], [74,58,0.707728438348], [75,58,-0.709334329854], [76,58,-0.000587765439], [77,58,-0.706743473552], [29,59,-0.703705323588], [33,59,-0.999986584851], [35,59,0.999996622295], [54,59,0.003060148534], [56,59,-0.007556315134], [57,59,-0.003646416619], [58,59,0.709440591170], [59,59,2.000000000000], [60,59,0.704528727596], [61,59,0.999990147539], [64,59,0.707728031315], [74,59,-0.004185507167], [78,59,0.003185234317], [79,59,-0.711492861952], [80,59,-0.999960794606], [81,59,-0.700908318526], [29,60,-0.999999327679], [33,60,-0.708195238838], [39,60,0.706033531359], [54,60,-0.707516184045], [56,60,0.704331567622], [57,60,0.707101746162], [58,60,-0.000333327631], [59,60,0.704528727596], [60,60,2.000000000000], [61,60,0.707672044034], [65,60,0.703169780651], [68,60,-0.006097923174], [82,60,-0.707548979080], [83,60,-0.707970210699], [84,60,-0.714161875586], [85,60,-0.999999999379], [86,60,-0.708204684042], [29,61,-0.706852272525], [33,61,-0.999999725625], [54,61,-0.001378872627], [56,61,-0.003117355621], [57,61,0.000792601591], [58,61,0.706305140208], [59,61,0.999990147539], [60,61,0.707672044034], [61,61,2.000000000000], [76,61,0.708322533851], [80,61,0.999990249535], [101,61,-0.002999716827], [102,61,-0.710245194397], [22,62,-0.007042732344], [34,62,-0.711328464924], [37,62,-0.006425486420], [38,62,0.711032631396], [40,62,0.705745899809], [41,62,0.005706333170], [55,62,-0.999984488065], [56,62,-0.999969459059], [57,62,0.999992373360], [62,62,2.000000000000], [63,62,0.999990125278], [64,62,-0.706301572659], [65,62,-0.001653946134], [66,62,0.709708318685], [67,62,0.006133207126], [68,62,0.708660374979], [22,63,-0.002598749388], [34,63,-0.708197915462], [37,63,-0.001981491086], [40,63,0.708887366177], [42,63,0.706516801818], [48,63,-0.707394932250], [55,63,-0.999999366201], [56,63,-0.999994316595], [62,63,0.999990125278], [63,63,2.000000000000], [64,63,-0.709440571664], [65,63,-0.006097947347], [66,63,0.706570515260], [67,63,0.001689206522], [69,63,-0.999999998288], [70,63,-0.999999935432], [71,63,-0.707298632798], [22,64,-0.702919224466], [34,64,0.004850219713], [35,64,0.705889405143], [37,64,-0.703358128803], [40,64,-0.999999692170], [55,64,0.710233600450], [56,64,0.711812631101], [59,64,0.707728031315], [62,64,-0.706301572659], [63,64,-0.709440571664], [64,64,2.000000000000], [65,64,0.709078290332], [66,64,-0.002547838797], [67,64,0.703565865400], [74,64,-0.709440997212], [78,64,0.708735680464], [79,64,-0.999985724679], [80,64,-0.701444430754], [81,64,0.007848924910], [22,65,-0.999962183617], [34,65,-0.701682280308], [37,65,-0.999967361199], [39,65,0.999991856498], [40,65,-0.709631345155], [55,65,0.007223798740], [56,65,0.009469315091], [60,65,0.703169780651], [62,65,-0.001653946134], [63,65,-0.006097947347], [64,65,0.709078290332], [65,65,2.000000000000], [66,65,0.703320853966], [67,65,0.999969679970], [68,65,0.706720887505], [82,65,0.004926795801], [83,65,0.004330539704], [84,65,-0.999878630664], [85,65,-0.703194846918], [86,65,-0.999974750707], [22,66,-0.709476450878], [34,66,-0.999997349485], [37,66,-0.709041314686], [40,66,0.001763200441], [43,66,0.706992361085], [55,66,-0.705773349436], [56,66,-0.704180707078], [62,66,0.709708318685], [63,66,0.706570515260], [64,66,-0.002547838797], [65,66,0.703320853966], [66,66,2.000000000000], [67,66,0.708835174642], [78,66,0.707277575358], [82,66,0.707398799903], [87,66,-0.001641460925], [88,66,-0.705724960271], [22,67,-0.999999586364], [34,67,-0.707209245842], [37,67,-0.999999957285], [40,67,-0.704123237671], [55,67,-0.000563330868], [56,67,0.001682263353], [62,67,0.006133207126], [63,67,0.001689206522], [64,67,0.703565865400], [65,67,0.999969679970], [66,67,0.708835174642], [67,67,2.000000000000], [81,67,0.705085928188], [84,67,0.999969634433], [87,67,0.706536727587], [103,67,-0.008149448826], [104,67,-0.005659253383], [105,67,-0.999958643123], [38,68,0.007766974028], [39,68,0.703859899454], [41,68,-0.701494427010], [57,68,0.711410521318], [60,68,-0.006097923174], [62,68,0.708660374979], [65,68,0.706720887505], [68,68,2.000000000000], [82,68,0.710965747241], [83,68,0.710546313213], [84,68,-0.695612663558], [85,68,0.006062669355], [86,68,-0.701675466801], [26,69,-0.002665929241], [42,69,-0.706558215361], [46,69,0.705217246999], [48,69,0.707353567653], [49,69,-0.001987968118], [52,69,-0.709882664680], [63,69,-0.999999998288], [69,69,2.000000000000], [70,69,0.999999912690], [71,69,0.707340000612], [72,69,-0.999999650798], [73,69,0.001000060351], [42,70,-0.706262441747], [48,70,0.707648885601], [50,70,0.705983807224], [53,70,-0.001065740394], [63,70,-0.999999935432], [69,70,0.999999912690], [70,70,2.000000000000], [71,70,0.707044553473], [72,70,0.999999912709], [42,71,-0.999999389084], [48,71,0.000678946137], [51,71,0.707765222148], [63,71,-0.707298632798], [69,71,0.707340000612], [70,71,0.707044553473], [71,71,2.000000000000], [89,71,0.708595424885], [94,71,-0.001361064402], [95,71,-0.702214103576], [96,71,-0.999993383413], [26,72,0.003501631058], [46,72,-0.704624492669], [49,72,0.002823671491], [50,72,0.705687826768], [52,72,0.710471021003], [53,72,-0.001483569972], [69,72,-0.999999650798], [70,72,0.999999912709], [72,72,2.000000000000], [73,72,-0.001835765302], [26,73,-0.999998612436], [46,73,-0.708285665244], [49,73,-0.999999512018], [52,73,-0.705029530700], [69,73,0.001000060351], [72,73,-0.001835765302], [73,73,2.000000000000], [92,73,0.705155421832], [95,73,0.999984511897], [97,73,0.705200102620], [108,73,-0.008958746332], [111,73,-0.005342547374], [30,74,-0.003112052362], [35,74,-0.001586400861], [58,74,0.707728438348], [59,74,-0.004185507167], [64,74,-0.709440997212], [74,74,2.000000000000], [75,74,-0.004034744403], [76,74,0.706068476661], [77,74,-0.000365880209], [78,74,-0.999999499720], [79,74,0.705665127246], [80,74,-0.004669479242], [81,74,-0.710311474208], [30,75,-0.999974461643], [58,75,-0.709334329854], [74,75,-0.004034744403], [75,75,2.000000000000], [76,75,0.705288993467], [77,75,0.999993269685], [79,75,0.711386912983], [100,75,-0.999973038733], [30,76,-0.710337456239], [58,76,-0.000587765439], [61,76,0.708322533851], [74,76,0.706068476661], [75,76,0.705288993467], [76,76,2.000000000000], [77,76,0.707885179435], [80,76,0.711432815175], [101,76,-0.708010525750], [102,76,-0.999996280430], [30,77,-0.999993951981], [58,77,-0.706743473552], [74,77,-0.000365880209], [75,77,0.999993269685], [76,77,0.707885179435], [77,77,2.000000000000], [100,77,0.999993249629], [112,77,-0.005542336389], [35,78,0.000586121808], [43,78,0.000079767243], [59,78,0.003185234317], [64,78,0.708735680464], [66,78,0.707277575358], [74,78,-0.999999499720], [78,78,2.000000000000], [79,78,-0.704956030663], [80,78,0.005669745519], [81,78,0.711015203101], [82,78,0.999999985295], [87,78,0.705774024866], [88,78,0.001710715964], [35,79,-0.709664078026], [59,79,-0.711492861952], [64,79,-0.999985724679], [74,79,0.705665127246], [75,79,0.711386912983], [78,79,-0.704956030663], [79,79,2.000000000000], [80,79,0.705242688567], [81,79,-0.002505716433], [100,79,-0.706206965147], [35,80,-0.999980431936], [59,80,-0.999960794606], [61,80,0.999990249535], [64,80,-0.701444430754], [74,80,-0.004669479242], [76,80,0.711432815175], [78,80,0.005669745519], [79,80,0.705242688567], [80,80,2.000000000000], [81,80,0.707196608683], [101,80,-0.007415642582], [102,80,-0.713346914013], [35,81,-0.702759773375], [59,81,-0.700908318526], [64,81,0.007848924910], [67,81,0.705085928188], [74,81,-0.710311474208], [78,81,0.711015203101], [79,81,-0.002505716433], [80,81,0.707196608683], [81,81,2.000000000000], [84,81,0.710590675644], [87,81,-0.003659694117], [103,81,-0.714844388849], [104,81,-0.713100779447], [105,81,-0.698607576760], [39,82,0.000891096844], [43,82,0.000251260779], [60,82,-0.707548979080], [65,82,0.004926795801], [66,82,0.707398799903], [68,82,0.710965747241], [78,82,0.999999985295], [82,82,2.000000000000], [83,82,0.999999822236], [84,82,0.010653213224], [85,82,0.707524065565], [86,82,0.002179433235], [87,82,0.705652522115], [88,82,0.001539222652], [39,83,0.000294834464], [60,83,-0.707970210699], [65,83,0.004330539704], [68,83,0.710546313213], [82,83,0.999999822236], [83,83,2.000000000000], [84,83,0.011249439951], [85,83,0.707945312061], [86,83,0.002775693889], [89,83,-0.999999997641], [90,83,-0.999998679112], [91,83,-0.008986514888], [92,83,-0.709552442142], [93,83,-0.001603773732], [39,84,-0.999933362865], [60,84,-0.714161875586], [65,84,-0.999878630664], [67,84,0.999969634433], [68,84,-0.695612663558], [81,84,0.710590675644], [82,84,0.010653213224], [83,84,0.011249439951], [84,84,2.000000000000], [85,84,0.714186552587], [86,84,0.999964096048], [87,84,0.701000380128], [103,84,-0.015941901708], [104,84,-0.013451915871], [105,84,-0.999857404840], [39,85,-0.706058497375], [60,85,-0.999999999379], [65,85,-0.703194846918], [68,85,0.006062669355], [82,85,0.707524065565], [83,85,0.707945312061], [84,85,0.714186552587], [85,85,2.000000000000], [86,85,0.708229573510], [101,85,0.708635828790], [103,85,0.711251945725], [106,85,0.000668663411], [107,85,-0.704573095087], [39,86,-0.999995285921], [60,86,-0.708204684042], [65,86,-0.999974750707], [68,86,-0.701675466801], [82,86,0.002179433235], [83,86,0.002775693889], [84,86,0.999964096048], [85,86,0.708229573510], [86,86,2.000000000000], [102,86,0.710775882909], [105,86,0.999964604195], [106,86,0.705508478150], [43,87,-0.708380730344], [66,87,-0.001641460925], [67,87,0.706536727587], [78,87,0.705774024866], [81,87,-0.003659694117], [82,87,0.705652522115], [84,87,0.701000380128], [87,87,2.000000000000], [88,87,0.709643372499], [103,87,0.701894990658], [104,87,0.703666572706], [105,87,-0.712943552447], [43,88,-0.999998397084], [66,88,-0.705724960271], [78,88,0.001710715964], [82,88,0.001539222652], [87,88,0.709643372499], [88,88,2.000000000000], [107,88,0.999998952723], [110,88,0.705208798476], [113,88,0.004686190910], [114,88,0.004497732518], [51,89,0.003039087951], [71,89,0.708595424885], [83,89,-0.999999997641], [89,89,2.000000000000], [90,89,0.999998565100], [91,89,0.009055206630], [92,89,0.709600846254], [93,89,0.001672468177], [94,89,0.704649899304], [95,89,0.004788070619], [96,89,-0.706023894675], [83,90,-0.999998679112], [89,90,0.999998565100], [90,90,2.000000000000], [91,90,0.007361215066], [92,90,0.708406195223], [93,90,-0.000021579880], [97,90,0.709654352746], [98,90,0.002637816314], [99,90,0.001537162278], [83,91,-0.008986514888], [89,91,0.009055206630], [90,91,0.007361215066], [91,91,2.000000000000], [92,91,0.711000582082], [93,91,0.999972746802], [94,91,0.703145314352], [104,91,0.011189046732], [108,91,0.000681081137], [109,91,-0.006499300892], [110,91,-0.698134067900], [73,92,0.705155421832], [83,92,-0.709552442142], [89,92,0.709600846254], [90,92,0.708406195223], [91,92,0.711000582082], [92,92,2.000000000000], [93,92,0.705789687399], [95,92,0.701198192258], [97,92,-0.005448646337], [108,92,0.702707007192], [111,92,-0.712809977288], [83,93,-0.001603773732], [89,93,0.001672468177], [90,93,-0.000021579880], [91,93,0.999972746802], [92,93,0.705789687399], [93,93,2.000000000000], [113,93,-0.002139471243], [115,93,0.001763339571], [116,93,0.003098396603], [51,94,-0.707410386232], [71,94,-0.001361064402], [89,94,0.704649899304], [91,94,0.703145314352], [94,94,2.000000000000], [95,94,0.712920935940], [96,94,0.004998788948], [104,94,-0.703134140953], [108,94,0.711524911851], [109,94,0.706461207011], [110,94,-0.999975336190], [51,95,-0.999969367771], [71,95,-0.702214103576], [73,95,0.999984511897], [89,95,0.004788070619], [92,95,0.701198192258], [94,95,0.712920935940], [95,95,2.000000000000], [96,95,0.704799401727], [97,95,0.709135241139], [108,95,-0.014523989808], [111,95,0.000223061523], [51,96,-0.710330410136], [71,96,-0.999993383413], [89,96,-0.706023894675], [94,96,0.004998788948], [95,96,0.704799401727], [96,96,2.000000000000], [98,96,0.707521372020], [109,96,0.704211473362], [111,96,0.709249424546], [73,97,0.705200102620], [90,97,0.709654352746], [92,97,-0.005448646337], [95,97,0.709135241139], [97,97,2.000000000000], [98,97,0.706419484631], [99,97,0.705640019484], [108,97,-0.715297588360], [111,97,0.705230648722], [90,98,0.002637816314], [96,98,0.707521372020], [97,98,0.706419484631], [98,98,2.000000000000], [99,98,0.999999394278], [109,98,-0.003499747127], [111,98,0.003621248938], [90,99,0.001537162278], [97,99,0.705640019484], [98,99,0.999999394278], [99,99,2.000000000000], [116,99,-0.004613968194], [117,99,-0.005966607949], [75,100,-0.999973038733], [77,100,0.999993249629], [79,100,-0.706206965147], [100,100,2.000000000000], [112,100,-0.009216572063], [61,101,-0.002999716827], [76,101,-0.708010525750], [80,101,-0.007415642582], [85,101,0.708635828790], [101,101,2.000000000000], [102,101,0.706081743503], [103,101,0.999993100431], [106,101,0.706048101114], [107,101,0.001412039109], [61,102,-0.710245194397], [76,102,-0.999996280430], [80,102,-0.713346914013], [86,102,0.710775882909], [101,102,0.706081743503], [102,102,2.000000000000], [105,102,0.704832371486], [106,102,0.002944650409], [67,103,-0.008149448826], [81,103,-0.714844388849], [84,103,-0.015941901708], [85,103,0.711251945725], [87,103,0.701894990658], [101,103,0.999993100431], [103,103,2.000000000000], [104,103,0.999996899316], [105,103,-0.000945202377], [106,103,0.703412604374], [107,103,-0.002302679572], [67,104,-0.005659253383], [81,104,-0.713100779447], [84,104,-0.013451915871], [87,104,0.703666572706], [91,104,0.011189046732], [94,104,-0.703134140953], [103,104,0.999996899316], [104,104,2.000000000000], [105,104,-0.003435451203], [108,104,-0.999929548087], [109,104,-0.999989002282], [110,104,0.708110780797], [67,105,-0.999958643123], [81,105,-0.698607576760], [84,105,-0.999857404840], [86,105,0.999964604195], [87,