{
"N": {
"shape": [147, 106],
"data": [[0,0,0.006791043268], [1,0,-0.999976940600], [3,0,-0.006791043268], [4,0,0.999976940600], [0,1,-0.999999995310], [1,1,-0.000096853882], [42,1,0.999999995310], [43,1,0.000096853882], [3,2,-0.709747447849], [4,2,0.704456216008], [21,2,0.709747447849], [22,2,-0.704456216008], [6,3,-0.003433170489], [7,3,-0.999994106653], [12,3,0.003433170489], [13,3,0.999994106653], [6,4,-0.707646435553], [7,4,-0.706566714648], [30,4,0.707646435553], [31,4,0.706566714648], [9,5,-0.002043327696], [10,5,-0.999997912404], [12,5,0.002043327696], [13,5,0.999997912404], [9,6,-0.999998666612], [10,6,-0.001633025989], [30,6,0.999998666612], [31,6,0.001633025989], [9,7,-0.707992780208], [10,7,-0.706219670622], [33,7,0.707992780208], [34,7,0.706219670622], [9,8,-0.999999876561], [10,8,0.000496868715], [51,8,0.999999876561], [52,8,-0.000496868715], [12,9,-0.705130380954], [13,9,0.709077672654], [30,9,0.705130380954], [31,9,-0.709077672654], [15,10,-0.000732315101], [16,10,-0.999999731857], [18,10,0.000732315101], [19,10,0.999999731857], [15,11,-0.999992382265], [16,11,-0.003903256642], [36,11,0.999992382265], [37,11,0.003903256642], [15,12,-0.706716565965], [16,12,-0.707496781188], [39,12,0.706716565965], [40,12,0.707496781188], [21,13,0.000664205410], [22,13,-0.999999779416], [24,13,-0.000664205410], [25,13,0.999999779416], [21,14,0.002034095783], [22,14,-0.999997931225], [27,14,-0.002034095783], [28,14,0.999997931225], [21,15,-0.999989486223], [22,15,-0.004585569036], [42,15,0.999989486223], [43,15,0.004585569036], [21,16,-0.706119988029], [22,16,-0.708092199157], [45,16,0.706119988029], [46,16,0.708092199157], [24,17,0.003401972820], [25,17,-0.999994213274], [27,17,-0.003401972820], [28,17,0.999994213274], [24,18,0.002759812977], [25,18,-0.999996191709], [30,18,-0.002759812977], [31,18,0.999996191709], [24,19,-0.705186172948], [25,19,0.709022186877], [42,19,0.705186172948], [43,19,-0.709022186877], [24,20,-0.999999878767], [25,20,-0.000492408743], [45,20,0.999999878767], [46,20,0.000492408743], [24,21,-0.704095848685], [25,21,-0.710104947078], [48,21,0.704095848685], [49,21,0.710104947078], [24,22,-0.999997243376], [25,22,0.002348029000], [66,22,0.999997243376], [67,22,-0.002348029000], [27,23,-0.707390684901], [28,23,0.706822763439], [45,23,0.707390684901], [46,23,-0.706822763439], [27,24,-0.999998719498], [28,24,0.001600313005], [48,24,0.999998719498], [49,24,-0.001600313005], [27,25,-0.709240224705], [28,25,-0.704966881251], [51,25,0.709240224705], [52,25,0.704966881251], [27,26,-0.999997151938], [28,26,0.002386653876], [69,26,0.999997151938], [70,26,-0.002386653876], [33,27,0.001358202700], [34,27,-0.999999077642], [36,27,-0.001358202700], [37,27,0.999999077642], [33,28,0.002676411610], [34,28,-0.999996418404], [39,28,-0.002676411610], [40,28,0.999996418404], [33,29,-0.706304640186], [34,29,0.707908013270], [51,29,0.706304640186], [52,29,-0.707908013270], [33,30,-0.999994832805], [34,30,-0.003214710450], [54,30,0.999994832805], [55,30,0.003214710450], [33,31,-0.705810876488], [34,31,-0.708400315239], [57,31,0.705810876488], [58,31,0.708400315239], [33,32,-0.999998150808], [34,32,-0.001923117478], [75,32,0.999998150808], [76,32,0.001923117478], [36,33,0.004006725001], [37,33,-0.999991973045], [39,33,-0.004006725001], [40,33,0.999991973045], [36,34,-0.706004346571], [37,34,0.708207499694], [54,34,0.706004346571], [55,34,-0.708207499694], [36,35,-0.999998130933], [37,35,0.001933424569], [78,35,0.999998130933], [79,35,-0.001933424569], [42,36,-0.008325398560], [43,36,-0.999965343269], [45,36,0.008325398560], [46,36,0.999965343269], [42,37,-0.000668116185], [43,37,-0.999999776810], [48,37,0.000668116185], [49,37,0.999999776810], [42,38,-0.710475784042], [43,38,-0.703721649724], [66,38,0.710475784042], [67,38,0.703721649724], [45,39,0.002002950312], [46,39,-0.999997994093], [51,39,-0.002002950312], [52,39,0.999997994093], [45,40,-0.706846362097], [46,40,-0.707367104402], [69,40,0.706846362097], [70,40,0.707367104402], [45,41,-0.999999933647], [46,41,0.000364288467], [87,41,0.999999933647], [88,41,-0.000364288467], [48,42,-0.002987321385], [49,42,-0.999995537946], [51,42,0.002987321385], [52,42,0.999995537946], [48,43,-0.999994984985], [49,43,0.003167018173], [69,43,0.999994984985], [70,43,-0.003167018173], [48,44,-0.710260627230], [49,44,-0.703938805157], [72,44,0.710260627230], [73,44,0.703938805157], [51,45,-0.708141704672], [52,45,0.706070340762], [69,45,0.708141704672], [70,45,-0.706070340762], [54,46,0.003634491142], [55,46,-0.999993395215], [57,46,-0.003634491142], [58,46,0.999993395215], [54,47,-0.000983180086], [55,47,-0.999999516678], [60,47,0.000983180086], [61,47,0.999999516678], [54,48,-0.708348473917], [55,48,-0.705862904182], [78,48,0.708348473917], [79,48,0.705862904182], [54,49,-0.999999999624], [55,49,0.000027428253], [96,49,0.999999999624], [97,49,-0.000027428253], [57,50,-0.711915535348], [58,50,0.702265099895], [75,50,0.711915535348], [76,50,-0.702265099895], [57,51,-0.999992897392], [58,51,-0.003768974079], [78,51,0.999992897392], [79,51,0.003768974079], [57,52,-0.999999991929], [58,52,-0.000127055013], [99,52,0.999999991929], [100,52,0.000127055013], [60,53,-0.705159246052], [61,53,0.709048967073], [78,53,0.705159246052], [79,53,-0.709048967073], [60,54,-0.999999156475], [61,54,0.001298864519], [102,54,0.999999156475], [103,54,-0.001298864519], [63,55,-0.001045988223], [64,55,-0.999999452954], [66,55,0.001045988223], [67,55,0.999999452954], [63,56,-0.999999258747], [64,56,-0.001217582123], [84,56,0.999999258747], [85,56,0.001217582123], [63,57,-0.999997056621], [64,57,0.002426262304], [105,57,0.999997056621], [106,57,-0.002426262304], [66,58,-0.710851890332], [67,58,0.703341730606], [84,58,0.710851890332], [85,58,-0.703341730606], [66,59,-0.999990033479], [67,59,-0.004464632534], [87,59,0.999990033479], [88,59,0.004464632534], [69,60,-0.003113152874], [70,60,-0.999995154128], [72,60,0.003113152874], [73,60,0.999995154128], [69,61,-0.000238732655], [70,61,-0.999999971503], [75,61,0.000238732655], [76,61,0.999999971503], [72,62,0.002639574173], [73,62,-0.999996516318], [75,62,-0.002639574173], [76,62,0.999996516318], [72,63,-0.705802600771], [73,63,-0.708408560610], [96,63,0.705802600771], [97,63,0.708408560610], [75,64,-0.999999756981], [76,64,0.000697164652], [96,64,0.999999756981], [97,64,-0.000697164652], [75,65,-0.708575729961], [76,65,-0.705634774448], [99,65,0.708575729961], [100,65,0.705634774448], [81,66,-0.707723648541], [82,66,0.706489375217], [99,66,0.707723648541], [100,66,-0.706489375217], [81,67,-0.999983534956], [82,67,-0.005738450730], [102,67,0.999983534956], [103,67,0.005738450730], [81,68,-0.999995641580], [82,68,-0.002952426429], [123,68,0.999995641580], [124,68,0.002952426429], [84,69,0.001353658096], [85,69,-0.999999083804], [90,69,-0.001353658096], [91,69,0.999999083804], [87,70,-0.004514270390], [88,70,-0.999989810630], [90,70,0.004514270390], [91,70,0.999989810630], [87,71,-0.001604510096], [88,71,-0.999998712773], [93,71,0.001604510096], [94,71,0.999998712773], [90,72,-0.706629447534], [91,72,0.707583792831], [108,72,0.706629447534], [109,72,-0.707583792831], [90,73,-0.999992995522], [91,73,-0.003742847343], [111,73,0.999992995522], [112,73,0.003742847343], [90,74,-0.999999794930], [91,74,-0.000640422453], [132,74,0.999999794930], [133,74,0.000640422453], [93,75,-0.002662936986], [94,75,-0.999996454377], [96,75,0.002662936986], [97,75,0.999996454377], [93,76,-0.000600163495], [94,76,-0.999999819902], [99,76,0.000600163495], [100,76,0.999999819902], [93,77,-0.708359534898], [94,77,0.705851804077], [111,77,0.708359534898], [112,77,-0.705851804077], [93,78,-0.706894515185], [94,78,-0.707318983487], [117,78,0.706894515185], [118,78,0.707318983487], [93,79,-0.999999539038], [94,79,-0.000960168817], [135,79,0.999999539038], [136,79,0.000960168817], [96,80,0.001481088097], [97,80,-0.999998903188], [99,80,-0.001481088097], [100,80,0.999998903188], [99,81,-0.710983899221], [100,81,0.703208287101], [117,81,0.710983899221], [118,81,-0.703208287101], [102,82,-0.999999985849], [103,82,-0.000168233134], [123,82,0.999999985849], [124,82,0.000168233134], [105,83,-0.002000990525], [106,83,-0.999997998016], [108,83,0.002000990525], [109,83,0.999997998016], [105,84,-0.002151067908], [106,84,-0.999997686451], [111,84,0.002151067908], [112,84,0.999997686451], [108,85,-0.002300553292], [109,85,-0.999997353724], [111,85,0.002300553292], [112,85,0.999997353724], [108,86,-0.705961931677], [109,86,0.708249780108], [126,86,0.705961931677], [127,86,-0.708249780108], [108,87,-0.999982211143], [109,87,-0.005964679200], [129,87,0.999982211143], [130,87,0.005964679200], [108,88,-0.708563350152], [109,88,-0.705647205636], [132,88,0.708563350152], [133,88,0.705647205636], [111,89,-0.003743876914], [112,89,-0.999992991668], [114,89,0.003743876914], [115,89,0.999992991668], [111,90,-0.706376956692], [112,90,0.707835853186], [129,90,0.706376956692], [130,90,-0.707835853186], [111,91,-0.999996985584], [112,91,0.002455366095], [132,91,0.999996985584], [133,91,-0.002455366095], [111,92,-0.707084185031], [112,92,-0.707129376621], [135,92,0.707084185031], [136,92,0.707129376621], [114,93,0.001782070890], [115,93,-0.999998412110], [117,93,-0.001782070890], [118,93,0.999998412110], [114,94,-0.705774310720], [115,94,0.708436745467], [132,94,0.705774310720], [133,94,-0.708436745467], [114,95,-0.999999998817], [115,95,0.000048640229], [135,95,0.999999998817], [136,95,-0.000048640229], [114,96,-0.705674692576], [115,96,-0.708535975274], [138,96,0.705674692576], [139,96,0.708535975274], [117,97,-0.705590393575], [118,97,0.708619923863], [135,97,0.705590393575], [136,97,-0.708619923863], [120,98,-0.999996224765], [121,98,0.002747809411], [141,98,0.999996224765], [142,98,-0.002747809411], [120,99,-0.708218652621], [121,99,-0.705993158664], [144,99,0.708218652621], [145,99,0.705993158664], [126,100,-0.004035238386], [127,100,-0.999991858392], [132,100,0.004035238386], [133,100,0.999991858392], [129,101,-0.007409738773], [130,101,-0.999972547509], [132,101,0.007409738773], [133,101,0.999972547509], [129,102,-0.002413621267], [130,102,-0.999997087212], [135,102,0.002413621267], [136,102,0.999997087212], [135,103,-0.002525216204], [136,103,-0.999996811636], [138,103,0.002525216204], [139,103,0.999996811636], [135,104,0.001442908636], [136,104,-0.999998959007], [141,104,-0.001442908636], [142,104,0.999998959007], [141,105,-0.002923205788], [142,105,-0.999995727425], [144,105,0.002923205788], [145,105,0.999995727425], ]
},
"Q": {
"shape": [106, 106],
"data": [[0,0,2.000000000000], [1,0,-0.006694191588], [2,0,0.709259897298], [0,1,-0.006694191588], [1,1,2.000000000000], [15,1,0.999989925663], [19,1,0.705117498089], [36,1,-0.008422249047], [37,1,-0.000764970043], [38,1,-0.710543938883], [0,2,0.709259897298], [2,2,2.000000000000], [13,2,0.704927478710], [14,2,0.705898452937], [15,2,-0.706509653111], [16,2,-0.002346908176], [3,3,2.000000000000], [4,3,0.708992021465], [5,3,0.999999034161], [9,3,0.706652660998], [3,4,0.708992021465], [4,4,2.000000000000], [6,4,0.708799333794], [9,4,-0.002027680915], [18,4,0.704611052021], [3,5,0.999999034161], [5,5,2.000000000000], [6,5,0.003676347552], [7,5,0.707664857577], [8,5,0.001546459766], [9,5,0.707635379949], [4,6,0.708799333794], [5,6,0.003676347552], [6,6,2.000000000000], [7,6,0.709145111255], [8,6,0.999997731774], [9,6,0.703971498474], [18,6,-0.001126789527], [5,7,0.707664857577], [6,7,0.709145111255], [7,7,2.000000000000], [8,7,0.707641794354], [27,7,-0.705257421530], [28,7,-0.704322261132], [29,7,-0.000120021917], [30,7,-0.710259413626], [31,7,-0.999995242043], [32,7,-0.709349614385], [5,8,0.001546459766], [6,8,0.999997731774], [7,8,0.707641794354], [8,8,2.000000000000], [25,8,0.708889861169], [29,8,0.706656290345], [39,8,-0.002499817783], [42,8,0.002490454518], [45,8,-0.708492441523], [3,9,0.706652660998], [4,9,-0.002027680915], [5,9,0.707635379949], [6,9,0.703971498474], [9,9,2.000000000000], [18,9,-0.711021000255], [10,10,2.000000000000], [11,10,0.004635565118], [12,10,0.708014130691], [10,11,0.004635565118], [11,11,2.000000000000], [12,11,0.709472723895], [27,11,0.002545060688], [33,11,0.000103469168], [34,11,-0.703234652790], [35,11,-0.999982966560], [10,12,0.708014130691], [11,12,0.709472723895], [12,12,2.000000000000], [28,12,0.705602782798], [33,12,0.704659483209], [2,13,0.704927478710], [13,13,2.000000000000], [14,13,0.999999061698], [15,13,0.003921369598], [16,13,0.707623034246], [17,13,-0.999996252299], [18,13,-0.999997804208], [19,13,0.709490418948], [20,13,0.000171796695], [21,13,-0.709637126168], [22,13,0.003012232062], [2,14,0.705898452937], [13,14,0.999999061698], [14,14,2.000000000000], [15,14,0.002551485152], [16,14,0.706654418583], [17,14,0.999999064449], [23,14,0.708260201591], [24,14,0.003634402873], [25,14,-0.703522760282], [26,14,0.004420738928], [1,15,0.999989925663], [2,15,-0.706509653111], [13,15,0.003921369598], [14,15,0.002551485152], [15,15,2.000000000000], [16,15,0.709359569704], [19,15,0.701927488591], [36,15,-0.012910721144], [37,15,-0.005253677174], [38,15,-0.713695278465], [2,16,-0.002346908176], [13,16,0.707623034246], [14,16,0.706654418583], [15,16,0.709359569704], [16,16,2.000000000000], [20,16,0.706468573213], [23,16,-0.000992983023], [36,16,0.713946389327], [39,16,-0.706676455539], [40,16,-0.999999473309], [41,16,-0.705861991354], [13,17,-0.999996252299], [14,17,0.999999064449], [17,17,2.000000000000], [18,17,0.999999793813], [19,17,-0.711417108153], [20,17,-0.002909566513], [21,17,0.707705522955], [22,17,-0.005749978855], [23,17,0.709225197132], [24,17,0.005002272208], [25,17,-0.702549985833], [26,17,0.005788603195], [4,18,0.704611052021], [6,18,-0.001126789527], [9,18,-0.711021000255], [13,18,-0.999997804208], [17,18,0.999999793813], [18,18,2.000000000000], [19,18,-0.710965668665], [20,18,-0.002267405774], [21,18,0.708159069931], [22,18,-0.005107825428], [1,19,0.705117498089], [13,19,0.709490418948], [15,19,0.701927488591], [17,19,-0.711417108153], [18,19,-0.710965668665], [19,19,2.000000000000], [20,19,0.704836958732], [21,19,-0.006961505567], [22,19,0.706849033672], [36,19,0.703126658536], [37,19,0.708550882334], [38,19,-0.002063436081], [13,20,0.000171796695], [16,20,0.706468573213], [17,20,-0.002909566513], [18,20,-0.002267405774], [19,20,0.704836958732], [20,20,2.000000000000], [21,20,0.704445425210], [22,20,0.999995965953], [23,20,0.707042553433], [36,20,0.008817789229], [39,20,0.001510542313], [40,20,-0.707194590150], [41,20,-0.999999633035], [13,21,-0.709637126168], [17,21,0.707705522955], [18,21,0.708159069931], [19,21,-0.006961505567], [20,21,0.704445425210], [21,21,2.000000000000], [22,21,0.702426560748], [24,21,0.702958556907], [37,21,0.710575206423], [42,21,-0.712205139137], [43,21,-0.701843402362], [44,21,-0.999961987100], [13,22,0.003012232062], [17,22,-0.005749978855], [18,22,-0.005107825428], [19,22,0.706849033672], [20,22,0.999995965953], [21,22,0.702426560748], [22,22,2.000000000000], [38,22,0.708821466685], [55,22,-0.001302042376], [58,22,-0.712501397561], [59,22,-0.999976793795], [14,23,0.708260201591], [16,23,-0.000992983023], [17,23,0.709225197132], [20,23,0.707042553433], [23,23,2.000000000000], [24,23,0.708520916747], [25,23,0.003423289175], [26,23,0.709075611496], [36,23,-0.700908957882], [39,23,0.708238214011], [40,23,-0.000033360704], [41,23,-0.707648125344], [14,24,0.003634402873], [17,24,0.005002272208], [21,24,0.702958556907], [23,24,0.708520916747], [24,24,2.000000000000], [25,24,0.708111148854], [26,24,0.999999690833], [37,24,-0.000932197318], [42,24,-0.001387011695], [43,24,-0.999998772710], [44,24,-0.709133195316], [8,25,0.708889861169], [14,25,-0.703522760282], [17,25,-0.702549985833], [23,25,0.003423289175], [24,25,0.708111148854], [25,25,2.000000000000], [26,25,0.707555692805], [29,25,0.001887957389], [39,25,0.703544894223], [42,25,0.707082464140], [45,25,-0.004486375674], [14,26,0.004420738928], [17,26,0.005788603195], [23,26,0.709075611496], [24,26,0.999999690833], [25,26,0.707555692805], [26,26,2.000000000000], [40,26,0.705156108513], [43,26,0.999999695513], [45,26,0.709824833356], [60,26,-0.000726501698], [61,26,0.002147921832], [7,27,-0.705257421530], [11,27,0.002545060688], [27,27,2.000000000000], [28,27,0.999999131159], [29,27,-0.708866665194], [30,27,0.001856511803], [31,27,0.707441027603], [32,27,0.000564915516], [33,27,-0.999996492640], [34,27,0.709165743483], [35,27,0.003291622947], [7,28,-0.704322261132], [12,28,0.705602782798], [27,28,0.999999131159], [28,28,2.000000000000], [29,28,-0.709795839768], [30,28,0.000538301156], [31,28,0.706508737612], [32,28,-0.000753296071], [33,28,0.999999115123], [7,29,-0.000120021917], [8,29,0.706656290345], [25,29,0.001887957389], [27,29,-0.708866665194], [28,29,-0.709795839768], [29,29,2.000000000000], [30,29,0.704025271284], [31,29,-0.002964762604], [32,29,0.704941943820], [39,29,-0.709321286372], [42,29,-0.705794895590], [45,29,-0.999996624077], [7,30,-0.710259413626], [27,30,0.001856511803], [28,30,0.000538301156], [29,30,0.704025271284], [30,30,2.000000000000], [31,30,0.708084531322], [32,30,0.999999165888], [34,30,0.703724016459], [46,30,0.000419783144], [47,30,-0.004197883901], [48,30,-0.710613958596], [49,30,-0.999994744255], [7,31,-0.999995242043], [27,31,0.707441027603], [28,31,0.706508737612], [29,31,-0.002964762604], [30,31,0.708084531322], [31,31,2.000000000000], [32,31,0.707171908335], [46,31,0.705830373029], [50,31,-0.004992909842], [51,31,-0.708475805815], [52,31,-0.705900876603], [7,32,-0.709349614385], [27,32,0.000564915516], [28,32,-0.000753296071], [29,32,0.704941943820], [30,32,0.999999165888], [31,32,0.707171908335], [32,32,2.000000000000], [50,32,0.710563680592], [61,32,0.002161849637], [62,32,-0.000716458514], [64,32,-0.999996567059], [65,32,-0.709931438236], [11,33,0.000103469168], [12,33,0.704659483209], [27,33,-0.999996492640], [28,33,0.999999115123], [33,33,2.000000000000], [34,33,-0.711030580211], [35,33,-0.005940126562], [11,34,-0.703234652790], [27,34,0.709165743483], [30,34,0.703724016459], [33,34,-0.711030580211], [34,34,2.000000000000], [35,34,0.707372292781], [46,34,0.710768788680], [47,34,0.707513027988], [48,34,-0.000199698975], [49,34,-0.706023771200], [11,35,-0.999982966560], [27,35,0.003291622947], [33,35,-0.005940126562], [34,35,0.707372292781], [35,35,2.000000000000], [48,35,0.706982417285], [51,35,0.999983741311], [53,35,0.706528820756], [1,36,-0.008422249047], [15,36,-0.012910721144], [16,36,0.713946389327], [19,36,0.703126658536], [20,36,0.008817789229], [23,36,-0.700908957882], [36,36,2.000000000000], [37,36,0.999970682420], [38,36,0.709612255102], [39,36,-0.999946662072], [40,36,-0.713227367056], [41,36,-0.007961122166], [1,37,-0.000764970043], [15,37,-0.005253677174], [19,37,0.708550882334], [21,37,0.710575206423], [24,37,-0.000932197318], [36,37,0.999970682420], [37,37,2.000000000000], [38,37,0.704196173031], [42,37,-0.999997310635], [43,37,0.002498904632], [44,37,-0.704413184666], [1,38,-0.710543938883], [15,38,-0.713695278465], [19,38,-0.002063436081], [22,38,0.708821466685], [36,38,0.709612255102], [37,38,0.704196173031], [38,38,2.000000000000], [55,38,0.704464414059], [58,38,-0.010086251139], [59,38,-0.713610561642], [8,39,-0.002499817783], [16,39,-0.706676455539], [20,39,0.001510542313], [23,39,0.708238214011], [25,39,0.703544894223], [29,39,-0.709321286372], [36,39,-0.999946662072], [39,39,2.000000000000], [40,39,0.705949907348], [41,39,-0.002367237915], [42,39,0.999987548591], [45,39,0.707487297099], [16,40,-0.999999473309], [20,40,-0.707194590150], [23,40,-0.000033360704], [26,40,0.705156108513], [36,40,-0.713227367056], [39,40,0.705949907348], [40,40,2.000000000000], [41,40,0.706588629517], [43,40,0.704602572777], [45,40,0.001096455347], [60,40,-0.709564197376], [61,40,-0.707535831554], [16,41,-0.705861991354], [20,41,-0.999999633035], [23,41,-0.707648125344], [36,41,-0.007961122166], [39,41,-0.002367237915], [40,41,0.706588629517], [41,41,2.000000000000], [59,41,0.999988340712], [70,41,-0.004149985335], [71,41,-0.001240221991], [8,42,0.002490454518], [21,42,-0.712205139137], [24,42,-0.001387011695], [25,42,0.707082464140], [29,42,-0.705794895590], [37,42,-0.999997310635], [39,42,0.999987548591], [42,42,2.000000000000], [43,42,-0.000179697639], [44,42,0.706057440904], [45,42,0.703951743380], [21,43,-0.701843402362], [24,43,-0.999998772710], [26,43,0.999999695513], [37,43,0.002498904632], [40,43,0.704602572777], [42,43,-0.000179697639], [43,43,2.000000000000], [44,43,0.708027678274], [45,43,0.710374290932], [60,43,0.000053865564], [61,43,0.002928286625], [21,44,-0.999961987100], [24,44,-0.709133195316], [37,44,-0.704413184666], [42,44,0.706057440904], [43,44,0.708027678274], [44,44,2.000000000000], [60,44,0.706146543873], [62,44,-0.702061567250], [63,44,-0.999980073643], [8,45,-0.708492441523], [25,45,-0.004486375674], [26,45,0.709824833356], [29,45,-0.999996624077], [39,45,0.707487297099], [40,45,0.001096455347], [42,45,0.703951743380], [43,45,0.710374290932], [45,45,2.000000000000], [60,45,0.703862365852], [61,45,0.705901264092], [30,46,0.000419783144], [31,46,0.705830373029], [34,46,0.710768788680], [46,46,2.000000000000], [47,46,0.999989338537], [48,46,0.703283755855], [49,46,-0.003661919212], [50,46,0.704847912292], [51,46,-0.000134483858], [52,46,0.003507436938], [30,47,-0.004197883901], [34,47,0.707513027988], [46,47,0.999989338537], [47,47,2.000000000000], [48,47,0.706558997136], [49,47,0.000955751845], [53,47,0.708355325846], [54,47,0.000315684634], [30,48,-0.710613958596], [34,48,-0.000199698975], [35,48,0.706982417285], [46,48,0.703283755855], [47,48,0.706558997136], [48,48,2.000000000000], [49,48,0.708329113064], [51,48,0.711003821784], [53,48,-0.000992887296], [30,49,-0.999994744255], [34,49,-0.706023771200], [46,49,-0.003661919212], [47,49,0.000955751845], [48,49,0.708329113064], [49,49,2.000000000000], [63,49,0.705783170096], [64,49,0.999999775727], [75,49,0.002635508829], [80,49,0.001508516320], [31,50,-0.004992909842], [32,50,0.710563680592], [46,50,0.704847912292], [50,50,2.000000000000], [51,50,0.709263659933], [52,50,0.711826303300], [61,50,-0.702095122397], [62,50,-0.704141807288], [64,50,-0.712404956743], [65,50,-0.008903394762], [31,51,-0.708475805815], [35,51,0.999983741311], [46,51,-0.000134483858], [48,51,0.711003821784], [50,51,0.709263659933], [51,51,2.000000000000], [52,51,0.999993368188], [53,51,0.702481850405], [31,52,-0.705900876603], [46,52,0.003507436938], [50,52,0.711826303300], [51,52,0.999993368188], [52,52,2.000000000000], [65,52,0.708665378678], [66,52,0.707633879812], [76,52,0.000727218481], [80,52,-0.001354033211], [81,52,-0.710894547344], [35,53,0.706528820756], [47,53,0.708355325846], [48,53,-0.000992887296], [51,53,0.702481850405], [53,53,2.000000000000], [54,53,0.706079609778], [47,54,0.000315684634], [53,54,0.706079609778], [54,54,2.000000000000], [67,54,0.999975237975], [82,54,-0.999998923812], [22,55,-0.001302042376], [38,55,0.704464414059], [55,55,2.000000000000], [56,55,0.002263568904], [57,55,-0.001380275832], [58,55,0.702597803140], [59,55,-0.005510607890], [55,56,0.002263568904], [56,56,2.000000000000], [57,56,0.999993361196], [58,56,0.709994987093], [69,56,0.000136076085], [55,57,-0.001380275832], [56,57,0.999993361196], [57,57,2.000000000000], [83,57,0.000425272812], [84,57,0.000275195114], [22,58,-0.712501397561], [38,58,-0.010086251139], [55,58,0.702597803140], [56,58,0.709994987093], [58,58,2.000000000000], [59,58,0.707704643238], [69,58,0.704303336624], [22,59,-0.999976793795], [38,59,-0.713610561642], [41,59,0.999988340712], [55,59,-0.005510607890], [58,59,0.707704643238], [59,59,2.000000000000], [70,59,-0.008978812441], [71,59,-0.006069120892], [26,60,-0.000726501698], [40,60,-0.709564197376], [43,60,0.000053865564], [44,60,0.706146543873], [45,60,0.703862365852], [60,60,2.000000000000], [61,60,0.999995868843], [62,60,-0.999983453065], [63,60,-0.710602399148], [26,61,0.002147921832], [32,61,0.002161849637], [40,61,-0.707535831554], [43,61,0.002928286625], [45,61,0.705901264092], [50,61,-0.702095122397], [60,61,0.999995868843], [61,61,2.000000000000], [62,61,0.999995857669], [64,61,0.000458432035], [65,61,-0.705803914505], [32,62,-0.000716458514], [44,62,-0.702061567250], [50,62,-0.704141807288], [60,62,-0.999983453065], [61,62,0.999995857669], [62,62,2.000000000000], [63,62,0.706543074423], [64,62,0.003336735756], [65,62,-0.703761978044], [44,63,-0.999980073643], [49,63,0.705783170096], [60,63,-0.710602399148], [62,63,0.706543074423], [63,63,2.000000000000], [64,63,0.705308551839], [75,63,0.710285556711], [80,63,-0.707362427788], [32,64,-0.999996567059], [49,64,0.999999775727], [50,64,-0.712404956743], [61,64,0.000458432035], [62,64,0.003336735756], [63,64,0.705308551839], [64,64,2.000000000000], [65,64,0.708083614141], [75,64,0.001965774158], [80,64,0.002178251625], [32,65,-0.709931438236], [50,65,-0.008903394762], [52,65,0.708665378678], [61,65,-0.705803914505], [62,65,-0.703761978044], [64,65,0.708083614141], [65,65,2.000000000000], [66,65,0.002952329945], [76,65,0.706059908651], [80,65,0.704584537420], [81,65,-0.007577714323], [52,66,0.707633879812], [65,66,0.002952329945], [66,66,2.000000000000], [67,66,0.703657841370], [68,66,0.705634706081], [76,66,-0.706064498081], [80,66,-0.707536801404], [81,66,-0.999989302613], [54,67,0.999975237975], [66,67,0.703657841370], [67,67,2.000000000000], [68,67,0.999996118961], [82,67,-0.999984486203], [66,68,0.705634706081], [67,68,0.999996118961], [68,68,2.000000000000], [82,68,0.999996124124], [56,69,0.000136076085], [58,69,0.704303336624], [69,69,2.000000000000], [70,69,0.999982783665], [72,69,0.708539679218], [73,69,-0.002389195300], [74,69,0.000713235952], [41,70,-0.004149985335], [59,70,-0.008978812441], [69,70,0.999982783665], [70,70,2.000000000000], [71,70,0.999995766608], [72,70,0.704386666606], [73,70,-0.008257047975], [74,70,-0.005154685391], [41,71,-0.001240221991], [59,71,-0.006069120892], [70,71,0.999995766608], [71,71,2.000000000000], [75,71,-0.999999439864], [76,71,-0.999999495643], [77,71,0.704714325461], [78,71,-0.708452292393], [79,71,-0.002564676937], [69,72,0.708539679218], [70,72,0.704386666606], [72,72,2.000000000000], [73,72,0.703976119845], [74,72,0.706176150077], [83,72,-0.706168417431], [85,72,0.705956281668], [86,72,-0.999999555442], [87,72,-0.702396367072], [88,72,-0.001387202496], [69,73,-0.002389195300], [70,73,-0.008257047975], [72,73,0.703976119845], [73,73,2.000000000000], [74,73,0.999995187457], [77,73,0.705712677660], [84,73,0.005893891525], [85,73,0.006043374616], [89,73,-0.007486671802], [90,73,-0.703722687348], [91,73,-0.999980791067], [92,73,-0.709725909584], [69,74,0.000713235952], [70,74,-0.005154685391], [72,74,0.706176150077], [73,74,0.999995187457], [74,74,2.000000000000], [88,74,0.709015117161], [91,74,0.999995208043], [94,74,0.705320467188], [100,74,0.004675654797], [101,74,0.008050142125], [49,75,0.002635508829], [63,75,0.710285556711], [64,75,0.001965774158], [71,75,-0.999999439864], [75,75,2.000000000000], [76,75,0.999997872477], [77,75,-0.703962984588], [78,75,0.709198891151], [79,75,0.003623101171], [80,75,-0.999991413525], [52,76,0.000727218481], [65,76,0.706059908651], [66,76,-0.706064498081], [71,76,-0.999999495643], [75,76,0.999997872477], [76,76,2.000000000000], [77,76,-0.705426545420], [78,76,0.707743108384], [79,76,0.001560331863], [80,76,0.999997834195], [81,76,0.702781453873], [71,77,0.704714325461], [73,77,0.705712677660], [75,77,-0.703962984588], [76,77,-0.705426545420], [77,77,2.000000000000], [78,77,0.001473089446], [79,77,0.707681471480], [84,77,-0.704326441591], [85,77,-0.704220317339], [89,77,0.703194846324], [90,77,-0.999996066466], [91,77,-0.710090524196], [92,77,-0.001741278238], [71,78,-0.708452292393], [75,78,0.709198891151], [76,78,0.707743108384], [77,78,0.001473089446], [78,78,2.000000000000], [79,78,0.707573334965], [81,78,0.005198047932], [93,78,0.706058124205], [97,78,0.002442345041], [71,79,-0.002564676937], [75,79,0.003623101171], [76,79,0.001560331863], [77,79,0.707681471480], [78,79,0.707573334965], [79,79,2.000000000000], [92,79,0.707762822668], [95,79,0.999999491152], [97,79,0.704909673570], [102,79,0.003373786175], [103,79,-0.003485380795], [104,79,0.000482740154], [49,80,0.001508516320], [52,80,-0.001354033211], [63,80,-0.707362427788], [64,80,0.002178251625], [65,80,0.704584537420], [66,80,-0.707536801404], [75,80,-0.999991413525], [76,80,0.999997834195], [80,80,2.000000000000], [81,80,0.704260545605], [52,81,-0.710894547344], [65,81,-0.007577714323], [66,81,-0.999989302613], [76,81,0.702781453873], [78,81,0.005198047932], [80,81,0.704260545605], [81,81,2.000000000000], [93,81,-0.704474194194], [97,81,-0.999970812142], [54,82,-0.999998923812], [67,82,-0.999984486203], [68,82,0.999996124124], [82,82,2.000000000000], [57,83,0.000425272812], [72,83,-0.706168417431], [83,83,2.000000000000], [84,83,0.999999988738], [85,83,-0.999999955131], [86,83,0.706835739067], [87,83,-0.007965622188], [88,83,-0.707063621491], [57,84,0.000275195114], [73,84,0.005893891525], [77,84,-0.704326441591], [83,84,0.999999988738], [84,84,2.000000000000], [85,84,0.999999988827], [89,84,-0.999998731469], [90,84,0.706314750770], [91,84,0.000304298990], [92,84,-0.708648726741], [72,85,0.705956281668], [73,85,0.006043374616], [77,85,-0.704220317339], [83,85,-0.999999955131], [84,85,0.999999988827], [85,85,2.000000000000], [86,85,-0.706623802838], [87,85,0.008265175783], [88,85,0.707275426046], [89,85,-0.999998958399], [90,85,0.706208922224], [91,85,0.000154813241], [92,85,-0.708754190210], [72,86,-0.999999555442], [83,86,0.706835739067], [85,86,-0.706623802838], [86,86,2.000000000000], [87,86,0.701724890689], [88,86,0.000444273164], [100,86,0.705395289130], [72,87,-0.702396367072], [83,87,-0.007965622188], [85,87,0.008265175783], [86,87,0.701724890689], [87,87,2.000000000000], [88,87,0.712759704830], [90,87,0.702142377262], [101,87,-0.013374122417], [102,87,-0.008378240158], [72,88,-0.001387202496], [74,88,0.709015117161], [83,88,-0.707063621491], [85,88,0.707275426046], [86,88,0.000444273164], [87,88,0.712759704830], [88,88,2.000000000000], [91,88,0.706828592024], [94,88,0.000179400247], [100,88,0.708500682563], [101,88,0.710878103190], [73,89,-0.007486671802], [77,89,0.703194846324], [84,89,-0.999998731469], [85,89,-0.999998958399], [89,89,2.000000000000], [90,89,-0.705186304056], [91,89,0.001288516741], [92,89,0.709771656980], [93,89,-0.999984731936], [94,89,0.705789448359], [95,89,-0.003695237022], [96,89,-0.711172968809], [73,90,-0.703722687348], [77,90,-0.999996066466], [84,90,0.706314750770], [85,90,0.706208922224], [87,90,0.702142377262], [89,90,-0.705186304056], [90,90,2.000000000000], [91,90,0.708112823533], [92,90,-0.001063550866], [101,90,0.702582352604], [102,90,0.706128864964], [73,91,-0.999980791067], [74,91,0.999995208043], [77,91,-0.710090524196], [84,91,0.000304298990], [85,91,0.000154813241], [88,91,0.706828592024], [89,91,0.001288516741], [90,91,0.708112823533], [91,91,2.000000000000], [92,91,0.705345792089], [94,91,0.707511654788], [100,91,0.001579880118], [101,91,0.004954417747], [73,92,-0.709725909584], [77,92,-0.001741278238], [79,92,0.707762822668], [84,92,-0.708648726741], [85,92,-0.708754190210], [89,92,0.709771656980], [90,92,-0.001063550866], [91,92,0.705345792089], [92,92,2.000000000000], [95,92,0.707049789259], [97,92,-0.002174156616], [102,92,0.708833950329], [103,92,-0.708912662477], [104,92,-0.706108382627], [78,93,0.706058124205], [81,93,-0.704474194194], [89,93,-0.999984731936], [93,93,2.000000000000], [94,93,-0.709693360401], [95,93,-0.001830711039], [96,93,0.707277287870], [97,93,0.709876210753], [74,94,0.705320467188], [88,94,0.000179400247], [89,94,0.705789448359], [91,94,0.707511654788], [93,94,-0.709693360401], [94,94,2.000000000000], [95,94,0.705808768410], [96,94,-0.003905850624], [100,94,-0.705583010062], [101,94,-0.703187693839], [79,95,0.999999491152], [89,95,-0.003695237022], [92,95,0.707049789259], [93,95,-0.001830711039], [94,95,0.705808768410], [95,95,2.000000000000], [96,95,0.705640228389], [97,95,0.705624860175], [102,95,0.002364981178], [103,95,-0.002476576127], [104,95,0.001491548812], [89,96,-0.711172968809], [93,96,0.707277287870], [94,96,-0.003905850624], [95,96,0.705640228389], [96,96,2.000000000000], [103,96,0.710315697372], [78,97,0.002442345041], [79,97,0.704909673570], [81,97,-0.999970812142], [92,97,-0.002174156616], [93,97,0.709876210753], [95,97,0.705624860175], [97,97,2.000000000000], [102,97,-0.706914831823], [103,97,0.706835896230], [104,97,0.709637288667], [98,98,2.000000000000], [99,98,0.706276044283], [104,98,-0.004190709739], [105,98,-0.000175397081], [98,99,0.706276044283], [99,99,2.000000000000], [105,99,0.708060411119], [74,100,0.004675654797], [86,100,0.705395289130], [88,100,0.708500682563], [91,100,0.001579880118], [94,100,-0.705583010062], [100,100,2.000000000000], [101,100,0.999994306187], [74,101,0.008050142125], [87,101,-0.013374122417], [88,101,0.710878103190], [90,101,0.702582352604], [91,101,0.004954417747], [94,101,-0.703187693839], [100,101,0.999994306187], [101,101,2.000000000000], [102,101,0.999987519104], [79,102,0.003373786175], [87,102,-0.008378240158], [90,102,0.706128864964], [92,102,0.708833950329], [95,102,0.002364981178], [97,102,-0.706914831823], [101,102,0.999987519104], [102,102,2.000000000000], [103,102,-0.999999993773], [104,102,-0.999992563587], [79,103,-0.003485380795], [92,103,-0.708912662477], [95,103,-0.002476576127], [96,103,0.710315697372], [97,103,0.706835896230], [102,103,-0.999999993773], [103,103,2.000000000000], [104,103,0.999992126990], [79,104,0.000482740154], [92,104,-0.706108382627], [95,104,0.001491548812], [97,104,0.709637288667], [98,104,-0.004190709739], [102,104,-0.999992563587], [103,104,0.999992126990], [104,104,2.000000000000], [105,104,-0.999990468517], [98,105,-0.000175397081], [99,105,0.708060411119], [104,105,-0.999990468517], [105,105,2.000000000000], ]
},
"Minv": {
"shape": [147, 147],
"data": [[0,0,1.000000000000], [1,1,1.000000000000], [2,2,2.000000000000], [3,3,1.000000000000], [4,4,1.000000000000], [5,5,2.000000000000], [6,6,1.000000000000], [7,7,1.000000000000], [8,8,2.000000000000], [9,9,1.000000000000], [10,10,1.000000000000], [11,11,2.000000000000], [12,12,1.000000000000], [13,13,1.000000000000], [14,14,2.000000000000], [15,15,1.000000000000], [16,16,1.000000000000], [17,17,2.000000000000], [18,18,1.000000000000], [19,19,1.000000000000], [20,20,2.000000000000], [21,21,1.000000000000], [22,22,1.000000000000], [23,23,2.000000000000], [24,24,1.000000000000], [25,25,1.000000000000], [26,26,2.000000000000], [27,27,1.000000000000], [28,28,1.000000000000], [29,29,2.000000000000], [30,30,1.000000000000], [31,31,1.000000000000], [32,32,2.000000000000], [33,33,1.000000000000], [34,34,1.000000000000], [35,35,2.000000000000], [36,36,1.000000000000], [37,37,1.000000000000], [38,38,2.000000000000], [39,39,1.000000000000], [40,40,1.000000000000], [41,41,2.000000000000], [42,42,1.000000000000], [43,43,1.000000000000], [44,44,2.000000000000], [45,45,1.000000000000], [46,46,1.000000000000], [47,47,2.000000000000], [48,48,1.000000000000], [49,49,1.000000000000], [50,50,2.000000000000], [51,51,1.000000000000], [52,52,1.000000000000], [53,53,2.000000000000], [54,54,1.000000000000], [55,55,1.000000000000], [56,56,2.000000000000], [57,57,1.000000000000], [58,58,1.000000000000], [59,59,2.000000000000], [60,60,1.000000000000], [61,61,1.000000000000], [62,62,2.000000000000], [63,63,1.000000000000], [64,64,1.000000000000], [65,65,2.000000000000], [66,66,1.000000000000], [67,67,1.000000000000], [68,68,2.000000000000], [69,69,1.000000000000], [70,70,1.000000000000], [71,71,2.000000000000], [72,72,1.000000000000], [73,73,1.000000000000], [74,74,2.000000000000], [75,75,1.000000000000], [76,76,1.000000000000], [77,77,2.000000000000], [78,78,1.000000000000], [79,79,1.000000000000], [80,80,2.000000000000], [81,81,1.000000000000], [82,82,1.000000000000], [83,83,2.000000000000], [84,84,1.000000000000], [85,85,1.000000000000], [86,86,2.000000000000], [87,87,1.000000000000], [88,88,1.000000000000], [89,89,2.000000000000], [90,90,1.000000000000], [91,91,1.000000000000], [92,92,2.000000000000], [93,93,1.000000000000], [94,94,1.000000000000], [95,95,2.000000000000], [96,96,1.000000000000], [97,97,1.000000000000], [98,98,2.000000000000], [99,99,1.000000000000], [100,100,1.000000000000], [101,101,2.000000000000], [102,102,1.000000000000], [103,103,1.000000000000], [104,104,2.000000000000], [105,105,1.000000000000], [106,106,1.000000000000], [107,107,2.000000000000], [108,108,1.000000000000], [109,109,1.000000000000], [110,110,2.000000000000], [111,111,1.000000000000], [112,112,1.000000000000], [113,113,2.000000000000], [114,114,1.000000000000], [115,115,1.000000000000], [116,116,2.000000000000], [117,117,1.000000000000], [118,118,1.000000000000], [119,119,2.000000000000], [120,120,1.000000000000], [121,121,1.000000000000], [122,122,2.000000000000], [123,123,1.000000000000], [124,124,1.000000000000], [125,125,2.000000000000], [126,126,1.000000000000], [127,127,1.000000000000], [128,128,2.000000000000], [129,129,1.000000000000], [130,130,1.000000000000], [131,131,2.000000000000], [132,132,1.000000000000], [133,133,1.000000000000], [134,134,2.000000000000], [135,135,1.000000000000], [136,136,1.000000000000], [137,137,2.000000000000], [138,138,1.000000000000], [139,139,1.000000000000], [140,140,2.000000000000], [141,141,1.000000000000], [142,142,1.000000000000], [143,143,2.000000000000], [144,144,1.000000000000], [145,145,1.000000000000], [146,146,2.000000000000], ]
},
"v0": {
"shape": [147, 1],
