{
"N": {
"shape": [147, 111],
"data": [[0,0,-0.000570678665], [1,0,-0.999999837163], [6,0,0.000570678665], [7,0,0.999999837163], [0,1,-0.999963757102], [1,1,0.008513781862], [21,1,0.999963757102], [22,1,-0.008513781862], [3,2,-0.002496520735], [4,2,-0.999996883687], [6,2,0.002496520735], [7,2,0.999996883687], [3,3,0.001291473648], [4,3,-0.999999166048], [9,3,-0.001291473648], [10,3,0.999999166048], [3,4,-0.999983203221], [4,4,0.005795970738], [24,4,0.999983203221], [25,4,-0.005795970738], [3,5,-0.707416800663], [4,5,-0.706796625728], [27,5,0.707416800663], [28,5,0.706796625728], [3,6,-0.999994987283], [4,6,0.003166292561], [45,6,0.999994987283], [46,6,-0.003166292561], [6,7,-0.704674240484], [7,7,0.709530982268], [24,7,0.704674240484], [25,7,-0.709530982268], [6,8,-0.999999451694], [7,8,0.001047192107], [27,8,0.999999451694], [28,8,-0.001047192107], [6,9,-0.999999988566], [7,9,-0.000151224921], [48,9,0.999999988566], [49,9,0.000151224921], [9,10,-0.006092716042], [10,10,-0.999981439233], [12,10,0.006092716042], [13,10,0.999981439233], [9,11,-0.003511938708], [10,11,-0.999993833124], [15,11,0.003511938708], [16,11,0.999993833124], [12,12,-0.000930746631], [13,12,-0.999999566855], [15,12,0.000930746631], [16,12,0.999999566855], [12,13,-0.705354326739], [13,13,-0.708854903172], [36,13,0.705354326739], [37,13,0.708854903172], [15,14,-0.706486251686], [16,14,0.707726766612], [33,14,0.706486251686], [34,14,-0.707726766612], [15,15,-0.999996895924], [16,15,-0.002491614323], [36,15,0.999996895924], [37,15,0.002491614323], [15,16,-0.999996172002], [16,16,-0.002766944356], [57,16,0.999996172002], [58,16,0.002766944356], [21,17,-0.000595290041], [22,17,-0.999999822815], [24,17,0.000595290041], [25,17,0.999999822815], [21,18,-0.706621440199], [22,18,-0.707591789277], [45,18,0.706621440199], [46,18,0.707591789277], [24,19,0.001576439501], [25,19,-0.999998757418], [27,19,-0.001576439501], [28,19,0.999998757418], [24,20,-0.002030110918], [25,20,-0.999997939323], [30,20,0.002030110918], [31,20,0.999997939323], [24,21,-0.999999855255], [25,21,0.000538043207], [45,21,0.999999855255], [46,21,-0.000538043207], [24,22,-0.704666412734], [25,22,-0.709538756352], [48,22,0.704666412734], [49,22,0.709538756352], [24,23,-0.999996940459], [25,23,-0.002473676037], [66,23,0.999996940459], [67,23,0.002473676037], [27,24,-0.005658330926], [28,24,-0.999983991517], [30,24,0.005658330926], [31,24,0.999983991517], [27,25,-0.706497736802], [28,25,0.707715301441], [45,25,0.706497736802], [46,25,-0.707715301441], [27,26,-0.999999094794], [28,26,-0.001345514859], [48,26,0.999999094794], [49,26,0.001345514859], [30,27,-0.999999296198], [31,27,-0.001186424331], [72,27,0.999999296198], [73,27,0.001186424331], [33,28,-0.002931010546], [34,28,-0.999995704579], [36,28,0.002931010546], [37,28,0.999995704579], [33,29,-0.999999995164], [34,29,0.000098350396], [54,29,0.999999995164], [55,29,-0.000098350396], [33,30,-0.710717150629], [34,30,-0.703477882951], [57,30,0.710717150629], [58,30,0.703477882951], [33,31,-0.999995952815], [34,31,0.002845057830], [75,31,0.999995952815], [76,31,-0.002845057830], [36,32,-0.708465556990], [37,32,0.705745389329], [54,32,0.708465556990], [55,32,-0.705745389329], [36,33,-0.999995382024], [37,33,-0.003039067251], [57,33,0.999995382024], [58,33,0.003039067251], [36,34,-0.999999821095], [37,34,-0.000598172911], [78,34,0.999999821095], [79,34,0.000598172911], [39,35,-0.999959953104], [40,35,0.008949423899], [60,35,0.999959953104], [61,35,-0.008949423899], [39,36,-0.999995711958], [40,36,0.002928491979], [81,36,0.999995711958], [82,36,-0.002928491979], [42,37,0.002228520412], [43,37,-0.999997516845], [48,37,-0.002228520412], [49,37,0.999997516845], [42,38,-0.999997031440], [43,38,-0.002436618839], [84,38,0.999997031440], [85,38,0.002436618839], [45,39,0.002769500161], [46,39,-0.999996164927], [48,39,-0.002769500161], [49,39,0.999996164927], [45,40,0.000558713278], [46,40,-0.999999843920], [51,40,-0.000558713278], [52,40,0.999999843920], [48,41,-0.707727511895], [49,41,0.706485505093], [66,41,0.707727511895], [67,41,-0.706485505093], [48,42,-0.999996809390], [49,42,0.002526105707], [90,42,0.999996809390], [91,42,-0.002526105707], [51,43,-0.002956572163], [52,43,-0.999995629331], [57,43,0.002956572163], [58,43,0.999995629331], [51,44,-0.999996712132], [52,44,-0.002564317677], [72,44,0.999996712132], [73,44,0.002564317677], [51,45,-0.706768708057], [52,45,-0.707444692758], [75,45,0.706768708057], [76,45,0.707444692758], [54,46,-0.006487707255], [55,46,-0.999978954606], [57,46,0.006487707255], [58,46,0.999978954606], [54,47,-0.000308547918], [55,47,-0.999999952399], [60,47,0.000308547918], [61,47,0.999999952399], [54,48,-0.999984369464], [55,48,0.005591138236], [75,48,0.999984369464], [76,48,-0.005591138236], [54,49,-0.707969566694], [55,49,-0.706242941653], [78,49,0.707969566694], [79,49,0.706242941653], [54,50,-0.999996222561], [55,50,0.002748611077], [96,50,0.999996222561], [97,50,-0.002748611077], [57,51,-0.704208910535], [58,51,0.709992824135], [75,51,0.704208910535], [76,51,-0.709992824135], [57,52,-0.999998242005], [58,52,0.001875096410], [78,52,0.999998242005], [79,52,-0.001875096410], [57,53,-0.999998527546], [58,53,-0.001716072721], [99,53,0.999998527546], [100,53,0.001716072721], [60,54,-0.707313072057], [61,54,0.706900430115], [78,54,0.707313072057], [79,54,-0.706900430115], [60,55,-0.999995168426], [61,55,-0.003108556803], [81,55,0.999995168426], [82,55,0.003108556803], [60,56,-0.999995428171], [61,56,-0.003023844618], [102,56,0.999995428171], [103,56,0.003023844618], [63,57,0.004272485840], [64,57,-0.999990872891], [69,57,-0.004272485840], [70,57,0.999990872891], [63,58,-0.999997847828], [64,58,0.002074690381], [84,58,0.999997847828], [85,58,-0.002074690381], [63,59,-0.706440557199], [64,59,-0.707772378059], [87,59,0.706440557199], [88,59,0.707772378059], [63,60,-0.999998903754], [64,60,0.001480706046], [105,60,0.999998903754], [106,60,-0.001480706046], [66,61,0.000235598196], [67,61,-0.999999972247], [69,61,-0.000235598196], [70,61,0.999999972247], [66,62,-0.002625840794], [67,62,-0.999996552474], [72,62,0.002625840794], [73,62,0.999996552474], [66,63,-0.709977157501], [67,63,-0.704224705493], [90,63,0.709977157501], [91,63,0.704224705493], [69,64,-0.005479972045], [70,64,-0.999984984840], [72,64,0.005479972045], [73,64,0.999984984840], [69,65,-0.999995210053], [70,65,0.003095136778], [90,65,0.999995210053], [91,65,-0.003095136778], [69,66,-0.999998908535], [70,66,-0.001477473613], [111,66,0.999998908535], [112,66,0.001477473613], [72,67,-0.705031872195], [73,67,0.709175619426], [90,67,0.705031872195], [91,67,-0.709175619426], [72,68,-0.706541018957], [73,68,-0.707672091107], [96,68,0.706541018957], [97,68,0.707672091107], [72,69,-0.999998397277], [73,69,-0.001790375334], [114,69,0.999998397277], [115,69,0.001790375334], [75,70,0.003320061281], [76,70,-0.999994488581], [78,70,-0.003320061281], [79,70,0.999994488581], [75,71,-0.704883573210], [76,71,-0.709323021069], [99,71,0.704883573210], [100,71,0.709323021069], [78,72,-0.999986142768], [79,72,-0.005264434561], [99,72,0.999986142768], [100,72,0.005264434561], [81,73,-0.710211767939], [82,73,0.703988099815], [99,73,0.710211767939], [100,73,-0.703988099815], [84,74,0.003780812787], [85,74,-0.999992852702], [90,74,-0.003780812787], [91,74,0.999992852702], [87,75,-0.002229916716], [88,75,-0.999997513733], [90,75,0.002229916716], [91,75,0.999997513733], [87,76,-0.710096371361], [88,76,0.704104497486], [105,76,0.710096371361], [106,76,-0.704104497486], [87,77,-0.999996423902], [88,77,-0.002674356519], [108,77,0.999996423902], [109,77,0.002674356519], [87,78,-0.705202047069], [88,78,-0.709006398286], [111,78,0.705202047069], [112,78,0.709006398286], [87,79,-0.999999986097], [88,79,-0.000166748945], [129,79,0.999999986097], [130,79,0.000166748945], [90,80,-0.710044435878], [91,80,0.704156871072], [108,80,0.710044435878], [109,80,-0.704156871072], [93,81,0.004691524584], [94,81,-0.999988994738], [96,81,-0.004691524584], [97,81,0.999988994738], [93,82,0.002407164326], [94,82,-0.999997102776], [99,82,-0.002407164326], [100,82,0.999997102776], [93,83,-0.999999890674], [94,83,0.000467602481], [114,83,0.999999890674], [115,83,-0.000467602481], [93,84,-0.705468130584], [94,84,-0.708741643147], [117,84,0.705468130584], [118,84,0.708741643147], [93,85,-0.999999406932], [94,85,-0.001089098818], [135,85,0.999999406932], [136,85,0.001089098818], [96,86,-0.708876835881], [97,86,0.705332284495], [114,86,0.708876835881], [115,86,-0.705332284495], [96,87,-0.999992127557], [97,87,-0.003967974692], [117,87,0.999992127557], [118,87,0.003967974692], [96,88,-0.999999889994], [97,88,-0.000469055240], [138,88,0.999999889994], [139,88,0.000469055240], [102,89,-0.706731106760], [103,89,0.707482256129], [120,89,0.706731106760], [121,89,-0.707482256129], [105,90,0.001648859929], [106,90,-0.999998640630], [111,90,-0.001648859929], [112,90,0.999998640630], [105,91,-0.999998696884], [106,91,0.001614382491], [126,91,0.999998696884], [127,91,-0.001614382491], [105,92,-0.707907106960], [106,92,-0.706305548552], [129,92,0.707907106960], [130,92,0.706305548552], [108,93,0.007192738901], [109,93,-0.999974131919], [111,93,-0.007192738901], [112,93,0.999974131919], [108,94,-0.707457554592], [109,94,0.706755833687], [126,94,0.707457554592], [127,94,-0.706755833687], [108,95,-0.999997178612], [109,95,0.002375451132], [129,95,0.999997178612], [130,95,-0.002375451132], [111,96,-0.705574899575], [112,96,0.708635351284], [129,96,0.705574899575], [130,96,-0.708635351284], [114,97,0.001450795380], [115,97,-0.999998947596], [117,97,-0.001450795380], [118,97,0.999998947596], [114,98,-0.706683319819], [115,98,-0.707529989110], [138,98,0.706683319819], [139,98,0.707529989110], [117,99,0.001074413105], [118,99,-0.999999422818], [123,99,-0.001074413105], [124,99,0.999999422818], [117,100,-0.999995384773], [118,100,0.003038162678], [138,100,0.999995384773], [139,100,-0.003038162678], [120,101,0.001718419930], [121,101,-0.999998523515], [123,101,-0.001718419930], [124,101,0.999998523515], [120,102,-0.704427076622], [121,102,0.709776368810], [138,102,0.704427076622], [139,102,-0.709776368810], [120,103,-0.707373753248], [121,103,-0.706839708290], [144,103,0.707373753248], [145,103,0.706839708290], [123,104,-0.712337794308], [124,104,0.701836780741], [141,104,0.712337794308], [142,104,-0.701836780741], [123,105,-0.999984310648], [124,105,-0.005601647734], [144,105,0.999984310648], [145,105,0.005601647734], [129,106,-0.000969751693], [130,106,-0.999999529791], [132,106,0.000969751693], [133,106,0.999999529791], [132,107,-0.001165727979], [133,107,-0.999999320539], [135,107,0.001165727979], [136,107,0.999999320539], [132,108,0.001407494055], [133,108,-0.999999009480], [138,108,-0.001407494055], [139,108,0.999999009480], [138,109,-0.000351385717], [139,109,-0.999999938264], [144,109,0.000351385717], [145,109,0.999999938264], [141,110,0.005580751501], [142,110,-0.999984427485], [144,110,-0.005580751501], [145,110,0.999984427485], ]
},
"Q": {
"shape": [111, 111],
"data": [[0,0,2.000000000000], [1,0,-0.007943122494], [2,0,0.999998145562], [7,0,0.709128724175], [8,0,0.000476513584], [9,0,-0.000721903555], [0,1,-0.007943122494], [1,1,2.000000000000], [17,1,0.007918511888], [18,1,-0.700571548049], [0,2,0.999998145562], [2,2,2.000000000000], [3,2,0.999992825547], [4,2,-0.003299473874], [5,2,0.708560503840], [6,2,-0.000669774472], [7,2,0.707769537294], [8,2,-0.001449330523], [9,2,-0.002647745157], [2,3,0.999992825547], [3,3,2.000000000000], [4,3,-0.007087417860], [5,3,0.705882426137], [6,3,-0.004457757094], [10,3,-0.999972736714], [11,3,-0.999988463601], [2,4,-0.003299473874], [3,4,-0.007087417860], [4,4,2.000000000000], [5,4,0.703308345778], [6,4,0.999996542327], [7,4,0.708774825038], [17,4,-0.005200689669], [19,4,0.007372376558], [20,4,0.003765881976], [21,4,-0.999986176960], [22,4,-0.700542110738], [23,4,-0.999965806377], [2,5,0.708560503840], [3,5,0.705882426137], [4,5,0.703308345778], [5,5,2.000000000000], [6,5,0.705175329685], [8,5,0.706676260934], [19,5,0.705680547687], [24,5,-0.710788109348], [25,5,0.000422418391], [26,5,-0.708367165667], [2,6,-0.000669774472], [3,6,-0.004457757094], [4,6,0.999996542327], [5,6,0.705175329685], [6,6,2.000000000000], [18,6,0.704377455487], [21,6,0.999996546141], [25,6,0.708735029023], [39,6,0.005935766696], [40,6,0.003725002544], [0,7,0.709128724175], [2,7,0.707769537294], [4,7,0.708774825038], [7,7,2.000000000000], [8,7,0.705416869351], [9,7,0.704566933660], [17,7,-0.709111370992], [19,7,0.710640976926], [20,7,0.708098953284], [21,7,-0.705055896811], [22,7,0.006879461564], [23,7,-0.702916934716], [0,8,0.000476513584], [2,8,-0.001449330523], [5,8,0.706676260934], [7,8,0.705416869351], [8,8,2.000000000000], [9,8,0.999999281898], [19,8,-0.002623629442], [24,8,-0.004611152481], [25,8,-0.707238463303], [26,8,-0.999997137477], [0,9,-0.000721903555], [2,9,-0.002647745157], [7,9,0.704566933660], [8,9,0.999999281898], [9,9,2.000000000000], [22,9,0.704773704618], [26,9,0.999999286835], [37,9,-0.002077295841], [39,9,-0.002618275789], [41,9,-0.707620665588], [42,9,-0.999996415945], [3,10,-0.999972736714], [10,10,2.000000000000], [11,10,0.999996669717], [12,10,-0.999986676872], [13,10,-0.713139269903], [3,11,-0.999988463601], [10,11,0.999996669717], [11,11,2.000000000000], [12,11,0.999996668707], [14,11,0.705241265735], [15,11,-0.006003526764], [16,11,-0.006278852556], [10,12,-0.999986676872], [11,12,0.999996668707], [12,12,2.000000000000], [13,12,0.709511102298], [14,12,0.707068900365], [15,12,-0.003422356986], [16,12,-0.003697686226], [10,13,-0.713139269903], [12,13,0.709511102298], [13,13,2.000000000000], [15,13,0.707118330295], [28,13,0.710919259312], [32,13,0.000551833648], [33,13,-0.707505327152], [34,13,-0.705778218348], [11,14,0.705241265735], [12,14,0.707068900365], [14,14,2.000000000000], [15,14,0.704720676551], [16,14,0.704525306676], [28,14,0.705653007973], [29,14,-0.706555853477], [30,14,-0.004241768273], [31,14,-0.708496915984], [11,15,-0.006003526764], [12,15,-0.003422356986], [13,15,0.707118330295], [14,15,0.704720676551], [15,15,2.000000000000], [16,15,0.999999962096], [28,15,0.005422605068], [32,15,-0.706704912539], [33,15,-0.999999850146], [34,15,-0.999998207436], [11,16,-0.006278852556], [12,16,-0.003697686226], [14,16,0.704525306676], [15,16,0.999999962096], [16,16,2.000000000000], [30,16,0.712660914163], [33,16,0.999999962974], [43,16,0.005723493107], [46,16,0.009254568545], [51,16,-0.702241704187], [52,16,-0.999989225727], [53,16,-0.999999447832], [1,17,0.007918511888], [4,17,-0.005200689669], [7,17,-0.709111370992], [17,17,2.000000000000], [18,17,0.708012308608], [19,17,-0.999997641795], [20,17,-0.999998970643], [21,17,-0.000057246843], [22,17,-0.709958111530], [23,17,-0.003068963818], [1,18,-0.700571548049], [6,18,0.704377455487], [17,18,0.708012308608], [18,18,2.000000000000], [21,18,0.706240622963], [25,18,-0.001547088169], [39,18,-0.705632087418], [40,18,-0.707196880054], [4,19,0.007372376558], [5,19,0.705680547687], [7,19,0.710640976926], [8,19,-0.002623629442], [17,19,-0.999997641795], [19,19,2.000000000000], [20,19,0.999993496397], [21,19,-0.002114481812], [22,19,0.708427010724], [23,19,0.000897238285], [24,19,-0.999973828939], [25,19,0.708828172987], [26,19,0.000230924887], [4,20,0.003765881976], [7,20,0.708098953284], [17,20,-0.999998970643], [19,20,0.999993496397], [20,20,2.000000000000], [21,20,0.001492068526], [22,20,0.710967845199], [23,20,0.004503775646], [24,20,0.999993417913], [27,20,-0.003216531376], [4,21,-0.999986176960], [6,21,0.999996546141], [7,21,-0.705055896811], [17,21,-0.000057246843], [18,21,0.706240622963], [19,21,-0.002114481812], [20,21,0.001492068526], [21,21,2.000000000000], [22,21,0.704284548228], [23,21,0.999995464769], [25,21,0.706878415950], [39,21,0.003307540904], [40,21,0.001096756320], [4,22,-0.700542110738], [7,22,0.006879461564], [9,22,0.704773704618], [17,22,-0.709958111530], [19,22,0.708427010724], [20,22,0.710967845199], [21,22,0.704284548228], [22,22,2.000000000000], [23,22,0.706419425796], [26,22,0.705620469805], [37,22,0.707966630973], [39,22,0.707584461475], [41,22,0.002567039664], [42,22,-0.702871794516], [4,23,-0.999965806377], [7,23,-0.702916934716], [17,23,-0.003068963818], [19,23,0.000897238285], [20,23,0.004503775646], [21,23,0.999995464769], [22,23,0.706419425796], [23,23,2.000000000000], [41,23,0.705977730310], [61,23,-0.002238078493], [62,23,-0.005099500268], [63,23,-0.711717009075], [5,24,-0.710788109348], [8,24,-0.004611152481], [19,24,-0.999973828939], [20,24,0.999993417913], [24,24,2.000000000000], [25,24,-0.703706373999], [26,24,0.007003819124], [27,24,-0.006844732283], [5,25,0.000422418391], [6,25,0.708735029023], [8,25,-0.707238463303], [18,25,-0.001547088169], [19,25,0.708828172987], [21,25,0.706878415950], [24,25,-0.703706373999], [25,25,2.000000000000], [26,25,0.705544855822], [39,25,0.709669232897], [40,25,0.708109920647], [5,26,-0.708367165667], [8,26,-0.999997137477], [9,26,0.999999286835], [19,26,0.000230924887], [22,26,0.705620469805], [24,26,0.007003819124], [25,26,0.705544855822], [26,26,2.000000000000], [37,26,-0.000883006877], [39,26,-0.001423987956], [41,26,-0.706776284512], [42,26,-0.999992505274], [20,27,-0.003216531376], [24,27,-0.006844732283], [27,27,2.000000000000], [44,27,0.999999050702], [62,27,0.003812259187], [64,27,0.006666374706], [67,27,-0.704189992782], [68,27,-0.707380121080], [69,27,-0.999999817621], [13,28,0.710919259312], [14,28,0.705653007973], [15,28,0.005422605068], [28,28,2.000000000000], [29,28,0.002832660558], [30,28,0.705557980681], [31,28,0.000085953074], [32,28,0.703665837836], [33,28,-0.005970051207], [34,28,-0.003529180363], [14,29,-0.706555853477], [28,29,0.002832660558], [29,29,2.000000000000], [30,29,0.710647959863], [31,29,0.999996227791], [32,29,0.708534963903], [46,29,-0.006389358897], [47,29,-0.000210197525], [48,29,-0.999984914519], [49,29,-0.707900103997], [50,29,-0.999996488052], [14,30,-0.004241768273], [16,30,0.712660914163], [28,30,0.705557980681], [29,30,0.710647959863], [30,30,2.000000000000], [31,30,0.708712838966], [33,30,0.712851785151], [43,30,0.705576094825], [46,30,0.708074002796], [51,30,-0.001029101510], [52,30,-0.709396812339], [53,30,-0.711923323336], [14,31,-0.708496915984], [28,31,0.000085953074], [29,31,0.999996227791], [30,31,0.708712838966], [31,31,2.000000000000], [45,31,0.704753126571], [48,31,0.999996229454], [51,31,0.706226031114], [70,31,0.006165089994], [71,31,-0.702862655401], [13,32,0.000551833648], [15,32,-0.706704912539], [28,32,0.703665837836], [29,32,0.708534963903], [32,32,2.000000000000], [33,32,0.706317477613], [34,32,0.708043272468], [46,32,0.701134219505], [47,32,0.705526760162], [48,32,-0.712400403325], [49,32,-0.003144353582], [50,32,-0.710402700400], [13,33,-0.707505327152], [15,33,-0.999999850146], [16,33,0.999999962974], [28,33,-0.005970051207], [30,33,0.712851785151], [32,33,0.706317477613], [33,33,2.000000000000], [34,33,0.999997021008], [43,33,0.005995612478], [46,33,0.009526680588], [51,33,-0.702047942575], [52,33,-0.999987925494], [53,33,-0.999999124838], [13,34,-0.705778218348], [15,34,-0.999998207436], [28,34,-0.003529180363], [32,34,0.708043272468], [33,34,0.999997021008], [34,34,2.000000000000], [49,34,0.708391895431], [52,34,0.999996941468], [54,34,0.706890096827], [70,34,-0.002721891073], [72,34,-0.999989112908], [35,35,2.000000000000], [36,35,0.999981873550], [47,35,-0.008640887911], [54,35,-0.713611097968], [55,35,-0.999927301931], [56,35,-0.999928319791], [35,36,0.999981873550], [36,36,2.000000000000], [55,36,0.999981777021], [73,36,-0.712270346024], [9,37,-0.002077295841], [22,37,0.707966630973], [26,37,-0.000883006877], [37,37,2.000000000000], [38,37,0.000208098992], [39,37,0.999999853670], [41,37,0.708060935986], [42,37,0.004754612735], [37,38,0.000208098992], [38,38,2.000000000000], [58,38,0.999989824044], [74,38,0.001344200139], [6,39,0.005935766696], [9,39,-0.002618275789], [18,39,-0.705632087418], [21,39,0.003307540904], [22,39,0.707584461475], [25,39,0.709669232897], [26,39,-0.001423987956], [37,39,0.999999853670], [39,39,2.000000000000], [40,39,0.999997556204], [41,39,0.708442847128], [42,39,0.005295587344], [6,40,0.003725002544], [18,40,-0.707196880054], [21,40,0.001096756320], [25,40,0.708109920647], [39,40,0.999997556204], [40,40,2.000000000000], [43,40,-0.999993821375], [44,40,-0.002005605836], [45,40,-0.707049701278], [9,41,-0.707620665588], [22,41,0.002567039664], [23,41,0.705977730310], [26,41,-0.706776284512], [37,41,0.708060935986], [39,41,0.708442847128], [41,41,2.000000000000], [42,41,0.709509910879], [61,41,0.706652224810], [62,41,0.704624689694], [63,41,-0.004945820421], [9,42,-0.999996415945], [22,42,-0.702871794516], [26,42,-0.999992505274], [37,42,0.004754612735], [39,42,0.005295587344], [41,42,0.709509910879], [42,42,2.000000000000], [63,42,0.708195946193], [65,42,0.999999838101], [67,42,0.706821075293], [74,42,-0.006306888375], [75,42,-0.000296189825], [80,42,-0.711820945094], [16,43,0.005723493107], [30,43,0.705576094825], [33,43,0.005995612478], [40,43,-0.999993821375], [43,43,2.000000000000], [44,43,0.005520868912], [45,43,0.709531213439], [46,43,0.999993765403], [51,43,0.707907676530], [52,43,-0.001081478750], [53,43,-0.004672633030], [27,44,0.999999050702], [40,44,-0.002005605836], [43,44,0.005520868912], [44,44,2.000000000000], [45,44,0.708580497226], [62,44,0.005190140997], [64,44,0.008044233202], [67,44,-0.703211002566], [68,44,-0.708353391996], [69,44,-0.999999700505], [31,45,0.704753126571], [40,45,-0.707049701278], [43,45,0.709531213439], [44,45,0.708580497226], [45,45,2.000000000000], [48,45,0.702802239812], [51,45,-0.004567833429], [70,45,-0.705094278312], [71,45,-0.999996459075], [16,46,0.009254568545], [29,46,-0.006389358897], [30,46,0.708074002796], [32,46,0.701134219505], [33,46,0.009526680588], [43,46,0.999993765403], [46,46,2.000000000000], [47,46,0.999980908774], [48,46,0.000896585281], [49,46,0.710821177787], [50,46,0.003739129517], [51,46,0.705409180798], [52,46,-0.004612638902], [53,46,-0.008203734308], [29,47,-0.000210197525], [32,47,0.705526760162], [35,47,-0.008640887911], [46,47,0.999980908774], [47,47,2.000000000000], [48,47,-0.005282594875], [49,47,0.706461350571], [50,47,-0.002440064194], [54,47,0.706682156490], [55,47,-0.003417103083], [56,47,-0.003332390982], [29,48,-0.999984914519], [31,48,0.999996229454], [32,48,-0.712400403325], [45,48,0.702802239812], [46,48,0.000896585281], [47,48,-0.005282594875], [48,48,2.000000000000], [49,48,0.704009798836], [50,48,0.999995959949], [51,48,0.708167571399], [70,48,0.008911116807], [71,48,-0.700906632438], [29,49,-0.707900103997], [32,49,-0.003144353582], [34,49,0.708391895431], [46,49,0.710821177787], [47,49,0.706461350571], [48,49,0.704009798836], [49,49,2.000000000000], [50,49,0.706025705210], [52,49,0.706644048482], [54,49,0.001512689921], [70,49,0.703888546906], [72,49,-0.711677725946], [29,50,-0.999996488052], [32,50,-0.710402700400], [46,50,0.003739129517], [47,50,-0.002440064194], [48,50,0.999995959949], [49,50,0.706025705210], [50,50,2.000000000000], [68,50,0.704593234693], [81,50,-0.007440087690], [86,50,-0.710812842273], [87,50,-0.999977443729], [88,50,-0.999994823305], [16,51,-0.702241704187], [30,51,-0.001029101510], [31,51,0.706226031114], [33,51,-0.702047942575], [43,51,0.707907676530], [45,51,-0.004567833429], [46,51,0.705409180798], [48,51,0.708167571399], [51,51,2.000000000000], [52,51,0.705538977535], [53,51,0.702989474302], [70,51,0.712326927805], [71,51,0.007228961809], [16,52,-0.999989225727], [30,52,-0.709396812339], [33,52,-0.999987925494], [34,52,0.999996941468], [43,52,-0.001081478750], [46,52,-0.004612638902], [49,52,0.706644048482], [51,52,0.705538977535], [52,52,2.000000000000], [53,52,0.999993551752], [54,52,0.708637335064], [70,52,-0.005195141520], [72,52,-0.999974513476], [16,53,-0.999999447832], [30,53,-0.711923323336], [33,53,-0.999999124838], [43,53,-0.004672633030], [46,53,-0.008203734308], [51,53,0.702989474302], [52,53,0.999993551752], [53,53,2.000000000000], [71,53,0.706099785188], [72,53,0.999993704487], [73,53,0.709002627411], [82,53,-0.000691093032], [34,54,0.706890096827], [35,54,-0.713611097968], [47,54,0.706682156490], [49,54,0.001512689921], [52,54,0.708637335064], [54,54,2.000000000000], [55,54,0.705112214480], [56,54,0.705172281282], [70,54,-0.709244856835], [72,54,-0.703581839601], [35,55,-0.999927301931], [36,55,0.999981777021], [47,55,-0.003417103083], [54,55,0.705112214480], [55,55,2.000000000000], [56,55,0.999999996412], [73,55,-0.708019949501], [35,56,-0.999928319791], [47,56,-0.003332390982], [54,56,0.705172281282], [55,56,0.999999996412], [56,56,2.000000000000], [89,56,-0.704588559294], [57,57,2.000000000000], [58,57,-0.006347148090], [59,57,0.704747660866], [60,57,-0.005753173687], [61,57,0.999991851728], [64,57,-0.999952444765], [65,57,0.007367573903], [66,57,0.002795021049], [38,58,0.999989824044], [57,58,-0.006347148090], [58,58,2.000000000000], [59,58,0.704970628273], [60,58,0.999999823591], [74,58,0.005855480203], [57,59,0.704747660866], [58,59,0.704970628273], [59,59,2.000000000000], [60,59,0.705391779928], [75,59,-0.709345921955], [76,59,-0.003295161662], [77,59,-0.708330866572], [78,59,-0.999998471643], [79,59,-0.706558567676], [57,60,-0.005753173687], [58,60,0.999999823591], [59,60,0.705391779928], [60,60,2.000000000000], [76,60,0.711138164707], [90,60,0.003129562154], [91,60,-0.999999991065], [92,60,-0.706860500024], [23,61,-0.002238078493], [41,61,0.706652224810], [57,61,0.999991851728], [61,61,2.000000000000], [62,61,0.999995906078], [63,61,0.704057416611], [64,61,-0.999983666016], [65,61,0.003330733759], [66,61,-0.001241875633], [23,62,-0.005099500268], [27,62,0.003812259187], [41,62,0.704624689694], [44,62,0.005190140997], [61,62,0.999995906078], [62,62,2.000000000000], [63,62,0.706086564643], [64,62,0.999995926900], [67,62,0.707321873074], [68,62,-0.709524915619], [69,62,-0.004416205747], [23,63,-0.711717009075], [41,63,-0.004945820421], [42,63,0.708195946193], [61,63,0.704057416611], [62,63,0.706086564643], [63,63,2.000000000000], [65,63,0.707794084962], [67,63,0.001137532835], [74,63,0.701535381474], [75,63,0.705806144534], [80,63,-0.008230665132], [27,64,0.006666374706], [44,64,0.008044233202], [57,64,-0.999952444765], [61,64,-0.999983666016], [62,64,0.999995926900], [64,64,2.000000000000], [65,64,0.002384855492], [66,64,0.006957417492], [67,64,0.705301416091], [68,64,-0.711533290330], [69,64,-0.007270311714], [42,65,0.999999838101], [57,65,0.007367573903], [61,65,0.003330733759], [63,65,0.707794084962], [64,65,0.002384855492], [65,65,2.000000000000], [66,65,0.999989545610], [67,65,0.707223490672], [74,65,-0.006875909333], [75,65,-0.000865223048], [80,65,-0.712220496632], [57,66,0.002795021049], [61,66,-0.001241875633], [64,66,0.006957417492], [65,66,0.999989545610], [66,66,2.000000000000], [78,66,0.706248815610], [90,66,-0.000171386525], [93,66,-0.005715295657], [96,66,-0.704527139432], [27,67,-0.704189992782], [42,67,0.706821075293], [44,67,-0.703211002566], [62,67,0.707321873074], [63,67,0.001137532835], [64,67,0.705301416091], [65,67,0.707223490672], [67,67,2.000000000000], [68,67,-0.003729856184], [69,67,0.703761051688], [74,67,-0.711836144254], [75,67,-0.707601693869], [80,67,-0.999974843185], [27,68,-0.707380121080], [44,68,-0.708353391996], [50,68,0.704593234693], [62,68,-0.709524915619], [64,68,-0.711533290330], [67,68,-0.003729856184], [68,68,2.000000000000], [69,68,0.707806885224], [81,68,0.704349548430], [86,68,-0.001706589245], [87,68,-0.709343481701], [88,68,-0.706872878536], [27,69,-0.999999817621], [44,69,-0.999999700505], [62,69,-0.004416205747], [64,69,-0.007270311714], [67,69,0.703761051688], [68,69,0.707806885224], [69,69,2.000000000000], [83,69,0.999997450767], [86,69,0.707612890223], [97,69,-0.000339580395], [98,69,-0.707948931442], [31,70,0.006165089994], [34,70,-0.002721891073], [45,70,-0.705094278312], [48,70,0.008911116807], [49,70,0.703888546906], [51,70,0.712326927805], [52,70,-0.005195141520], [54,70,-0.709244856835], [70,70,2.000000000000], [71,70,0.706978855034], [72,70,-0.001944390272], [31,71,-0.702862655401], [45,71,-0.999996459075], [48,71,-0.700906632438], [51,71,0.007228961809], [53,71,0.706099785188], [70,71,0.706978855034], [71,71,2.000000000000], [72,71,0.708607990102], [73,71,0.001261642964], [82,71,0.707624195410], [34,72,-0.999989112908], [49,72,-0.711677725946], [52,72,-0.999974513476], [53,72,0.999993704487], [54,72,-0.703581839601], [70,72,-0.001944390272], [71,72,0.708607990102], [72,72,2.000000000000], [73,72,0.706495827087], [82,72,0.002857288340], [36,73,-0.712270346024], [53,73,0.709002627411], [55,73,-0.708019949501], [71,73,0.001261642964], [72,73,0.706495827087], [73,73,2.000000000000], [82,73,-0.705695656635], [38,74,0.001344200139], [42,74,-0.006306888375], [58,74,0.005855480203], [63,74,0.701535381474], [65,74,-0.006875909333], [67,74,-0.711836144254], [74,74,2.000000000000], [75,74,0.999981935555], [80,74,0.706836383335], [42,75,-0.000296189825], [59,75,-0.709345921955], [63,75,0.705806144534], [65,75,-0.000865223048], [67,75,-0.707601693869], [74,75,0.999981935555], [75,75,2.000000000000], [76,75,-0.702519291125], [77,75,0.004904258612], [78,75,0.710577177339], [79,75,0.002396665215], [80,75,0.702571780393], [59,76,-0.003295161662], [60,76,0.711138164707], [75,76,-0.702519291125], [76,76,2.000000000000], [77,76,0.708210805534], [78,76,0.001546820921], [79,76,0.709978952807], [90,76,0.705274389799], [91,76,-0.711232139996], [92,76,-0.005369354579], [59,77,-0.708330866572], [75,77,0.004904258612], [76,77,0.708210805534], [77,77,2.000000000000], [78,77,0.707095661081], [79,77,0.999996855946], [80,77,0.708158730171], [93,77,0.004518425841], [94,77,-0.705564907583], [95,77,-0.999987249721], [59,78,-0.999998471643], [66,78,0.706248815610], [75,78,0.710577177339], [76,78,0.001546820921], [77,78,0.707095661081], [78,78,2.000000000000], [79,78,0.705320263334], [90,78,0.707842655086], [93,78,0.703915723454], [96,78,0.004854134572], [59,79,-0.706558567676], [75,79,0.002396665215], [76,79,0.709978952807], [77,79,0.999996855946], [78,79,0.705320263334], [79,79,2.000000000000], [92,79,0.708024872824], [95,79,0.999996768605], [96,79,0.705456725568], [106,79,-0.001136500546], [42,80,-0.711820945094], [63,80,-0.008230665132], [65,80,-0.712220496632], [67,80,-0.999974843185], [74,80,0.706836383335], [75,80,0.702571780393], [77,80,0.708158730171], [80,80,2.000000000000], [93,80,0.709245820121], [94,80,-0.999993276719], [95,80,-0.711715122804], [50,81,-0.007440087690], [68,81,0.704349548430], [81,81,2.000000000000], [82,81,0.999997390816], [83,81,-0.005159121406], [84,81,0.705424122181], [85,81,-0.003602434970], [86,81,0.708650235231], [87,81,0.000723556627], [88,81,0.004222473990], [53,82,-0.000691093032], [71,82,0.707624195410], [72,82,0.002857288340], [73,82,-0.705695656635], [81,82,0.999997390816], [82,82,2.000000000000], [83,82,-0.002874765189], [84,82,0.707041412046], [85,82,-0.001318067236], [69,83,0.999997450767], [81,83,-0.005159121406], [82,83,-0.002874765189], [83,83,2.000000000000], [84,83,0.705136644107], [85,83,0.999998788340], [86,83,0.709206573509], [97,83,0.001918397211], [98,83,-0.706352399782], [81,84,0.705424122181], [82,84,0.707041412046], [83,84,0.705136644107], [84,84,2.000000000000], [85,84,0.706239601879], [87,84,0.708274845730], [97,84,0.707717407359], [99,84,-0.707983269869], [100,84,-0.703311602280], [81,85,-0.003602434970], [82,85,-0.001318067236], [83,85,0.999998788340], [84,85,0.706239601879], [85,85,2.000000000000], [107,85,0.002254825366], [50,86,-0.710812842273], [68,86,-0.001706589245], [69,86,0.707612890223], [81,86,0.708650235231], [83,86,0.709206573509], [86,86,2.000000000000], [87,86,0.706072514635], [88,86,0.708545918096], [97,86,0.706359977439], [98,86,-0.001907692156], [50,87,-0.999977443729], [68,87,-0.709343481701], [81,87,0.000723556627], [84,87,0.708274845730], [86,87,0.706072514635], [87,87,2.000000000000], [88,87,0.999993878751], [97,87,0.002517186557], [99,87,-0.002893567755], [100,87,-0.999975457014], [50,88,-0.999994823305], [68,88,-0.706872878536], [81,88,0.004222473990], [86,88,0.708545918096], [87,88,0.999993878751], [88,88,2.000000000000], [98,88,0.707015112728], [100,88,0.999993849701], [102,88,0.704094074805], [108,88,-0.000938439124], [109,88,-0.000820440890], [56,89,-0.704588559294], [89,89,2.000000000000], [101,89,0.708695672362], [102,89,-0.999994714246], [103,89,0.000153516017], [60,90,0.003129562154], [66,90,-0.000171386525], [76,90,0.705274389799], [78,90,0.707842655086], [90,90,2.000000000000], [91,90,-0.003263238077], [92,90,0.705137348759], [93,90,0.999984632403], [96,90,0.709797782165], [60,91,-0.999999991065], [76,91,-0.711232139996], [90,91,-0.003263238077], [91,91,2.000000000000], [92,91,0.706765937164], [94,91,0.708597606936], [60,92,-0.706860500024], [76,92,-0.005369354579], [79,92,0.708024872824], [90,92,0.705137348759], [91,92,0.706765937164], [92,92,2.000000000000], [95,92,0.706227315365], [96,92,-0.001031594610], [106,92,-0.706991710556], [66,93,-0.005715295657], [77,93,0.004518425841], [78,93,0.703915723454], [80,93,0.709245820121], [90,93,0.999984632403], [93,93,2.000000000000], [94,93,-0.711826108744], [95,93,-0.009568108291], [96,93,0.713692036276], [77,94,-0.705564907583], [80,94,-0.999993276719], [91,94,0.708597606936], [93,94,-0.711826108744], [94,94,2.000000000000], [95,94,0.709134422525], [77,95,-0.999987249721], [79,95,0.999996768605], [80,95,-0.711715122804], [92,95,0.706227315365], [93,95,-0.009568108291], [94,95,0.709134422525], [95,95,2.000000000000], [96,95,0.707256237522], [106,95,0.001405701059], [66,96,-0.704527139432], [78,96,0.004854134572], [79,96,0.705456725568], [90,96,0.709797782165], [92,96,-0.001031594610], [93,96,0.713692036276], [95,96,0.707256237522], [96,96,2.000000000000], [106,96,0.707950785624], [69,97,-0.000339580395], [83,97,0.001918397211], [84,97,0.707717407359], [86,97,0.706359977439], [87,97,0.002517186557], [97,97,2.000000000000], [98,97,0.706503991607], [99,97,-0.999999929168], [100,97,0.004488948165], [69,98,-0.707948931442], [83,98,-0.706352399782], [86,98,-0.001907692156], [88,98,0.707015112728], [97,98,0.706503991607], [98,98,2.000000000000], [100,98,0.704530467109], [102,98,-0.004381201417], [108,98,0.706534635716], [109,98,-0.707778263855], [84,99,-0.707983269869], [87,99,-0.002893567755], [97,99,-0.999999929168], [99,99,2.000000000000], [100,99,-0.004112569071], [101,99,0.999999792627], [104,99,0.702601720715], [105,99,-0.004527248252], [84,100,-0.703311602280], [87,100,-0.999975457014], [88,100,0.999993849701], [97,100,0.004488948165], [98,100,0.704530467109], [99,100,-0.004112569071], [100,100,2.000000000000], [102,100,0.706580241605], [108,100,-0.004445647227], [109,100,0.002686778395], [89,101,0.708695672362], [99,101,0.999999792627], [101,101,2.000000000000], [102,101,-0.710985822364], [103,101,0.705623099496], [104,101,0.703059839952], [105,101,-0.003883246493], [88,102,0.704094074805], [89,102,-0.999994714246], [98,102,-0.004381201417], [100,102,0.706580241605], [101,102,-0.710985822364], [102,102,2.000000000000], [103,102,-0.003404896401], [108,102,-0.710767142685], [109,102,0.709528799378], [89,103,0.000153516017], [101,103,0.705623099496], [102,103,-0.003404896401], [103,103,2.000000000000], [105,103,0.711322122062], [109,103,0.707088225686], [110,103,0.702881023883], [99,104,0.702601720715], [101,104,0.703059839952], [104,104,2.000000000000], [105,104,0.708395175778], [110,104,0.705801231592], [99,105,-0.004527248252], [101,105,-0.003883246493], [103,105,0.711322122062], [104,105,0.708395175778], [105,105,2.000000000000], [109,105,0.005953027592], [110,105,0.000020896559], [79,106,-0.001136500546], [92,106,-0.706991710556], [95,106,0.001405701059], [96,106,0.707950785624], [106,106,2.000000000000], [107,106,-0.999999980797], [108,106,-0.999997174351], [85,107,0.002254825366], [106,107,-0.999999980797], [107,107,2.000000000000], [108,107,0.999996689264], [88,108,-0.000938439124], [98,108,0.706534635716], [100,108,-0.004445647227], [102,108,-0.710767142685], [106,108,-0.999997174351], [107,108,0.999996689264], [108,108,2.000000000000], [109,108,-0.999998453171], [88,109,-0.000820440890], [98,109,-0.707778263855], [100,109,0.002686778395], [102,109,0.709528799378], [103,109,0.707088225686], [105,109,0.005953027592], [108,109,-0.999998453171], [109,109,2.000000000000], [110,109,0.999982404754], [103,110,0.702881023883], [104,110,0.705801231592], [105,110,0.000020896559], [109,110,0.999982404754], [110,110,2.000000000000], ]
},
"Minv": {
"shape": [147, 147],
