{
"N": {
"shape": [147, 104],
"data": [[0,0,-0.999999856284], [1,0,0.000536127064], [21,0,0.999999856284], [22,0,-0.000536127064], [3,1,0.002780743642], [4,1,-0.999996133725], [6,1,-0.002780743642], [7,1,0.999996133725], [3,2,0.000235102322], [4,2,-0.999999972363], [9,2,-0.000235102322], [10,2,0.999999972363], [6,3,-0.002320970807], [7,3,-0.999997306544], [9,3,0.002320970807], [10,3,0.999997306544], [9,4,0.001477314534], [10,4,-0.999998908770], [15,4,-0.001477314534], [16,4,0.999998908770], [9,5,-0.999999176669], [10,5,-0.001283223087], [51,5,0.999999176669], [52,5,0.001283223087], [12,6,-0.006083290137], [13,6,-0.999981496619], [15,6,0.006083290137], [16,6,0.999981496619], [12,7,-0.999997718863], [13,7,0.002135946650], [33,7,0.999997718863], [34,7,-0.002135946650], [12,8,-0.707148668142], [13,8,-0.707064891750], [36,8,0.707148668142], [37,8,0.707064891750], [15,9,-0.705702501416], [16,9,0.708508277648], [33,9,0.705702501416], [34,9,-0.708508277648], [15,10,-0.999994411194], [16,10,-0.003343289038], [57,10,0.999994411194], [58,10,0.003343289038], [21,11,-0.001208001041], [22,11,-0.999999270366], [24,11,0.001208001041], [25,11,0.999999270366], [24,12,-0.704495240840], [25,12,0.709708711820], [42,12,0.704495240840], [43,12,-0.709708711820], [24,13,-0.999998397078], [25,13,-0.001790486334], [66,13,0.999998397078], [67,13,0.001790486334], [27,14,-0.001595139077], [28,14,-0.999998727765], [30,14,0.001595139077], [31,14,0.999998727765], [27,15,0.002401884908], [28,15,-0.999997115470], [33,15,-0.002401884908], [34,15,0.999997115470], [27,16,-0.705629393244], [28,16,0.708581088789], [45,16,0.705629393244], [46,16,-0.708581088789], [27,17,-0.999981504980], [28,17,0.006081915703], [48,17,0.999981504980], [49,17,-0.006081915703], [27,18,-0.704914510376], [28,18,-0.709292276189], [51,18,0.704914510376], [52,18,0.709292276189], [27,19,-0.999992400438], [28,19,0.003898598111], [69,19,0.999992400438], [70,19,-0.003898598111], [30,20,0.003766868324], [31,20,-0.999992905326], [36,20,-0.003766868324], [37,20,0.999992905326], [30,21,-0.999967681430], [31,21,-0.008039657678], [51,21,0.999967681430], [52,21,0.008039657678], [30,22,-0.999998004529], [31,22,-0.001997733059], [72,22,0.999998004529], [73,22,0.001997733059], [33,23,0.001171550883], [34,23,-0.999999313734], [36,23,-0.001171550883], [37,23,0.999999313734], [33,24,-0.002116314069], [34,24,-0.999997760605], [39,24,0.002116314069], [40,24,0.999997760605], [33,25,-0.705005379981], [34,25,-0.709201955862], [57,25,0.705005379981], [58,25,0.709201955862], [33,26,-0.999999989791], [34,26,-0.000142889237], [75,26,0.999999989791], [76,26,0.000142889237], [36,27,-0.709727462912], [37,27,0.704476350482], [54,27,0.709727462912], [55,27,-0.704476350482], [36,28,-0.999993111993], [37,28,-0.003711598985], [57,28,0.999993111993], [58,28,0.003711598985], [36,29,-0.999997653835], [37,29,0.002166177570], [78,29,0.999997653835], [79,29,-0.002166177570], [39,30,-0.708172744556], [40,30,0.706039208449], [57,30,0.708172744556], [58,30,-0.706039208449], [39,31,-0.999986396455], [40,31,-0.005216023776], [60,31,0.999986396455], [61,31,0.005216023776], [39,32,-0.999999277128], [40,32,0.001202390991], [81,32,0.999999277128], [82,32,-0.001202390991], [42,33,-0.003734317098], [43,33,-0.999993027414], [48,33,0.003734317098], [49,33,0.999993027414], [42,34,-0.999999329026], [43,34,-0.001158424179], [63,34,0.999999329026], [64,34,0.001158424179], [42,35,-0.704632383482], [43,35,-0.709572550307], [66,35,0.704632383482], [67,35,0.709572550307], [45,36,-0.007021785788], [46,36,-0.999975346958], [48,36,0.007021785788], [49,36,0.999975346958], [45,37,-0.000561566607], [46,37,-0.999999842321], [51,37,0.000561566607], [52,37,0.999999842321], [45,38,-0.999999111486], [46,38,0.001333051941], [66,38,0.999999111486], [67,38,-0.001333051941], [45,39,-0.711245850845], [46,39,-0.702943340288], [69,39,0.711245850845], [70,39,0.702943340288], [45,40,-0.999995129998], [46,40,0.003120894297], [87,40,0.999995129998], [88,40,-0.003120894297], [48,41,-0.707189923392], [49,41,0.707023629204], [66,41,0.707189923392], [67,41,-0.707023629204], [48,42,-0.703996594677], [49,42,-0.710203347418], [72,42,0.703996594677], [73,42,0.710203347418], [48,43,-0.999994230450], [49,43,-0.003396920149], [90,43,0.999994230450], [91,43,0.003396920149], [54,44,0.000966501076], [55,44,-0.999999532938], [57,44,-0.000966501076], [58,44,0.999999532938], [54,45,-0.001243042068], [55,45,-0.999999227423], [60,45,0.001243042068], [61,45,0.999999227423], [54,46,-0.999973656411], [55,46,0.007258545545], [75,46,0.999973656411], [76,46,-0.007258545545], [54,47,-0.708571823829], [55,47,-0.705638696839], [78,47,0.708571823829], [79,47,0.705638696839], [57,48,-0.003453582033], [58,48,-0.999994036368], [60,48,0.003453582033], [61,48,0.999994036368], [57,49,-0.709147591327], [58,49,-0.705060063906], [81,49,0.709147591327], [82,49,0.705060063906], [60,50,-0.999970638911], [61,50,0.007662983434], [81,50,0.999970638911], [82,50,-0.007662983434], [63,51,0.001623106222], [64,51,-0.999998682762], [69,51,-0.001623106222], [70,51,0.999998682762], [63,52,-0.999999509891], [64,52,-0.000990059691], [84,52,0.999999509891], [85,52,0.000990059691], [63,53,-0.705040783327], [64,53,-0.709166760251], [87,53,0.705040783327], [88,53,0.709166760251], [66,54,-0.001481853069], [67,54,-0.999998902055], [69,54,0.001481853069], [70,54,0.999998902055], [66,55,-0.000490660187], [67,55,-0.999999879626], [72,55,0.000490660187], [73,55,0.999999879626], [66,56,-0.708552167303], [67,56,-0.705658434521], [90,56,0.708552167303], [91,56,0.705658434521], [69,57,0.000487348390], [70,57,-0.999999881246], [72,57,-0.000487348390], [73,57,0.999999881246], [69,58,-0.708113623978], [70,58,0.706098502715], [87,58,0.708113623978], [88,58,-0.706098502715], [69,59,-0.999964241345], [70,59,-0.008456715173], [90,59,0.999964241345], [91,59,0.008456715173], [69,60,-0.999998033876], [70,60,-0.001982988826], [111,60,0.999998033876], [112,60,0.001982988826], [72,61,-0.709476325486], [73,61,0.704729269702], [90,61,0.709476325486], [91,61,-0.704729269702], [75,62,0.001074135799], [76,62,-0.999999423116], [78,62,-0.001074135799], [79,62,0.999999423116], [75,63,-0.704692934372], [76,63,-0.709512415850], [99,63,0.704692934372], [100,63,0.709512415850], [75,64,-0.999999822521], [76,64,-0.000595783959], [117,64,0.999999822521], [118,64,0.000595783959], [78,65,-0.707685832332], [79,65,0.706527255467], [96,65,0.707685832332], [97,65,-0.706527255467], [78,66,-0.999963306507], [79,66,-0.008566541825], [99,66,0.999963306507], [100,66,0.008566541825], [84,67,0.004835579156], [85,67,-0.999988308519], [87,67,-0.004835579156], [88,67,0.999988308519], [84,68,-0.706931388878], [85,68,-0.707282130002], [108,68,0.706931388878], [109,68,0.707282130002], [87,69,-0.709704749666], [88,69,0.704499232293], [105,69,0.709704749666], [106,69,-0.704499232293], [90,70,-0.706878003494], [91,70,0.707335484885], [108,70,0.706878003494], [109,70,-0.707335484885], [90,71,-0.999989796624], [91,71,0.004517371684], [111,71,0.999989796624], [112,71,-0.004517371684], [93,72,0.007063744325], [94,72,-0.999975051447], [96,72,-0.007063744325], [97,72,0.999975051447], [93,73,-0.705633880823], [94,73,0.708576619875], [111,73,0.705633880823], [112,73,-0.708576619875], [93,74,-0.999994496819], [94,74,-0.003317579270], [114,74,0.999994496819], [115,74,0.003317579270], [93,75,-0.707459152768], [94,75,-0.706754233921], [117,75,0.707459152768], [118,75,0.706754233921], [93,76,-0.999998916168], [94,76,-0.001472298369], [135,76,0.999998916168], [136,76,0.001472298369], [96,77,-0.712380573524], [97,77,0.701793358807], [114,77,0.712380573524], [115,77,-0.701793358807], [96,78,-0.999999910078], [97,78,0.000424080390], [117,78,0.999999910078], [118,78,-0.000424080390], [96,79,-0.999999414527], [97,79,-0.001082102295], [138,79,0.999999414527], [139,79,0.001082102295], [99,80,-0.005488642112], [100,80,-0.999984937290], [102,80,0.005488642112], [103,80,0.999984937290], [99,81,-0.707951723755], [100,81,-0.706260827763], [123,81,0.707951723755], [124,81,0.706260827763], [99,82,-0.999999976820], [100,82,0.000215311890], [141,82,0.999999976820], [142,82,-0.000215311890], [102,83,-0.705303446419], [103,83,0.708905528593], [120,83,0.705303446419], [121,83,-0.708905528593], [102,84,-0.999982983196], [103,84,-0.005833808288], [123,84,0.999982983196], [124,84,0.005833808288], [102,85,-0.999999671618], [103,85,-0.000810409174], [144,85,0.999999671618], [145,85,0.000810409174], [105,86,0.000337164450], [106,86,-0.999999943160], [108,86,-0.000337164450], [109,86,0.999999943160], [105,87,0.002418383737], [106,87,-0.999997075706], [111,87,-0.002418383737], [112,87,0.999997075706], [105,88,-0.999997707925], [106,88,0.002141061574], [126,88,0.999997707925], [127,88,-0.002141061574], [105,89,-0.704884222328], [106,89,-0.709322376013], [129,89,0.704884222328], [130,89,0.709322376013], [111,90,-0.004109546812], [112,90,-0.999991555777], [114,90,0.004109546812], [115,90,0.999991555777], [111,91,-0.000036607379], [112,91,-0.999999999330], [117,91,0.000036607379], [118,91,0.999999999330], [111,92,-0.706644985701], [112,92,-0.707568275280], [135,92,0.706644985701], [136,92,0.707568275280], [114,93,0.004084419827], [115,93,-0.999991658723], [117,93,-0.004084419827], [118,93,0.999991658723], [114,94,-0.708431942039], [115,94,-0.705779132235], [138,94,0.708431942039], [139,94,0.705779132235], [120,95,-0.004634623997], [121,95,-0.999989260073], [123,95,0.004634623997], [124,95,0.999989260073], [120,96,-0.709643071476], [121,96,0.704561360781], [138,96,0.709643071476], [139,96,-0.704561360781], [120,97,-0.999996245362], [121,97,-0.002740303339], [141,97,0.999996245362], [142,97,0.002740303339], [120,98,-0.709459995656], [121,98,-0.704745709148], [144,98,0.709459995656], [145,98,0.704745709148], [123,99,-0.705463364821], [124,99,0.708746386866], [141,99,0.705463364821], [142,99,-0.708746386866], [126,100,0.002865707490], [127,100,-0.999995893852], [129,100,-0.002865707490], [130,100,0.999995893852], [129,101,-0.000643701583], [130,101,-0.999999792824], [135,101,0.000643701583], [136,101,0.999999792824], [132,102,-0.005281006423], [133,102,-0.999986055388], [135,102,0.005281006423], [136,102,0.999986055388], [132,103,-0.002866529078], [133,103,-0.999995891497], [138,103,0.002866529078], [139,103,0.999995891497], ]
},
"Q": {
"shape": [104, 104],
"data": [[0,0,2.000000000000], [11,0,-0.000671874194], [1,1,2.000000000000], [2,1,0.999996759848], [3,1,-0.999986986254], [1,2,0.999996759848], [2,2,2.000000000000], [3,2,0.999996733242], [4,2,-0.999999228454], [5,2,-0.001048120923], [1,3,-0.999986986254], [2,3,0.999996733242], [3,3,2.000000000000], [4,3,-0.999992786513], [5,3,-0.003604188527], [2,4,-0.999999228454], [3,4,-0.999992786513], [4,4,2.000000000000], [5,4,-0.000194091632], [6,4,0.999971418477], [9,4,0.709550049065], [10,4,-0.001865979111], [2,5,-0.001048120923], [3,5,-0.003604188527], [4,5,-0.000194091632], [5,5,2.000000000000], [18,5,0.705824110222], [21,5,0.999977174800], [37,5,0.001844789029], [4,6,0.999971418477], [6,6,2.000000000000], [7,6,0.003947369133], [8,6,0.711353599177], [9,6,0.704202174783], [10,6,-0.009426483314], [6,7,0.003947369133], [7,7,2.000000000000], [8,7,0.705636802152], [9,7,0.707214227494], [15,7,-0.004537819917], [23,7,0.003307493394], [24,7,0.000019632624], [25,7,-0.703488954225], [26,7,-0.999997403451], [6,8,0.711353599177], [7,8,0.705636802152], [8,8,2.000000000000], [20,8,0.704396139437], [23,8,0.706235945869], [27,8,-0.003772335647], [28,8,-0.709768138631], [29,8,-0.705615380945], [4,9,0.709550049065], [6,9,0.704202174783], [7,9,0.707214227494], [9,9,2.000000000000], [10,9,0.703329809423], [15,9,-0.710201250122], [23,9,0.709334557811], [24,9,0.707013202885], [25,9,0.004951396089], [26,9,-0.705601256004], [4,10,-0.001865979111], [6,10,-0.009426483314], [9,10,0.703329809423], [10,10,2.000000000000], [25,10,0.707372506966], [28,10,0.999999932173], [30,10,0.705808293570], [44,10,0.002376791802], [48,10,-0.006796831831], [49,10,-0.711500847621], [0,11,-0.000671874194], [11,11,2.000000000000], [12,11,0.708857163009], [13,11,-0.002998484133], [11,12,0.708857163009], [12,12,2.000000000000], [13,12,0.703223387840], [33,12,0.707072954691], [34,12,-0.703672624411], [35,12,0.007179659916], [11,13,-0.002998484133], [12,13,0.703223387840], [13,13,2.000000000000], [35,13,0.705901733966], [38,13,0.999995121754], [41,13,0.705922873675], [54,13,-0.003272335062], [55,13,-0.002281145520], [56,13,-0.709814503333], [14,14,2.000000000000], [15,14,0.999992011898], [16,14,-0.707454610289], [17,14,-0.004486798391], [18,14,0.710415810484], [19,14,-0.002303466197], [20,14,-0.999985624421], [21,14,-0.009634734973], [22,14,-0.003592866411], [7,15,-0.004537819917], [9,15,-0.710201250122], [14,15,0.999992011898], [15,15,2.000000000000], [16,15,-0.710273885456], [17,15,-0.008483738645], [18,15,0.707597106691], [19,15,-0.006300453520], [23,15,-0.999999243137], [24,15,-0.999989792939], [25,15,-0.707506568366], [26,15,0.002258996058], [14,16,-0.707454610289], [15,16,-0.710273885456], [16,16,2.000000000000], [17,16,0.709925873065], [18,16,-0.005182695086], [19,16,0.708386503664], [36,16,0.703608841665], [37,16,0.708184719157], [38,16,-0.706573341679], [39,16,-0.003783620761], [40,16,-0.707837363506], [14,17,-0.004486798391], [15,17,-0.008483738645], [16,17,0.709925873065], [17,17,2.000000000000], [18,17,0.700587617135], [19,17,0.999997616503], [33,17,-0.002347625265], [36,17,0.000939890155], [41,17,-0.711476902013], [42,17,-0.699664177355], [43,17,-0.999955075754], [5,18,0.705824110222], [14,18,0.710415810484], [15,18,0.707597106691], [16,18,-0.005182695086], [17,18,0.700587617135], [18,18,2.000000000000], [19,18,0.702143907806], [21,18,0.710594195641], [37,18,0.709688020799], [14,19,-0.002303466197], [15,19,-0.006300453520], [16,19,0.708386503664], [17,19,0.999997616503], [18,19,0.702143907806], [19,19,2.000000000000], [39,19,0.708499952109], [51,19,-0.005521686863], [54,19,-0.002416752023], [57,19,0.004385942335], [58,19,-0.710861036913], [59,19,-0.999923672720], [60,19,-0.999982703452], [8,20,0.704396139437], [14,20,-0.999985624421], [20,20,2.000000000000], [21,20,0.004272854055], [22,20,-0.001769141921], [23,20,0.999996632143], [27,20,0.707144802351], [28,20,0.000055269725], [29,20,0.005933021688], [5,21,0.999977174800], [14,21,-0.009634734973], [18,21,0.710594195641], [20,21,0.004272854055], [21,21,2.000000000000], [22,21,0.999981747114], [37,21,0.008601204868], [14,22,-0.003592866411], [20,22,-0.001769141921], [21,22,0.999981747114], [22,22,2.000000000000], [42,22,0.705413986578], [55,22,0.002488392027], [57,22,0.001510385404], [61,22,-0.708067048787], [7,23,0.003307493394], [8,23,0.706235945869], [9,23,0.709334557811], [15,23,-0.999999243137], [20,23,0.999996632143], [23,23,2.000000000000], [24,23,0.999994594971], [25,23,0.708375519485], [26,23,-0.001028661732], [27,23,0.705307348860], [28,23,-0.002540053625], [29,23,0.003337724217], [7,24,0.000019632624], [9,24,0.707013202885], [15,24,-0.999989792939], [23,24,0.999994594971], [24,24,2.000000000000], [25,24,0.710692380483], [26,24,0.002259202965], [30,24,0.704538911405], [31,24,-0.007332297375], [32,24,-0.000913924241], [7,25,-0.703488954225], [9,25,0.004951396089], [10,25,0.707372506966], [15,25,-0.707506568366], [23,25,0.708375519485], [24,25,0.710692380483], [25,25,2.000000000000], [26,25,0.705106710110], [28,25,0.707632797158], [30,25,-0.001458792679], [44,25,0.708520236162], [48,25,-0.711632520356], [49,25,-0.999982843408], [7,26,-0.999997403451], [9,26,-0.705601256004], [15,26,0.002258996058], [23,26,-0.001028661732], [24,26,0.002259202965], [25,26,0.705106710110], [26,26,2.000000000000], [46,26,0.999972609035], [62,26,0.000931246633], [63,26,-0.704794308866], [64,26,-0.999999897443], [8,27,-0.003772335647], [20,27,0.707144802351], [23,27,0.705307348860], [27,27,2.000000000000], [28,27,0.707107840596], [29,27,0.711251818642], [44,27,0.705161973805], [45,27,0.703593585127], [46,27,-0.714822239819], [47,27,-0.005787108908], [8,28,-0.709768138631], [10,28,0.999999932173], [20,28,0.000055269725], [23,28,-0.002540053625], [25,28,0.707632797158], [27,28,0.707107840596], [28,28,2.000000000000], [29,28,0.999982725861], [30,28,0.705547332248], [44,28,0.002745102833], [48,28,-0.007165135095], [49,28,-0.711759606931], [8,29,-0.705615380945], [20,29,0.005933021688], [23,29,0.003337724217], [27,29,0.711251818642], [28,29,0.999982725861], [29,29,2.000000000000], [47,29,0.707041622684], [62,29,-0.003240309599], [65,29,-0.709214635477], [66,29,-0.999942403777], [10,30,0.705808293570], [24,30,0.704538911405], [25,30,-0.001458792679], [28,30,0.705547332248], [30,30,2.000000000000], [31,30,0.704480393599], [32,30,0.709021167821], [44,30,-0.706723328404], [48,30,0.703589265224], [49,30,-0.004398946617], [24,31,-0.007332297375], [30,31,0.704480393599], [31,31,2.000000000000], [32,31,0.999979401893], [45,31,0.006459044904], [48,31,0.008669527721], [50,31,-0.999917065462], [24,32,-0.000913924241], [30,32,0.709021167821], [31,32,0.999979401893], [32,32,2.000000000000], [49,32,0.708299320835], [50,32,0.999979129963], [12,33,0.707072954691], [17,33,-0.002347625265], [33,33,2.000000000000], [34,33,0.004892730694], [35,33,0.712198923508], [36,33,0.999994596119], [41,33,0.704377827998], [42,33,-0.712827341984], [43,33,-0.007131192017], [12,34,-0.703672624411], [33,34,0.004892730694], [34,34,2.000000000000], [35,34,0.705453896691], [51,34,0.000464682480], [52,34,-0.999999985827], [53,34,-0.705861826185], [12,35,0.007179659916], [13,35,0.705901733966], [33,35,0.712198923508], [34,35,0.705453896691], [35,35,2.000000000000], [38,35,0.703685860340], [41,35,-0.003375638408], [54,35,-0.710615932895], [55,35,-0.709918199950], [56,35,-0.999984657496], [16,36,0.703608841665], [17,36,0.000939890155], [33,36,0.999994596119], [36,36,2.000000000000], [37,36,0.999979132484], [38,36,0.005688760472], [39,36,0.707920226604], [40,36,0.003900934235], [41,36,0.702040462767], [42,36,-0.715129152028], [43,36,-0.010418581681], [5,37,0.001844789029], [16,37,0.708184719157], [18,37,0.709688020799], [21,37,0.008601204868], [36,37,0.999979132484], [37,37,2.000000000000], [38,37,-0.000771485623], [39,37,0.703342641369], [40,37,-0.002559329932], [13,38,0.999995121754], [16,38,-0.706573341679], [35,38,0.703685860340], [36,38,0.005688760472], [37,38,-0.000771485623], [38,38,2.000000000000], [39,38,0.710308158909], [40,38,0.999998401802], [41,38,0.708131794265], [54,38,-0.000148801275], [55,38,0.000842392029], [56,38,-0.707610858398], [16,39,-0.003783620761], [19,39,0.708499952109], [36,39,0.707920226604], [37,39,0.703342641369], [38,39,0.710308158909], [39,39,2.000000000000], [40,39,0.709048575214], [51,39,0.701787986779], [54,39,0.703996530342], [57,39,-0.702596632291], [58,39,-0.007295636910], [59,39,-0.717165009261], [60,39,-0.712638381237], [16,40,-0.707837363506], [36,40,0.003900934235], [37,40,-0.002559329932], [38,40,0.999998401802], [39,40,0.709048575214], [40,40,2.000000000000], [53,40,0.702824115279], [58,40,0.710313834253], [67,40,-0.007956413415], [69,40,-0.711899961038], [13,41,0.705922873675], [17,41,-0.711476902013], [33,41,0.704377827998], [35,41,-0.003375638408], [36,41,0.702040462767], [38,41,0.708131794265], [41,41,2.000000000000], [42,41,-0.004271250306], [43,41,0.704784140412], [54,41,0.705974901373], [55,41,0.706676554157], [56,41,-0.002163765561], [17,42,-0.699664177355], [22,42,0.705413986578], [33,42,-0.712827341984], [36,42,-0.715129152028], [41,42,-0.004271250306], [42,42,2.000000000000], [43,42,0.706405036995], [55,42,0.710548685029], [57,42,0.709860171471], [61,42,0.001032169219], [17,43,-0.999955075754], [33,43,-0.007131192017], [36,43,-0.010418581681], [41,43,0.704784140412], [42,43,0.706405036995], [43,43,2.000000000000], [56,43,0.710945144631], [59,43,0.999987198787], [61,43,0.707078323071], [70,43,-0.704471162965], [71,43,-0.999968681983], [10,44,0.002376791802], [25,44,0.708520236162], [27,44,0.705161973805], [28,44,0.002745102833], [30,44,-0.706723328404], [44,44,2.000000000000], [45,44,0.999997558960], [46,44,-0.008225017770], [47,44,0.704953531831], [48,44,-0.999990231418], [49,44,-0.704374342689], [27,45,0.703593585127], [31,45,0.006459044904], [44,45,0.999997558960], [45,45,2.000000000000], [46,45,-0.006015530616], [47,45,0.706518936263], [48,45,0.999997556743], [50,45,0.006419971943], [26,46,0.999972609035], [27,46,-0.714822239819], [44,46,-0.008225017770], [45,46,-0.006015530616], [46,46,2.000000000000], [47,46,0.703431246884], [62,46,0.008332648860], [63,46,-0.699524342046], [64,46,-0.999969154412], [27,47,-0.005787108908], [29,47,0.707041622684], [44,47,0.704953531831], [45,47,0.706518936263], [46,47,0.703431246884], [47,47,2.000000000000], [62,47,0.704877187405], [65,47,-0.002893269084], [66,47,-0.714590707264], [10,48,-0.006796831831], [25,48,-0.711632520356], [28,48,-0.007165135095], [30,48,0.703589265224], [31,48,0.008669527721], [44,48,-0.999990231418], [45,48,0.999997556743], [48,48,2.000000000000], [49,48,0.707504958567], [50,48,0.004209457103], [10,49,-0.711500847621], [25,49,-0.999982843408], [28,49,-0.711759606931], [30,49,-0.004398946617], [32,49,0.708299320835], [44,49,-0.704374342689], [48,49,0.707504958567], [49,49,2.000000000000], [50,49,0.703723906392], [31,50,-0.999917065462], [32,50,0.999979129963], [45,50,0.006419971943], [48,50,0.004209457103], [49,50,0.703723906392], [50,50,2.000000000000], [19,51,-0.005521686863], [34,51,0.000464682480], [39,51,0.701787986779], [51,51,2.000000000000], [52,51,-0.000633047040], [53,51,0.708021470028], [54,51,0.999995179614], [57,51,-0.999999355026], [58,51,0.707246916245], [59,51,-0.006833655851], [60,51,-0.000359883184], [34,52,-0.999999985827], [51,52,-0.000633047040], [52,52,2.000000000000], [53,52,0.705742555204], [67,52,0.003845528670], [68,52,-0.707631293931], [34,53,-0.705861826185], [40,53,0.702824115279], [51,53,0.708021470028], [52,53,0.705742555204], [53,53,2.000000000000], [58,53,-0.001492603455], [67,53,0.705749188525], [69,53,-0.000763354471], [13,54,-0.003272335062], [19,54,-0.002416752023], [35,54,-0.710615932895], [38,54,-0.000148801275], [39,54,0.703996530342], [41,54,0.705974901373], [51,54,0.999995179614], [54,54,2.000000000000], [55,54,0.999999508768], [56,54,0.706707629950], [57,54,-0.999998061122], [58,54,0.705048407111], [59,54,-0.009938505968], [60,54,-0.003464836805], [13,55,-0.002281145520], [22,55,0.002488392027], [35,55,-0.709918199950], [38,55,0.000842392029], [41,55,0.706676554157], [42,55,0.710548685029], [54,55,0.999999508768], [55,55,2.000000000000], [56,55,0.706006007917], [57,55,0.999999521750], [61,55,0.704381073085], [13,56,-0.709814503333], [35,56,-0.999984657496], [38,56,-0.707610858398], [41,56,-0.002163765561], [43,56,0.710945144631], [54,56,0.706707629950], [55,56,0.706006007917], [56,56,2.000000000000], [59,56,0.714494382820], [61,56,0.005402834854], [70,56,-0.001722690450], [71,56,-0.705357216248], [19,57,0.004385942335], [22,57,0.001510385404], [39,57,-0.702596632291], [42,57,0.709860171471], [51,57,-0.999999355026], [54,57,-0.999998061122], [55,57,0.999999521750], [57,57,2.000000000000], [58,57,-0.706443516898], [59,57,0.007969383205], [60,57,0.001495641159], [61,57,0.705074948158], [19,58,-0.710861036913], [39,58,-0.007295636910], [40,58,0.710313834253], [51,58,0.707246916245], [53,58,-0.001492603455], [54,58,0.705048407111], [57,58,-0.706443516898], [58,58,2.000000000000], [59,58,0.702117028866], [60,58,0.706712046297], [67,58,-0.709514386858], [69,58,-0.999997455327], [19,59,-0.999923672720], [39,59,-0.717165009261], [43,59,0.999987198787], [51,59,-0.006833655851], [54,59,-0.009938505968], [56,59,0.714494382820], [57,59,0.007969383205], [58,59,0.702117028866], [59,59,2.000000000000], [60,59,0.999979044863], [61,59,0.703491260859], [70,59,-0.700870991760], [71,59,-0.999915836209], [19,60,-0.999982703452], [39,60,-0.712638381237], [51,60,-0.000359883184], [54,60,-0.003464836805], [57,60,0.001495641159], [58,60,0.706712046297], [59,60,0.999979044863], [60,60,2.000000000000], [71,60,0.999978872623], [73,60,0.704227393940], [87,60,-0.000435395955], [90,60,-0.006092510814], [91,60,-0.002019596132], [92,60,-0.708046696333], [22,61,-0.708067048787], [42,61,0.001032169219], [43,61,0.707078323071], [55,61,0.704381073085], [56,61,0.005402834854], [57,61,0.705074948158], [59,61,0.703491260859], [61,61,2.000000000000], [70,61,-0.999993228183], [71,61,-0.712652610481], [26,62,0.000931246633], [29,62,-0.003240309599], [46,62,0.008332648860], [47,62,0.704877187405], [62,62,2.000000000000], [63,62,0.708755070636], [64,62,-0.000478351993], [65,62,0.707286998569], [66,62,-0.007492440498], [26,63,-0.704794308866], [46,63,-0.699524342046], [62,63,0.708755070636], [63,63,2.000000000000], [64,63,0.705115525420], [66,63,0.710745144513], [80,63,-0.713369535986], [81,63,-0.999989403733], [82,63,-0.704540151578], [26,64,-0.999999897443], [46,64,-0.999969154412], [62,64,-0.000478351993], [63,64,0.705115525420], [64,64,2.000000000000], [75,64,0.707880100044], [78,64,0.999999479938], [91,64,0.000632391330], [93,64,-0.003488640113], [29,65,-0.709214635477], [47,65,-0.002893269084], [62,65,0.707286998569], [65,65,2.000000000000], [66,65,0.701607369582], [72,65,-0.711508540416], [77,65,-0.999977774814], [78,65,-0.707985393049], [79,65,-0.706920883236], [29,66,-0.999942403777], [47,66,-0.714590707264], [62,66,-0.007492440498], [63,66,0.710745144513], [65,66,0.701607369582], [66,66,2.000000000000], [80,66,-0.014054853504], [81,66,-0.713975959454], [82,66,-0.999961438850], [40,67,-0.007956413415], [52,67,0.003845528670], [53,67,0.705749188525], [58,67,-0.709514386858], [67,67,2.000000000000], [68,67,0.703855438137], [69,67,0.707922829148], [52,68,-0.707631293931], [67,68,0.703855438137], [68,68,2.000000000000], [70,68,-0.000571499598], [86,68,0.707043737667], [40,69,-0.711899961038], [53,69,-0.000763354471], [58,69,-0.999997455327], [67,69,0.707922829148], [69,69,2.000000000000], [86,69,0.704738479461], [87,69,0.706213510555], [88,69,-0.711211499205], [89,69,-0.000542611202], [43,70,-0.704471162965], [56,70,-0.001722690450], [59,70,-0.700870991760], [61,70,-0.999993228183], [68,70,-0.000571499598], [70,70,2.000000000000], [71,70,0.710066088243], [86,70,-0.707573778813], [43,71,-0.999968681983], [56,71,-0.705357216248], [59,71,-0.999915836209], [60,71,0.999978872623], [61,71,-0.712652610481], [70,71,0.710066088243], [71,71,2.000000000000], [73,71,0.708827584935], [87,71,-0.006935717536], [90,71,0.000407828658], [91,71,0.004480764676], [92,71,-0.703441426646], [65,72,-0.711508540416], [72,72,2.000000000000], [73,72,-0.713543359235], [74,72,-0.003746208950], [75,72,0.701739290850], [76,72,-0.005591475032], [77,72,0.706807924312], [78,72,0.007487813500], [79,72,0.005981664891], [60,73,0.704227393940], [71,73,0.708827584935], [72,73,-0.713543359235], [73,73,2.000000000000], [74,73,0.703279238487], [75,73,-0.001582378663], [76,73,0.704589879834], [87,73,-0.710281041291], [90,73,0.705670801031], [91,73,0.708550787994], [92,73,0.002733693204], [72,74,-0.003746208950], [73,74,0.703279238487], [74,74,2.000000000000], [75,74,0.709799972688], [76,74,0.999998297459], [77,74,0.710048398065], [90,74,0.007427075453], [93,74,0.000766845752], [94,74,-0.710769521628], [64,75,0.707880100044], [72,75,0.701739290850], [73,75,-0.001582378663], [74,75,0.709799972688], [75,75,2.000000000000], [76,75,0.708498939107], [78,75,0.707159368540], [91,75,0.706780131672], [93,75,0.703858778497], [72,76,-0.005591475032], [73,76,0.704589879834], [74,76,0.999998297459], [75,76,0.708498939107], [76,76,2.000000000000], [92,76,0.707685971434], [101,76,0.002115998949], [102,76,0.006753278537], [65,77,-0.999977774814], [72,77,0.706807924312], [74,77,0.710048398065], [77,77,2.000000000000], [78,77,0.712678126267], [79,77,0.711620744240], [90,77,-0.698859871392], [93,77,0.704697166293], [94,77,-0.009362045385], [64,78,0.999999479938], [65,78,-0.707985393049], [72,78,0.007487813500], [75,78,0.707159368540], [77,78,0.712678126267], [78,78,2.000000000000], [79,78,0.999998865707], [91,78,-0.000387473015], [93,78,-0.004508496313], [65,79,-0.706920883236], [72,79,0.005981664891], [77,79,0.711620744240], [78,79,0.999998865707], [79,79,2.000000000000], [94,79,0.709195252490], [96,79,0.708880248534], [103,79,0.003948625249], [63,80,-0.713369535986], [66,80,-0.014054853504], [80,80,2.000000000000], [81,80,0.710135883205], [82,80,0.005273333338], [83,80,0.705023692357], [84,80,-0.011322269128], [85,80,-0.006299037277], [63,81,-0.999989403733], [66,81,-0.713975959454], [80,81,0.710135883205], [81,81,2.000000000000], [82,81,0.707799640991], [84,81,0.712059866950], [95,81,0.709534332620], [99,81,0.001125804691], [63,82,-0.704540151578], [66,82,-0.999961438850], [80,82,0.005273333338], [81,82,0.707799640991], [82,82,2.000000000000], [97,82,0.999995632162], [99,82,0.705615949993], [80,83,0.705023692357], [83,83,2.000000000000], [84,83,0.701155825460], [85,83,0.704728711266], [95,83,0.705629098721], [96,83,-0.999981147930], [97,83,-0.703358182072], [98,83,-0.000786450565], [80,84,-0.011322269128], [81,84,0.712059866950], [83,84,0.701155825460], [84,84,2.000000000000], [85,84,0.999987382591], [95,84,0.010468290764], [99,84,-0.701316669543], [80,85,-0.006299037277], [83,85,0.704728711266], [84,85,0.999987382591], [85,85,2.000000000000], [98,85,0.710030895071], [68,86,0.707043737667], [69,86,0.704738479461], [70,86,-0.707573778813], [86,86,2.000000000000], [87,86,0.999997834259], [88,86,-0.002478225130], [89,86,0.709084673794], [60,87,-0.000435395955], [69,87,0.706213510555], [71,87,-0.006935717536], [73,87,-0.710281041291], [86,87,0.999997834259], [87,87,2.000000000000], [88,87,-0.004559433507], [89,87,0.707615621206], [90,87,-0.999978693046], [91,87,-0.999996986505], [92,87,-0.705857267401], [69,88,-0.711211499205], [86,88,-0.002478225130], [87,88,-0.004559433507], [88,88,2.000000000000], [89,88,0.703363903798], [100,88,0.005006753705], [69,89,-0.000542611202], [86,89,0.709084673794], [87,89,0.707615621206], [88,89,0.703363903798], [89,89,2.000000000000], [100,89,0.707299471434], [101,89,-0.709775964148], [60,90,-0.006092510814], [71,90,0.000407828658], [73,90,0.705670801031], [74,90,0.007427075453], [77,90,-0.698859871392], [87,90,-0.999978693046], [90,90,2.000000000000], [91,90,0.999991705547], [92,90,0.710466291064], [93,90,-0.999966429455], [94,90,-0.708684506708], [60,91,-0.002019596132], [64,91,0.000632391330], [71,91,0.004480764676], [73,91,0.708550787994], [75,91,0.706780131672], [78,91,-0.000387473015], [87,91,-0.999996986505], [90,91,0.999991705547], [91,91,2.000000000000], [92,91,0.707594143227], [93,91,0.999991508533], [60,92,-0.708046696333], [71,92,-0.703441426646], [73,92,0.002733693204], [76,92,0.707685971434], [87,92,-0.705857267401], [90,92,0.710466291064], [91,92,0.707594143227], [92,92,2.000000000000], [101,92,0.708022997185], [102,92,0.711290205224], [64,93,-0.003488640113], [74,93,0.000766845752], [75,93,0.703858778497], [77,93,0.704697166293], [78,93,-0.004508496313], [90,93,-0.999966429455], [91,93,0.999991508533], [93,93,2.000000000000], [94,93,0.702879711665], [74,94,-0.710769521628], [77,94,-0.009362045385], [79,94,0.709195252490], [90,94,-0.708684506708], [93,94,0.702879711665], [94,94,2.000000000000], [96,94,0.005469113462], [103,94,0.707806973301], [81,95,0.709534332620], [83,95,0.705629098721], [84,95,0.010468290764], [95,95,2.000000000000], [96,95,-0.701264865035], [97,95,0.007374880504], [98,95,0.708026220551], [99,95,0.705469217542], [79,96,0.708880248534], [83,96,-0.999981147930], [94,96,0.005469113462], [95,96,-0.701264865035], [96,96,2.000000000000], [97,96,0.707709695173], [98,96,0.006926774565], [103,96,-0.702524253590], [82,97,0.999995632162], [83,97,-0.703358182072], [95,97,0.007374880504], [96,97,0.707709695173], [97,97,2.000000000000], [98,97,0.711388548911], [99,97,0.703518535970], [83,98,-0.000786450565], [85,98,0.710030895071], [95,98,0.708026220551], [96,98,0.006926774565], [97,98,0.711388548911], [98,98,2.000000000000], [81,99,0.001125804691], [82,99,0.705615949993], [84,99,-0.701316669543], [95,99,0.705469217542], [97,99,0.703518535970], [99,99,2.000000000000], [88,100,0.005006753705], [89,100,0.707299471434], [100,100,2.000000000000], [101,100,-0.999993842016], [76,101,0.002115998949], [89,101,-0.709775964148], [92,101,0.708022997185], [100,101,-0.999993842016], [101,101,2.000000000000], [102,101,0.999989247608], [76,102,0.006753278537], [92,102,0.711290205224], [101,102,0.999989247608], [102,102,2.000000000000], [103,102,0.999997085101], [79,103,0.003948625249], [94,103,0.707806973301], [96,103,-0.702524253590], [102,103,0.999997085101], [103,103,2.000000000000], ]
},
"Minv": {
"shape": [147, 147],
"data": [[0,0,1.000000000000], [1,1,1.000000000000], [2,2,2.000000000000], [3,3,1.000000000000], [4,4,1.000000000000], [5,5,2.000000000000], [6,6,1.000000000000], [7,7,1.000000000000], [8,8,2.000000000000], [9,9,1.000000000000], [10,10,1.000000000000], [11,11,2.000000000000], [12,12,1.000000000000], [13,13,1.000000000000], [14,14,2.000000000000], [15,15,1.000000000000], [16,16,1.000000000000], [17,17,2.000000000000], [18,18,1.000000000000], [19,19,1.000000000000], [20,20,2.000000000000], [21,21,1.000000000000], [22,22,1.000000000000], [23,23,2.000000000000], [24,24,1.000000000000], [25,25,1.000000000000], [26,26,2.000000000000], [27,27,1.000000000000], [28,28,1.000000000000], [29,29,2.000000000000], [30,30,1.000000000000], [31,31,1.000000000000], [32,32,2.000000000000], [33,33,1.000000000000], [34,34,1.000000000000], [35,35,2.000000000000], [36,36,1.000000000000], [37,37,1.000000000000], [38,38,2.000000000000], [39,39,1.000000000000], [40,40,1.000000000000], [41,41,2.000000000000], [42,42,1.000000000000], [43,43,1.000000000000], [44,44,2.000000000000], [45,45,1.000000000000], [46,46,1.000000000000], [47,47,2.000000000000], [48,48,1.000000000000], [49,49,1.000000000000], [50,50,2.000000000000], [51,51,1.000000000000], [52,52,1.000000000000], [53,53,2.000000000000], [54,54,1.000000000000], [55,55,1.000000000000], [56,56,2.000000000000], [57,57,1.000000000000], [58,58,1.000000000000], [59,59,2.000000000000], [60,60,1.000000000000], [61,61,1.000000000000], [62,62,2.000000000000], [63,63,1.000000000000], [64,64,1.000000000000], [65,65,2.000000000000], [66,66,1.000000000000], [67,67,1.000000000000], [68,68,2.000000000000], [69,69,1.000000000000], [70,70,1.000000000000], [71,71,2.000000000000], [72,72,1.000000000000], [73,73,1.000000000000], [74,74,2.000000000000], [75,75,1.000000000000], [76,76,1.000000000000], [77,77,2.000000000000], [78,78,1.000000000000], [79,79,1.000000000000], [80,80,2.000000000000], [81,81,1.000000000000], [82,82,1.000000000000], [83,83,2.000000000000], [84,84,1.000000000000], [85,85,1.000000000000], [86,86,2.000000000000], [87,87,1.000000000000], [88,88,1.000000000000], [89,89,2.000000000000], [90,90,1.000000000000], [91,91,1.000000000000], [92,92,2.000000000000], [93,93,1.000000000000], [94,94,1.000000000000], [95,95,2.000000000000], [96,96,1.000000000000], [97,97,1.000000000000], [98,98,2.000000000000], [99,99,1.000000000000], [100,100,1.000000000000], [101,101,2.000000000000], [102,102,1.000000000000], [103,103,1.000000000000], [104,104,2.000000000000], [105,105,1.000000000000], [106,106,1.000000000000], [107,107,2.000000000000], [108,108,1.000000000000], [109,109,1.000000000000], [110,110,2.000000000000], [111,111,1.000000000000], [112,112,1.000000000000], [113,113,2.000000000000], [114,114,1.000000000000], [115,115,1.000000000000], [116,116,2.000000000000], [117,117,1.000000000000], [118,118,1.000000000000], [119,119,2.000000000000], [120,120,1.000000000000], [121,121,1.000000000000], [122,122,2.000000000000], [123,123,1.000000000000], [124,124,1.000000000000], [125,125,2.000000000000], [126,126,1.000000000000], [127,127,1.000000000000], [128,128,2.000000000000], [129,129,1.000000000000], [130,130,1.000000000000], [131,131,2.000000000000], [132,132,1.000000000000], [133,133,1.000000000000], [134,134,2.000000000000], [135,135,1.000000000000], [136,136,1.000000000000], [137,137,2.000000000000], [138,138,1.000000000000], [139,139,1.000000000000], [140,140,2.000000000000], [141,141,1.000000000000], [142,142,1.000000000000], [143,143,2.000000000000], [144,144,1.000000000000], [145,145,1.000000000000], [146,146,2.000000000000], ]
},
"v0": {
"shape": [147, 1],
"data": [[0,0,-0.171136304315], [1,0,-0.681755690310], [2,0,0.000000000000], [3,0,-0.838686428983], [4,0,-0.164214686326], [5,0,0.000000000000], [6,0,0.139265273876], [7,0,-0.301215805017], [8,0,0.000000000000], [9,0,-0.067225657690], [10,0,-0.646580969041], [11,0,0.000000000000], [12,0,0.242257440618], [13,0,0.893942719628], [14,0,0.000000000000], [15,0,0.175074724017], [16,0,-0.956722380541], [17,0,0.000000000000], [18,0,-0.378323332953], [19,0,0.734049077022], [20,0,0.000000000000], [21,0,-0.645673443764], [22,0,-0.018996611908], [23,0,0.000000000000], [24,0,0.149218820149], [25,0,-0.536512303102], [26,0,0.000000000000], [27,0,0.898952544445], [28,0,0.008727564392], [29,0,0.000000000000], [30,0,0.431212359730], [31,0,-0.426884844954], [32,0,0.000000000000], [33,0,0.092523502703], [34,0,0.001885474916], [35,0,0.000000000000], [36,0,0.383228200777], [37,0,-0.882999988955], [38,0,0.000000000000], [39,0,0.498316861460], [40,0,-0.762590986423], [41,0,0.000000000000], [42,0,0.256888003716], [43,0,-0.006275526360], [44,0,0.000000000000], [45,0,0.494596889553], [46,0,0.702823228030], [47,0,0.000000000000], [48,0,0.673827300804], [49,0,-0.938782545287], [50,0,0.000000000000], [51,0,-0.652481989551], [52,0,-0.804120156108], [53,0,0.000000000000], [54,0,0.504762387231], [55,0,0.806948007431], [56,0,0.000000000000], [57,0,-0.830801438122], [58,0,0.786345094341], [59,0,0.000000000000], [60,0,-0.869678370142], [61,0,0.654668458520], [62,0,0.000000000000], [63,0,0.233942521135], [64,0,-0.058135196076], [65,0,0.000000000000], [66,0,-0.998776992515], [67,0,0.633005883074], [68,0,0.000000000000], [69,0,0.880466614830], [70,0,-0.601196324438], [71,0,0.000000000000], [72,0,-0.375998330388], [73,0,-0.969126729719], [74,0,0.000000000000], [75,0,-0.123689916533], [76,0,-0.173654178520], [77,0,0.000000000000], [78,0,0.313828882670], [79,0,-0.903092944430], [80,0,0.000000000000], [81,0,-0.973289361389], [82,0,0.366817485499], [83,0,0.000000000000], [84,0,0.064674699266], [85,0,0.040305542969], [86,0,0.000000000000], [87,0,-0.824602174952], [88,0,-0.928332687415], [89,0,0.000000000000], [90,0,-0.512194947726], [91,0,-0.539065642319], [92,0,0.000000000000], [93,0,0.918139125398], [94,0,-0.181599469369], [95,0,0.000000000000], [96,0,0.575730071540], [97,0,-0.430216363075], [98,0,0.000000000000], [99,0,-0.682796946584], [100,0,-0.058831620889], [101,0,0.000000000000], [102,0,0.962224545557], [103,0,-0.438819669849], [104,0,0.000000000000], [105,0,0.556403568629], [106,0,0.546337535283], [107,0,0.000000000000], [108,0,-0.595925278202], [109,0,0.181970066673], [110,0,0.000000000000], [111,0,-0.697497115460], [112,0,0.506404044066], [113,0,0.000000000000], [114,0,-0.828774711675], [115,0,0.083136929923], [116,0,0.000000000000], [117,0,-0.869051740389], [118,0,-0.763815987922], [119,0,0.000000000000], [120,0,0.943140420816], [121,0,0.957809438184], [122,0,0.000000000000], [123,0,-0.814668753927], [124,0,-0.272733712635], [125,0,0.000000000000], [126,0,0.348125016581], [127,0,0.349088782857], [128,0,0.000000000000], [129,0,0.159442653899], [130,0,-0.187968231069], [131,0,0.000000000000], [132,0,-0.116426325720], [133,0,0.480737384301], [134,0,0.000000000000], [135,0,0.640724649466], [136,0,-0.983136441466], [137,0,0.000000000000], [138,0,-0.814504087416], [139,0,-0.117536912192], [140,0,0.000000000000], [141,0,-0.905196433292], [142,0,-0.071528498405], [143,0,0.000000000000], [144,0,-0.214326302588], [145,0,0.830807819417], [146,0,0.000000000000], ]
},
"b": {
"shape": [104, 1],
