{
"N": {
"shape": [147, 117],
"data": [[0,0,0.002341426082], [1,0,-0.999997258858], [6,0,-0.002341426082], [7,0,0.999997258858], [0,1,-0.999995256485], [1,1,-0.003080098673], [21,1,0.999995256485], [22,1,0.003080098673], [3,2,0.002550136850], [4,2,-0.999996748396], [6,2,-0.002550136850], [7,2,0.999996748396], [3,3,-0.000680967876], [4,3,-0.999999768141], [9,3,0.000680967876], [10,3,0.999999768141], [3,4,-0.706901158782], [4,4,0.707312343815], [21,4,0.706901158782], [22,4,-0.707312343815], [3,5,-0.999968482911], [4,5,0.007939344066], [24,5,0.999968482911], [25,5,-0.007939344066], [6,6,-0.003912221129], [7,6,-0.999992347234], [9,6,0.003912221129], [10,6,0.999992347234], [6,7,-0.708466369763], [7,7,0.705744573422], [24,7,0.708466369763], [25,7,-0.705744573422], [6,8,-0.999997685410], [7,8,-0.002151551598], [27,8,0.999997685410], [28,8,0.002151551598], [6,9,-0.999999953323], [7,9,-0.000305538792], [48,9,0.999999953323], [49,9,0.000305538792], [9,10,-0.707466728440], [10,10,0.706746650611], [27,10,0.707466728440], [28,10,-0.706746650611], [9,11,-0.999996574873], [10,11,-0.002617296858], [51,11,0.999996574873], [52,11,0.002617296858], [12,12,-0.000913531796], [13,12,-0.999999582730], [15,12,0.000913531796], [16,12,0.999999582730], [12,13,0.002066049840], [13,13,-0.999997865717], [18,13,-0.002066049840], [19,13,0.999997865717], [12,14,-0.707591758080], [13,14,-0.706621471438], [36,14,0.707591758080], [37,14,0.706621471438], [15,15,0.005051850801], [16,15,-0.999987239320], [18,15,-0.005051850801], [19,15,0.999987239320], [15,16,-0.999999811453], [16,16,0.000614079407], [36,16,0.999999811453], [37,16,-0.000614079407], [18,17,-0.709352750045], [19,17,0.704853655736], [36,17,0.709352750045], [37,17,-0.704853655736], [21,18,-0.004847757100], [22,18,-0.999988249557], [24,18,0.004847757100], [25,18,0.999988249557], [21,19,0.002166628785], [22,19,-0.999997652857], [27,19,-0.002166628785], [28,19,0.999997652857], [24,20,0.009089858513], [25,20,-0.999958686383], [27,20,-0.009089858513], [28,20,0.999958686383], [27,21,-0.003697474547], [28,21,-0.999993164318], [33,21,0.003697474547], [34,21,0.999993164318], [27,22,-0.707177882194], [28,22,0.707035673029], [45,22,0.707177882194], [46,22,-0.707035673029], [27,23,-0.999998834944], [28,23,0.001526469714], [48,23,0.999998834944], [49,23,-0.001526469714], [27,24,-0.709107655986], [28,24,-0.705100228494], [51,24,0.709107655986], [52,24,0.705100228494], [30,25,-0.003477865255], [31,25,-0.999993952208], [33,25,0.003477865255], [34,25,0.999993952208], [30,26,-0.001632097850], [31,26,-0.999998668127], [36,26,0.001632097850], [37,26,0.999998668127], [30,27,-0.999999883769], [31,27,0.000482142243], [51,27,0.999999883769], [52,27,-0.000482142243], [30,28,-0.705618902839], [31,28,-0.708591535340], [54,28,0.705618902839], [55,28,0.708591535340], [30,29,-0.999999985955], [31,29,0.000167598094], [72,29,0.999999985955], [73,29,-0.000167598094], [33,30,0.000193994986], [34,30,-0.999999981183], [36,30,-0.000193994986], [37,30,0.999999981183], [33,31,-0.707687190565], [34,31,0.706525895003], [51,31,0.707687190565], [52,31,-0.706525895003], [33,32,-0.999999991381], [34,32,-0.000131293372], [75,32,0.999999991381], [76,32,0.000131293372], [39,33,-0.710098731977], [40,33,0.704102116773], [57,33,0.710098731977], [58,33,-0.704102116773], [39,34,-0.999998898845], [40,34,0.001484017738], [60,34,0.999998898845], [61,34,-0.001484017738], [42,35,-0.999999968045], [43,35,0.000252805621], [63,35,0.999999968045], [64,35,-0.000252805621], [45,36,-0.000535838318], [46,36,-0.999999856439], [48,36,0.000535838318], [49,36,0.999999856439], [45,37,0.000546561233], [46,37,-0.999999850635], [51,37,-0.000546561233], [52,37,0.999999850635], [45,38,-0.704891083340], [46,38,-0.709315557864], [69,38,0.704891083340], [70,38,0.709315557864], [48,39,0.001632744089], [49,39,-0.999998667072], [51,39,-0.001632744089], [52,39,0.999998667072], [48,40,0.003140948265], [49,40,-0.999995067210], [54,40,-0.003140948265], [55,40,0.999995067210], [48,41,-0.999997310765], [49,41,0.002319151420], [90,41,0.999997310765], [91,41,-0.002319151420], [51,42,0.004648748216], [52,42,-0.999989194512], [54,42,-0.004648748216], [55,42,0.999989194512], [51,43,-0.999999989322], [52,43,-0.000146138251], [72,43,0.999999989322], [73,43,0.000146138251], [51,44,-0.708471126660], [52,44,-0.705739798148], [75,44,0.708471126660], [76,44,0.705739798148], [54,45,-0.709689316263], [55,45,0.704514779392], [72,45,0.709689316263], [73,45,-0.704514779392], [54,46,-0.999988285143], [55,46,0.004840410769], [75,46,0.999988285143], [76,46,-0.004840410769], [54,47,-0.710397633148], [55,47,-0.703800541927], [78,47,0.710397633148], [79,47,0.703800541927], [54,48,-0.999998565015], [55,48,0.001694098063], [96,48,0.999998565015], [97,48,-0.001694098063], [57,49,-0.000717277443], [58,49,-0.999999742757], [60,49,0.000717277443], [61,49,0.999999742757], [57,50,-0.704237863928], [58,50,0.709964105438], [75,50,0.704237863928], [76,50,-0.709964105438], [57,51,-0.708693235254], [58,51,-0.705516759762], [81,51,0.708693235254], [82,51,0.705516759762], [63,52,-0.000364206272], [64,52,-0.999999933677], [66,52,0.000364206272], [67,52,0.999999933677], [63,53,-0.001635411032], [64,53,-0.999998662714], [69,53,0.001635411032], [70,53,0.999998662714], [63,54,-0.999994385053], [64,54,0.003351098743], [84,54,0.999994385053], [85,54,-0.003351098743], [63,55,-0.999996671093], [64,55,0.002580271861], [105,55,0.999996671093], [106,55,-0.002580271861], [66,56,-0.707354497159], [67,56,0.706858978403], [84,56,0.707354497159], [85,56,-0.706858978403], [66,57,-0.999999691168], [67,57,-0.000785915602], [87,57,0.999999691168], [88,57,0.000785915602], [66,58,-0.710656634510], [67,58,-0.703539016563], [90,58,0.710656634510], [91,58,0.703539016563], [66,59,-0.999996820335], [67,59,0.002521769341], [108,59,0.999996820335], [109,59,-0.002521769341], [69,60,-0.705025653386], [70,60,0.709181801845], [87,60,0.705025653386], [88,60,-0.709181801845], [69,61,-0.999964496295], [70,61,0.008426514638], [90,61,0.999964496295], [91,61,-0.008426514638], [69,62,-0.999994672615], [70,62,0.003264160298], [111,62,0.999994672615], [112,62,-0.003264160298], [72,63,0.003573032188], [73,63,-0.999993616700], [75,63,-0.003573032188], [76,63,0.999993616700], [72,64,0.001506929924], [73,64,-0.999998864580], [78,64,-0.001506929924], [79,64,0.999998864580], [72,65,-0.706275383777], [73,65,-0.707937202208], [96,65,0.706275383777], [97,65,0.707937202208], [75,66,-0.000549419001], [76,66,-0.999999849069], [78,66,0.000549419001], [79,66,0.999999849069], [75,67,-0.001681490653], [76,67,-0.999998586294], [81,67,0.001681490653], [82,67,0.999998586294], [78,68,-0.706707462127], [79,68,0.707505874869], [96,68,0.706707462127], [97,68,-0.707505874869], [78,69,-0.999992544895], [79,69,-0.003861366840], [99,69,0.999992544895], [100,69,0.003861366840], [78,70,-0.999991689056], [79,70,-0.004076986505], [120,70,0.999991689056], [121,70,0.004076986505], [81,71,-0.707510986756], [82,71,0.706702344428], [99,71,0.707510986756], [100,71,-0.706702344428], [81,72,-0.999988987298], [82,72,0.004693110132], [102,72,0.999988987298], [103,72,-0.004693110132], [81,73,-0.999999797634], [82,73,0.000636184738], [123,73,0.999999797634], [124,73,-0.000636184738], [87,74,-0.005403069319], [88,74,-0.999985403314], [90,74,0.005403069319], [91,74,0.999985403314], [87,75,-0.705240458423], [88,75,0.708968190967], [105,75,0.705240458423], [106,75,-0.708968190967], [87,76,-0.999983066232], [88,76,0.005819557448], [108,76,0.999983066232], [109,76,-0.005819557448], [87,77,-0.709986347900], [88,77,-0.704215439902], [111,77,0.709986347900], [112,77,0.704215439902], [87,78,-0.999999680897], [88,78,-0.000798877889], [129,78,0.999999680897], [130,78,0.000798877889], [90,79,-0.999999999963], [91,79,-0.000008630972], [132,79,0.999999999963], [133,79,0.000008630972], [93,80,0.000705190896], [94,80,-0.999999751353], [96,80,-0.000705190896], [97,80,0.999999751353], [93,81,-0.003046301141], [94,81,-0.999995360014], [99,81,0.003046301141], [100,81,0.999995360014], [93,82,-0.707884224692], [94,82,0.706328481963], [111,82,0.707884224692], [112,82,-0.706328481963], [93,83,-0.999999966320], [94,83,0.000259538130], [114,83,0.999999966320], [115,83,-0.000259538130], [93,84,-0.708895903676], [94,84,-0.705313120360], [117,84,0.708895903676], [118,84,0.705313120360], [93,85,-0.999999982269], [94,85,0.000188313265], [135,85,0.999999982269], [136,85,-0.000188313265], [96,86,-0.999997677466], [97,86,0.002155240567], [117,86,0.999997677466], [118,86,-0.002155240567], [96,87,-0.703800482629], [97,87,-0.710397691896], [120,87,0.703800482629], [121,87,0.710397691896], [99,88,-0.999990773932], [100,88,-0.004295584995], [120,88,0.999990773932], [121,88,0.004295584995], [99,89,-0.704620297584], [100,89,-0.709584551856], [123,89,0.704620297584], [124,89,0.709584551856], [102,90,-0.999994241452], [103,90,-0.003393679726], [123,90,0.999994241452], [124,90,0.003393679726], [105,91,-0.002859125955], [106,91,-0.999995912691], [108,91,0.002859125955], [109,91,0.999995912691], [105,92,-0.002237632202], [106,92,-0.999997496498], [111,92,0.002237632202], [112,92,0.999997496498], [105,93,-0.707127216619], [106,93,-0.707086345163], [129,93,0.707127216619], [130,93,0.707086345163], [108,94,-0.708644530923], [109,94,0.705565679999], [126,94,0.708644530923], [127,94,-0.705565679999], [108,95,-0.999972552337], [109,95,-0.007409087165], [129,95,0.999972552337], [130,95,0.007409087165], [111,96,0.000111029920], [112,96,-0.999999993836], [114,96,-0.000111029920], [115,96,0.999999993836], [111,97,0.001160242133], [112,97,-0.999999326919], [117,97,-0.001160242133], [118,97,0.999999326919], [111,98,-0.709847977483], [112,98,0.704354916830], [129,98,0.709847977483], [130,98,-0.704354916830], [111,99,-0.999998200176], [112,99,0.001897272913], [132,99,0.999998200176], [133,99,-0.001897272913], [111,100,-0.707292339888], [112,100,-0.706921173778], [135,100,0.707292339888], [136,100,0.706921173778], [114,101,0.002214348331], [115,101,-0.999997548328], [117,101,-0.002214348331], [118,101,0.999997548328], [114,102,0.003394971905], [115,102,-0.999994237066], [120,102,-0.003394971905], [121,102,0.999994237066], [114,103,-0.705529367077], [115,103,0.708680684224], [132,103,0.705529367077], [133,103,-0.708680684224], [114,104,-0.999999993160], [115,104,0.000116957891], [135,104,0.999999993160], [136,104,-0.000116957891], [114,105,-0.706421691063], [115,105,-0.707791208194], [138,105,0.706421691063], [139,105,0.707791208194], [117,106,0.004561057825], [118,106,-0.999989598322], [120,106,-0.004561057825], [121,106,0.999989598322], [117,107,-0.709668560861], [118,107,0.704535686623], [135,107,0.709668560861], [136,107,-0.704535686623], [117,108,-0.999975217393], [118,108,-0.007040213016], [138,108,0.999975217393], [139,108,0.007040213016], [120,109,-0.709420936828], [121,109,0.704785027076], [138,109,0.709420936828], [139,109,-0.704785027076], [123,110,-0.709579925668], [124,110,0.704624956334], [141,110,0.709579925668], [142,110,-0.704624956334], [126,111,-0.001163502518], [127,111,-0.999999323131], [132,111,0.001163502518], [133,111,0.999999323131], [129,112,0.003045089223], [130,112,-0.999995363705], [132,112,-0.003045089223], [133,112,0.999995363705], [129,113,-0.000032688588], [130,113,-0.999999999466], [135,113,0.000032688588], [136,113,0.999999999466], [132,114,-0.003076468793], [133,114,-0.999995267659], [135,114,0.003076468793], [136,114,0.999995267659], [135,115,0.000045658958], [136,115,-0.999999998958], [138,115,-0.000045658958], [139,115,0.999999998958], [141,116,-0.002887639058], [142,116,-0.999995830762], [144,116,0.002887639058], [145,116,0.999995830762], ]
},
"Q": {
"shape": [117, 117],
"data": [[0,0,2.000000000000], [1,0,0.000738675254], [2,0,0.999999978220], [6,0,-0.999980445936], [7,0,0.707401460513], [8,0,0.000189874962], [9,0,0.002035888019], [0,1,0.000738675254], [1,1,2.000000000000], [4,1,0.704719213774], [18,1,-0.007927796585], [19,1,-0.000913472936], [0,2,0.999999978220], [2,2,2.000000000000], [3,2,0.999994779977], [4,2,-0.709112738610], [5,2,-0.010489374727], [6,2,-0.999979118955], [7,2,0.707548964817], [8,2,0.000398586345], [9,2,0.002244598933], [2,3,0.999994779977], [3,3,2.000000000000], [4,3,-0.706830802838], [5,3,-0.007258395811], [6,3,0.999994779474], [10,3,0.706264724630], [11,3,-0.003298261795], [1,4,0.704719213774], [2,4,-0.709112738610], [3,4,-0.706830802838], [4,4,2.000000000000], [5,4,0.712494475375], [18,4,0.703877147470], [19,4,0.708842276051], [2,5,-0.010489374727], [3,5,-0.007258395811], [4,5,0.712494475375], [5,5,2.000000000000], [7,5,0.714047189956], [18,5,-0.003091646462], [20,5,0.017028588090], [0,6,-0.999980445936], [2,6,-0.999979118955], [3,6,0.999994779474], [6,6,2.000000000000], [7,6,-0.702967495423], [8,6,0.006063747207], [9,6,0.004217757400], [10,6,0.703973475761], [11,6,-0.006529484558], [0,7,0.707401460513], [2,7,0.707548964817], [5,7,0.714047189956], [6,7,-0.702967495423], [7,7,2.000000000000], [8,7,0.706946284089], [9,7,0.708250704350], [18,7,-0.702301807736], [20,7,0.712155275624], [0,8,0.000189874962], [2,8,0.000398586345], [6,8,0.006063747207], [7,8,0.706946284089], [8,8,2.000000000000], [9,8,0.999998296116], [10,8,0.705944489059], [19,8,-0.000015077222], [20,8,-0.006938374764], [21,8,-0.005849002880], [22,8,-0.705655021635], [23,8,-0.999993236079], [24,8,-0.710623074216], [0,9,0.002035888019], [2,9,0.002244598933], [6,9,0.004217757400], [7,9,0.708250704350], [8,9,0.999998296116], [9,9,2.000000000000], [23,9,0.999998321872], [36,9,0.000841377041], [39,9,0.001327205629], [40,9,0.002835410834], [41,9,-0.999996555497], [3,10,0.706264724630], [6,10,0.703973475761], [8,10,0.705944489059], [10,10,2.000000000000], [11,10,0.705614539489], [19,10,-0.708277809554], [20,10,-0.713148224815], [21,10,0.704125979294], [22,10,-0.999999916517], [23,10,-0.708544731560], [24,10,-0.003342848659], [3,11,-0.003298261795], [6,11,-0.006529484558], [10,11,0.705614539489], [11,11,2.000000000000], [24,11,0.710950683815], [27,11,0.999995196733], [31,11,0.705835578641], [37,11,0.002070737107], [39,11,0.000984554873], [42,11,0.002031463716], [43,11,-0.999996946682], [44,11,-0.710315830612], [12,12,2.000000000000], [13,12,0.999995561045], [14,12,0.707267584156], [15,12,-0.999982207029], [16,12,-0.000299452473], [12,13,0.999995561045], [13,13,2.000000000000], [14,13,0.705158043469], [15,13,0.999995542440], [17,13,0.706317709514], [12,14,0.707267584156], [13,14,0.705158043469], [14,14,2.000000000000], [16,14,0.707157702971], [17,14,0.003867432138], [26,14,0.707775389296], [30,14,0.706484188888], [12,15,-0.999982207029], [13,15,0.999995542440], [15,15,2.000000000000], [16,15,-0.005665921420], [17,15,0.708428205583], [12,16,-0.000299452473], [14,16,0.707157702971], [15,16,-0.005665921420], [16,16,2.000000000000], [17,16,0.709785452413], [26,16,0.001018018954], [30,16,-0.000808074345], [13,17,0.706317709514], [14,17,0.003867432138], [15,17,0.708428205583], [16,17,0.709785452413], [17,17,2.000000000000], [26,17,-0.703694983862], [30,17,-0.704991253350], [1,18,-0.007927796585], [4,18,0.703877147470], [5,18,-0.003091646462], [7,18,-0.702301807736], [18,18,2.000000000000], [19,18,0.999975399151], [20,18,-0.999902870999], [1,19,-0.000913472936], [4,19,0.708842276051], [8,19,-0.000015077222], [10,19,-0.708277809554], [18,19,0.999975399151], [19,19,2.000000000000], [20,19,0.999976033686], [21,19,-0.999982806136], [22,19,0.708566205471], [23,19,0.003693092392], [24,19,-0.703562200464], [5,20,0.017028588090], [7,20,0.712155275624], [8,20,-0.006938374764], [10,20,-0.713148224815], [18,20,-0.999902870999], [19,20,0.999976033686], [20,20,2.000000000000], [21,20,-0.999918241462], [22,20,0.713434609720], [23,20,0.010616254573], [24,20,-0.698625409990], [8,21,-0.005849002880], [10,21,0.704125979294], [19,21,-0.999982806136], [20,21,-0.999918241462], [21,21,2.000000000000], [22,21,-0.704416067738], [23,21,0.002171010959], [24,21,0.707717316162], [25,21,0.999999975886], [30,21,-0.999992428209], [31,21,0.703904410042], [32,21,-0.003828766990], [8,22,-0.705655021635], [10,22,-0.999999916517], [19,22,0.708566205471], [20,22,0.713434609720], [21,22,-0.704416067738], [22,22,2.000000000000], [23,22,0.708256326834], [24,22,0.002934235802], [36,22,0.706656638519], [37,22,0.707422083438], [38,22,0.003028019351], [8,23,-0.999993236079], [9,23,0.999998321872], [10,23,-0.708544731560], [19,23,0.003693092392], [20,23,0.010616254573], [21,23,0.002171010959], [22,23,0.708256326834], [23,23,2.000000000000], [24,23,0.708030515692], [36,23,-0.000990631801], [39,23,0.003159209867], [40,23,0.004667406791], [41,23,-0.999999685827], [8,24,-0.710623074216], [10,24,-0.003342848659], [11,24,0.710950683815], [19,24,-0.703562200464], [20,24,-0.698625409990], [21,24,0.707717316162], [22,24,0.002934235802], [23,24,0.708030515692], [24,24,2.000000000000], [27,24,0.708767614960], [31,24,0.003654834869], [37,24,0.704712552422], [39,24,0.703941497313], [42,24,-0.701796146591], [43,24,-0.709210690528], [44,24,-0.999999592891], [21,25,0.999999975886], [25,25,2.000000000000], [26,25,0.999998296560], [27,25,0.002995725523], [28,25,0.711041297392], [29,25,0.003310268125], [30,25,-0.999993258703], [31,25,0.704060381391], [32,25,-0.003609157803], [14,26,0.707775389296], [16,26,0.001018018954], [17,26,-0.703694983862], [25,26,0.999998296560], [26,26,2.000000000000], [27,26,0.001149956060], [28,26,0.709742230681], [29,26,0.001464499956], [30,26,0.999998332692], [11,27,0.999995196733], [24,27,0.708767614960], [25,27,0.002995725523], [26,27,0.001149956060], [27,27,2.000000000000], [28,27,0.705277178912], [29,27,0.999999950531], [31,27,0.708027754290], [37,27,-0.001028703340], [39,27,-0.002114885500], [42,27,0.005130884709], [43,27,-0.999999802632], [44,27,-0.708130777344], [25,28,0.711041297392], [26,28,0.709742230681], [27,28,0.705277178912], [28,28,2.000000000000], [29,28,0.705500134338], [40,28,0.706371727538], [42,28,0.705303634047], [45,28,-0.001556987499], [46,28,-0.702180762516], [47,28,-0.999977105059], [48,28,-0.704417466739], [25,29,0.003310268125], [26,29,0.001464499956], [27,29,0.999999950531], [28,29,0.705500134338], [29,29,2.000000000000], [43,29,0.999999950785], [45,29,0.709807381631], [63,29,0.003740629163], [64,29,0.001674527807], [65,29,-0.706156724932], [14,30,0.706484188888], [16,30,-0.000808074345], [17,30,-0.704991253350], [21,30,-0.999992428209], [25,30,-0.999993258703], [26,30,0.999998332692], [30,30,2.000000000000], [31,30,-0.706663169476], [32,30,-0.000062701615], [11,31,0.705835578641], [21,31,0.703904410042], [24,31,0.003654834869], [25,31,0.704060381391], [27,31,0.708027754290], [30,31,-0.706663169476], [31,31,2.000000000000], [32,31,0.707594422298], [37,31,-0.706912583857], [39,31,-0.707680425333], [42,31,0.709808120211], [43,31,-0.707583932550], [44,31,-0.002752498696], [21,32,-0.003828766990], [25,32,-0.003609157803], [30,32,-0.000062701615], [31,32,0.707594422298], [32,32,2.000000000000], [44,32,0.708563779511], [46,32,0.999987641010], [50,32,0.704144644277], [63,32,-0.003441739624], [66,32,-0.000680712349], [67,32,-0.001812783825], [33,33,2.000000000000], [34,33,0.711142850079], [49,33,0.703592597845], [50,33,-0.999965643657], [51,33,-0.006486323747], [33,34,0.711142850079], [34,34,2.000000000000], [49,34,-0.000766740703], [35,35,2.000000000000], [52,35,-0.000111400656], [53,35,-0.001382605697], [54,35,-0.999995200274], [55,35,-0.999997291445], [9,36,0.000841377041], [22,36,0.706656638519], [23,36,-0.000990631801], [36,36,2.000000000000], [37,36,0.999999414206], [38,36,0.709693163687], [39,36,-0.999997648624], [40,36,-0.999993240609], [41,36,0.001783314210], [11,37,0.002070737107], [22,37,0.707422083438], [24,37,0.704712552422], [27,37,-0.001028703340], [31,37,-0.706912583857], [36,37,0.999999414206], [37,37,2.000000000000], [38,37,0.708930185778], [39,37,0.999999410103], [42,37,-0.999991585974], [43,37,0.000400422998], [44,37,-0.705352469883], [22,38,0.003028019351], [36,38,0.709693163687], [37,38,0.708930185778], [38,38,2.000000000000], [53,38,0.710467395961], [60,38,0.006067388806], [61,38,-0.698888999164], [62,38,-0.702572008430], [9,39,0.001327205629], [11,39,0.000984554873], [23,39,0.003159209867], [24,39,0.703941497313], [27,39,-0.002114885500], [31,39,-0.707680425333], [36,39,-0.999997648624], [37,39,0.999999410103], [39,39,2.000000000000], [40,39,0.999998862654], [41,39,-0.003951888027], [42,39,-0.999995451815], [43,39,0.001486606016], [44,39,-0.704582105403], [9,40,0.002835410834], [23,40,0.004667406791], [28,40,0.706371727538], [36,40,-0.999993240609], [39,40,0.999998862654], [40,40,2.000000000000], [41,40,-0.005460079799], [42,40,0.999998863252], [45,40,0.706740401595], [46,40,0.007981298362], [47,40,-0.701565748013], [48,40,0.004835033465], [9,41,-0.999996555497], [23,41,-0.999999685827], [36,41,0.001783314210], [39,41,-0.003951888027], [40,41,-0.005460079799], [41,41,2.000000000000], [58,41,0.709023109878], [61,41,0.999981349519], [74,41,0.003083937221], [79,41,-0.999997290711], [11,42,0.002031463716], [24,42,-0.701796146591], [27,42,0.005130884709], [28,42,0.705303634047], [31,42,0.709808120211], [37,42,-0.999991585974], [39,42,-0.999995451815], [40,42,0.999998863252], [42,42,2.000000000000], [43,42,-0.004502611495], [44,42,0.702438668398], [45,42,0.707806333708], [46,42,0.009489052223], [47,42,-0.700490477289], [48,42,0.006342821303], [11,43,-0.999996946682], [24,43,-0.709210690528], [27,43,-0.999999802632], [29,43,0.999999950785], [31,43,-0.707583932550], [37,43,0.000400422998], [39,43,0.001486606016], [42,43,-0.004502611495], [43,43,2.000000000000], [44,43,0.708574254674], [45,43,0.709586352128], [63,43,0.003426894832], [64,43,0.001360791823], [65,43,-0.706378832940], [11,44,-0.710315830612], [24,44,-0.999999592891], [27,44,-0.708130777344], [31,44,-0.002752498696], [32,44,0.708563779511], [37,44,-0.705352469883], [39,44,-0.704582105403], [42,44,0.702438668398], [43,44,0.708574254674], [44,44,2.000000000000], [46,44,0.705046756503], [50,44,-0.002117731570], [63,44,0.703203903059], [66,44,-0.706128939129], [67,44,-0.706930088016], [28,45,-0.001556987499], [29,45,0.709807381631], [40,45,0.706740401595], [42,45,0.707806333708], [43,45,0.709586352128], [45,45,2.000000000000], [46,45,0.713091143280], [47,45,0.008323727012], [48,45,0.710881814993], [63,45,0.707046025034], [64,45,0.705583431540], [65,45,-0.002483872370], [28,46,-0.702180762516], [32,46,0.999987641010], [40,46,0.007981298362], [42,46,0.009489052223], [44,46,0.705046756503], [45,46,0.713091143280], [46,46,2.000000000000], [47,46,0.706982627219], [48,46,0.999995050305], [50,46,0.707666131784], [63,46,-0.008413370202], [66,46,0.004290997474], [67,46,0.003158932972], [28,47,-0.999977105059], [40,47,-0.701565748013], [42,47,-0.700490477289], [45,47,0.008323727012], [46,47,0.706982627219], [47,47,2.000000000000], [48,47,0.709204306603], [64,47,0.702729223367], [66,47,0.704190741660], [68,47,-0.004100290274], [69,47,-0.713109969134], [70,47,-0.713261114385], [28,48,-0.704417466739], [40,48,0.004835033465], [42,48,0.006342821303], [45,48,0.710881814993], [46,48,0.999995050305], [47,48,0.709204306603], [48,48,2.000000000000], [65,48,0.705075055240], [68,48,0.707905032344], [80,48,-0.002399287526], [86,48,-0.999999893673], [87,48,-0.702595989332], [33,49,0.703592597845], [34,49,-0.000766740703], [49,49,2.000000000000], [50,49,-0.709458788870], [51,49,0.706024907944], [32,50,0.704144644277], [33,50,-0.999965643657], [44,50,-0.002117731570], [46,50,0.707666131784], [49,50,-0.709458788870], [50,50,2.000000000000], [51,50,-0.001802965041], [63,50,-0.712475838080], [66,50,0.709577076619], [67,50,0.708778932371], [33,51,-0.006486323747], [49,51,0.706024907944], [50,51,-0.001802965041], [51,51,2.000000000000], [67,51,0.706707423420], [71,51,-0.002817902024], [72,51,-0.705374362773], [73,51,-0.708244252843], [35,52,-0.000111400656], [52,52,2.000000000000], [53,52,0.999999192018], [54,52,-0.002986894294], [55,52,-0.002216066630], [56,52,0.706601308578], [57,52,-0.001150121709], [58,52,-0.703797795505], [59,52,0.002157564060], [35,53,-0.001382605697], [38,53,0.710467395961], [52,53,0.999999192018], [53,53,2.000000000000], [54,53,-0.001715692413], [55,53,-0.000944862823], [60,53,0.708027846735], [61,53,0.006791150400], [62,53,0.001628753614], [35,54,-0.999995200274], [52,54,-0.002986894294], [53,54,-0.001715692413], [54,54,2.000000000000], [55,54,0.999999702910], [56,54,0.709719279635], [35,55,-0.999997291445], [52,55,-0.002216066630], [53,55,-0.000944862823], [54,55,0.999999702910], [55,55,2.000000000000], [75,55,0.707067441416], [91,55,-0.000278855123], [92,55,0.000342640648], [93,55,-0.705300387659], [52,56,0.706601308578], [54,56,0.709719279635], [56,56,2.000000000000], [57,56,0.706798747206], [58,56,0.005383295842], [59,56,0.709134783308], [52,57,-0.001150121709], [56,57,0.706798747206], [57,57,2.000000000000], [58,57,0.711209337326], [59,57,0.999994529606], [60,57,0.704468078609], [74,57,-0.006188971780], [75,57,-0.704683051460], [76,57,-0.999978183725], [77,57,-0.710539582535], [78,57,-0.999999999916], [41,58,0.709023109878], [52,58,-0.703797795505], [56,58,0.005383295842], [57,58,0.711209337326], [58,58,2.000000000000], [59,58,0.708880211738], [61,58,0.704703021746], [74,58,0.707368474284], [79,58,-0.710662706709], [52,59,0.002157564060], [56,59,0.709134783308], [57,59,0.999994529606], [58,59,0.708880211738], [59,59,2.000000000000], [76,59,0.999994562202], [91,59,0.000337357831], [94,59,-0.710421551571], [95,59,-0.999950688750], [38,60,0.006067388806], [53,60,0.708027846735], [57,60,0.704468078609], [60,60,2.000000000000], [61,60,0.710976553197], [62,60,0.707336780524], [74,60,0.705362147664], [75,60,-0.999999954115], [76,60,-0.709140838882], [77,60,-0.001141814266], [78,60,-0.704458878749], [38,61,-0.698888999164], [41,61,0.999981349519], [53,61,0.006791150400], [58,61,0.704703021746], [60,61,0.710976553197], [61,61,2.000000000000], [62,61,0.999986674594], [74,61,-0.003023514148], [79,61,-0.999964423529], [38,62,-0.702572008430], [53,62,0.001628753614], [60,62,0.707336780524], [61,62,0.999986674594], [62,62,2.000000000000], [77,62,0.707683893449], [82,62,0.710186022909], [92,62,-0.001026531845], [96,62,0.003375189606], [97,62,0.004424394053], [98,62,-0.712143323205], [99,62,-0.999999065803], [100,62,-0.704981067840], [29,63,0.003740629163], [32,63,-0.003441739624], [43,63,0.003426894832], [44,63,0.703203903059], [45,63,0.707046025034], [46,63,-0.008413370202], [50,63,-0.712475838080], [63,63,2.000000000000], [64,63,0.999997865597], [65,63,0.705409138552], [66,63,-0.999991502679], [67,63,-0.999986194983], [29,64,0.001674527807], [43,64,0.001360791823], [45,64,0.705583431540], [47,64,0.702729223367], [63,64,0.999997865597], [64,64,2.000000000000], [65,64,0.706872090892], [66,64,0.999997885714], [68,64,0.708570030175], [69,64,-0.002354443766], [70,64,-0.002570064475], [29,65,-0.706156724932], [43,65,-0.706378832940], [45,65,-0.002483872370], [48,65,0.705075055240], [63,65,0.705409138552], [64,65,0.706872090892], [65,65,2.000000000000], [68,65,-0.001739645569], [80,65,0.707438967211], [86,65,-0.704747968452], [87,65,-0.999993910427], [32,66,-0.000680712349], [44,66,-0.706128939129], [46,66,0.004290997474], [47,66,0.704190741660], [50,66,0.709577076619], [63,66,-0.999991502679], [64,66,0.999997885714], [66,66,2.000000000000], [67,66,0.999999359206], [68,66,0.707117489577], [69,66,-0.004410781162], [70,66,-0.004626400324], [32,67,-0.001812783825], [44,67,-0.706930088016], [46,67,0.003158932972], [50,67,0.708778932371], [51,67,0.706707423420], [63,67,-0.999986194983], [66,67,0.999999359206], [67,67,2.000000000000], [71,67,0.705511672247], [72,67,0.003011631362], [73,67,-0.001045306474], [47,68,-0.004100290274], [48,68,0.707905032344], [64,68,0.708570030175], [65,68,-0.001739645569], [66,68,0.707117489577], [68,68,2.000000000000], [69,68,0.703970253824], [70,68,0.703817096817], [80,68,-0.708004062618], [86,68,-0.708230666138], [87,68,0.005229487587], [47,69,-0.713109969134], [64,69,-0.002354443766], [66,69,-0.004410781162], [68,69,0.703970253824], [69,69,2.000000000000], [70,69,0.999999976754], [71,69,0.704776875189], [81,69,0.006907627354], [88,69,-0.999999905726], [89,69,-0.707355010825], [47,70,-0.713261114385], [64,70,-0.002570064475], [66,70,-0.004626400324], [68,70,0.703817096817], [69,70,0.999999976754], [70,70,2.000000000000], [87,70,0.706690915186], [88,70,0.999999976107], [102,70,0.000682019320], [106,70,-0.000484075821], [109,70,-0.706541641826], [51,71,-0.002817902024], [67,71,0.705511672247], [69,71,0.704776875189], [71,71,2.000000000000], [72,71,0.710819827081], [73,71,0.707960436826], [81,71,-0.704543773813], [88,71,-0.704468759225], [89,71,0.002938464335], [51,72,-0.705374362773], [67,72,0.003011631362], [71,72,0.710819827081], [72,72,2.000000000000], [73,72,0.999991770620], [90,72,-0.999967301901], [51,73,-0.708244252843], [67,73,-0.001045306474], [71,73,0.707960436826], [72,73,0.999991770620], [73,73,2.000000000000], [89,73,0.704168728131], [90,73,0.999991880081], [110,73,-0.710028053717], [41,74,0.003083937221], [57,74,-0.006188971780], [58,74,0.707368474284], [60,74,0.705362147664], [61,74,-0.003023514148], [74,74,2.000000000000], [75,74,-0.705147379298], [76,74,-0.000416494677], [77,74,0.708041266144], [78,74,0.006201933823], [79,74,-0.005411700165], [55,75,0.707067441416], [57,75,-0.704683051460], [60,75,-0.999999954115], [74,75,-0.705147379298], [75,75,2.000000000000], [76,75,0.709354397161], [77,75,0.001444750988], [78,75,0.704673854367], [91,75,0.706948921896], [92,75,0.707388347304], [93,75,0.002607004576], [57,76,-0.999978183725], [59,76,0.999994562202], [60,76,-0.709140838882], [74,76,-0.000416494677], [75,76,0.709354397161], [76,76,2.000000000000], [77,76,0.705876102947], [78,76,0.999978098019], [91,76,-0.002960456122], [94,76,-0.712738610910], [95,76,-0.999912501426], [57,77,-0.710539582535], [60,77,-0.001141814266], [62,77,0.707683893449], [74,77,0.708041266144], [75,77,0.001444750988], [76,77,0.705876102947], [77,77,2.000000000000], [78,77,0.710548703485], [82,77,0.005180712785], [92,77,0.705802365212], [96,77,-0.704136605834], [97,77,-0.703391209833], [98,77,-0.007964765495], [99,77,-0.708648981170], [100,77,-0.999992710663], [57,78,-0.999999999916], [60,78,-0.704458878749], [74,78,0.006201933823], [75,78,0.704673854367], [76,78,0.999978098019], [77,78,0.710548703485], [78,78,2.000000000000], [93,78,0.707691866619], [95,78,0.999978152199], [98,78,0.709285057400], [112,78,0.002246214066], [113,78,-0.000831566466], [41,79,-0.999997290711], [58,79,-0.710662706709], [61,79,-0.999964423529], [74,79,-0.005411700165], [79,79,2.000000000000], [99,79,0.999998183764], [103,79,0.705523250447], [111,79,0.001172133484], [112,79,-0.003036458291], [114,79,-0.003085099724], [48,80,-0.002399287526], [65,80,0.707438967211], [68,80,-0.708004062618], [80,80,2.000000000000], [81,80,0.999992963144], [82,80,-0.706827499847], [83,80,-0.000964728938], [84,80,0.704813038048], [85,80,-0.000893504102], [86,80,0.002860429290], [87,80,-0.709901201564], [69,81,0.006907627354], [71,81,-0.704543773813], [80,81,0.999992963144], [81,81,2.000000000000], [82,81,-0.704168776087], [83,81,0.002786764113], [84,81,0.707469358117], [85,81,0.002857988695], [88,81,-0.007341838099], [89,81,-0.711727745010], [62,82,0.710186022909], [77,82,0.005180712785], [80,82,-0.706827499847], [81,82,-0.704168776087], [82,82,2.000000000000], [83,82,0.708067520024], [84,82,0.003633481549], [85,82,0.708017223164], [92,82,-0.704742729132], [96,82,0.706407073938], [97,82,0.707149323649], [98,82,-0.999996124358], [99,82,-0.709223048522], [100,82,-0.001362530110], [80,83,-0.000964728938], [81,83,0.002786764113], [82,83,0.708067520024], [83,83,2.000000000000], [84,83,0.708712824152], [85,83,0.999999997464], [96,83,-0.000370568044], [101,83,0.002473885750], [102,83,0.003654508424], [103,83,-0.705713272974], [104,83,-0.999999989835], [105,83,-0.706237968464], [80,84,0.704813038048], [81,84,0.707469358117], [82,84,0.003633481549], [83,84,0.708712824152], [84,84,2.000000000000], [85,84,0.708763071290], [86,84,0.707374137791], [97,84,0.704490154731], [101,84,0.703741648702], [106,84,-0.702072468711], [107,84,-0.006162872225], [108,84,-0.713843889998], [80,85,-0.000893504102], [81,85,0.002857988695], [82,85,0.708017223164], [83,85,0.999999997464], [84,85,0.708763071290], [85,85,2.000000000000], [100,85,0.707159204712], [104,85,0.999999997454], [107,85,0.709801221693], [113,85,-0.000155624678], [114,85,0.002888156364], [115,85,0.000233972222], [48,86,-0.999999893673], [65,86,-0.704747968452], [68,86,-0.708230666138], [80,86,0.002860429290], [84,86,0.707374137791], [86,86,2.000000000000], [87,86,0.702267770104], [97,86,-0.003315478555], [101,86,-0.004369578472], [106,86,0.006716265381], [107,86,-0.711185356525], [108,86,-0.999957721564], [48,87,-0.702595989332], [65,87,-0.999993910427], [68,87,0.005229487587], [70,87,0.706690915186], [80,87,-0.709901201564], [86,87,0.702267770104], [87,87,2.000000000000], [88,87,0.706845562984], [102,87,0.708004215056], [106,87,0.707180227869], [109,87,0.001386858791], [69,88,-0.999999905726], [70,88,0.999999976107], [71,88,-0.704468759225], [81,88,-0.007341838099], [87,88,0.706845562984], [88,88,2.000000000000], [89,88,0.707661877463], [102,88,0.000900619658], [106,88,-0.000265475431], [109,88,-0.706386927675], [69,89,-0.707355010825], [71,89,0.002938464335], [73,89,0.704168728131], [81,89,-0.711727745010], [88,89,0.707661877463], [89,89,2.000000000000], [90,89,0.707024342702], [110,89,0.000006565483], [72,90,-0.999967301901], [73,90,0.999991880081], [89,90,0.707024342702], [90,90,2.000000000000], [110,90,-0.707184568089], [55,91,-0.000278855123], [59,91,0.000337357831], [75,91,0.706948921896], [76,91,-0.002960456122], [91,91,2.000000000000], [92,91,0.999999806872], [93,91,0.709105220862], [94,91,0.703536692163], [95,91,-0.010268104361], [55,92,0.000342640648], [62,92,-0.001026531845], [75,92,0.707388347304], [77,92,0.705802365212], [82,92,-0.704742729132], [91,92,0.999999806872], [92,92,2.000000000000], [93,92,0.708666865602], [96,92,-0.999997241890], [97,92,-0.999994227223], [98,92,0.702764774784], [99,92,-0.000340360011], [100,92,-0.708502064115], [55,93,-0.705300387659], [75,93,0.002607004576], [78,93,0.707691866619], [91,93,0.709105220862], [92,93,0.708666865602], [93,93,2.000000000000], [95,93,0.712346671994], [98,93,0.003913080701], [112,93,-0.704929801436], [113,93,-0.707109459776], [59,94,-0.710421551571], [76,94,-0.712738610910], [91,94,0.703536692163], [94,94,2.000000000000], [95,94,0.703397482663], [111,94,0.704740692727], [59,95,-0.999950688750], [76,95,-0.999912501426], [78,95,0.999978152199], [91,95,-0.010268104361], [93,95,0.712346671994], [94,95,0.703397482663], [95,95,2.000000000000], [98,95,0.704609866841], [112,95,-0.004364047172], [113,95,-0.007441774852], [62,96,0.003375189606], [77,96,-0.704136605834], [82,96,0.706407073938], [83,96,-0.000370568044], [92,96,-0.999997241890], [96,96,2.000000000000], [97,96,0.999999449577], [98,96,-0.704433726853], [99,96,-0.002008302621], [100,96,0.706842638809], [101,96,-0.999997788023], [102,96,-0.999994607846], [103,96,0.708759014725], [104,96,0.000227987809], [105,96,-0.707712769887], [62,97,0.004424394053], [77,97,-0.703391209833], [82,97,0.707149323649], [84,97,0.704490154731], [86,97,-0.003315478555], [92,97,-0.999994227223], [96,97,0.999999449577], [97,97,2.000000000000], [98,97,-0.705178038274], [99,97,-0.003057511681], [100,97,0.706100067590], [101,97,0.999999444428], [106,97,-0.999994217179], [107,97,0.705358599778], [108,97,-0.005879994898], [62,98,-0.712143323205], [77,98,-0.007964765495], [78,98,0.709285057400], [82,98,-0.999996124358], [92,98,0.702764774784], [93,98,0.003913080701], [95,98,0.704609866841], [96,98,-0.704433726853], [97,98,-0.705178038274], [98,98,2.000000000000], [99,98,0.711183053387], [100,98,0.004146632396], [112,98,0.706513201659], [113,98,0.704331712526], [62,99,-0.999999065803], [77,99,-0.708648981170], [79,99,0.999998183764], [82,99,-0.709223048522], [92,99,-0.000340360011], [96,99,-0.002008302621], [97,99,-0.003057511681], [98,99,0.711183053387], [99,99,2.000000000000], [100,99,0.705949844492], [103,99,0.706872657914], [111,99,-0.000733771205], [112,99,-0.004942347859], [114,99,-0.001179199321], [62,100,-0.704981067840], [77,100,-0.999992710663], [82,100,-0.001362530110], [85,100,0.707159204712], [92,100,-0.708502064115], [96,100,0.706842638809], [97,100,0.706100067590], [98,100,0.004146632396], [99,100,0.705949844492], [100,100,2.000000000000], [104,100,0.707209655041], [107,100,0.003891942400], [113,100,0.706944293788], [114,100,0.709093791197], [115,100,-0.706888878810], [83,101,0.002473885750], [84,101,0.703741648702], [86,101,-0.004369578472], [96,101,-0.999997788023], [97,101,0.999999444428], [101,101,2.000000000000], [102,101,0.999999303059], [103,101,-0.710241234548], [104,101,-0.002331305920], [105,101,0.706225209229], [106,101,-0.999997246446], [107,101,0.706105412726], [108,101,-0.004825902302], [70,102,0.000682019320], [83,102,0.003654508424], [87,102,0.708004215056], [88,102,0.000900619658], [96,102,-0.999994607846], [101,102,0.999999303059], [102,102,2.000000000000], [103,102,-0.711071852523], [104,102,-0.003511929098], [105,102,0.705388847446], [106,102,0.999999320111], [109,102,0.707189429595], [79,103,0.705523250447], [83,103,-0.705713272974], [96,103,0.708759014725], [99,103,0.706872657914], [101,103,-0.710241234548], [102,103,-0.711071852523], [103,103,2.000000000000], [104,103,0.705612248049], [105,103,-0.003196709126], [111,103,-0.707859319345], [112,103,-0.710825798444], [114,103,0.706506791425], [83,104,-0.999999989835], [85,104,0.999999997454], [96,104,0.000227987809], [100,104,0.707209655041], [101,104,-0.002331305920], [102,104,-0.003511929098], [103,104,0.705612248049], [104,104,2.000000000000], [105,104,0.706338904464], [107,104,0.709750957015], [113,104,-0.000084269303], [114,104,0.002959511435], [115,104,0.000162616848], [83,105,-0.706237968464], [96,105,-0.707712769887], [101,105,0.706225209229], [102,105,0.705388847446], [103,105,-0.003196709126], [104,105,0.706338904464], [105,105,2.000000000000], [108,105,0.711387184968], [109,105,0.002309692038], [115,105,0.707758952977], [70,106,-0.000484075821], [84,106,-0.702072468711], [86,106,0.006716265381], [87,106,0.707180227869], [88,106,-0.000265475431], [97,106,-0.999994217179], [101,106,-0.999997246446], [102,106,0.999999320111], [106,106,2.000000000000], [107,106,-0.707765197612], [108,106,0.002479194996], [109,106,0.708013406044], [84,107,-0.006162872225], [85,107,0.709801221693], [86,107,-0.711185356525], [97,107,0.705358599778], [100,107,0.003891942400], [101,107,0.706105412726], [104,107,0.709750957015], [106,107,-0.707765197612], [107,107,2.000000000000], [108,107,0.704690892113], [113,107,-0.704512488184], [114,107,-0.702349079339], [115,107,0.704568088616], [84,108,-0.713843889998], [86,108,-0.999957721564], [97,108,-0.005879994898], [101,108,-0.004825902302], [105,108,0.711387184968], [106,108,0.002479194996], [107,108,0.704690892113], [108,108,2.000000000000], [109,108,0.704441518807], [115,108,0.006994555182], [70,109,-0.706541641826], [87,109,0.001386858791], [88,109,-0.706386927675], [102,109,0.707189429595], [105,109,0.002309692038], [106,109,0.708013406044], [108,109,0.704441518807], [109,109,2.000000000000], [115,109,-0.704817417762], [73,110,-0.710028053717], [89,110,0.000006565483], [90,110,-0.707184568089], [110,110,2.000000000000], [116,110,0.702573007877], [79,111,0.001172133484], [94,111,0.704740692727], [99,111,-0.000733771205], [103,111,-0.707859319345], [111,111,2.000000000000], [112,111,0.999991143870], [114,111,-0.999998170272], [78,112,0.002246214066], [79,112,-0.003036458291], [93,112,-0.704929801436], [95,112,-0.004364047172], [98,112,0.706513201659], [99,112,-0.004942347859], [103,112,-0.710825798444], [111,112,0.999991143870], [112,112,2.000000000000], [113,112,0.999995263631], [114,112,-0.999981263264], [78,113,-0.000831566466], [85,113,-0.000155624678], [93,113,-0.707109459776], [95,113,-0.007441774852], [98,