{
"N": {
"shape": [147, 115],
"data": [[0,0,0.007542744310], [1,0,-0.999971553100], [3,0,-0.007542744310], [4,0,0.999971553100], [0,1,0.002989235235], [1,1,-0.999995532226], [6,1,-0.002989235235], [7,1,0.999995532226], [0,2,-0.704914008667], [1,2,-0.709292774801], [24,2,0.704914008667], [25,2,0.709292774801], [3,3,-0.712272174402], [4,3,0.701903376236], [21,3,0.712272174402], [22,3,-0.701903376236], [3,4,-0.999994694450], [4,4,-0.003257463956], [24,4,0.999994694450], [25,4,0.003257463956], [3,5,-0.705133972255], [4,5,-0.709074101327], [27,5,0.705133972255], [28,5,0.709074101327], [3,6,-0.999997108431], [4,6,-0.002404813870], [45,6,0.999997108431], [46,6,0.002404813870], [6,7,-0.004786244884], [7,7,-0.999988545864], [9,7,0.004786244884], [10,7,0.999988545864], [6,8,-0.708235954013], [7,8,0.705975802307], [24,8,0.708235954013], [25,8,-0.705975802307], [9,9,-0.704150903210], [10,9,0.710050354206], [27,9,0.704150903210], [28,9,-0.710050354206], [9,10,-0.708196281888], [10,10,-0.706015599204], [33,10,0.708196281888], [34,10,0.706015599204], [12,11,0.003066861425], [13,11,-0.999995297169], [15,11,-0.003066861425], [16,11,0.999995297169], [12,12,-0.000089001486], [13,12,-0.999999996039], [18,12,0.000089001486], [19,12,0.999999996039], [12,13,-0.707359869343], [13,13,-0.706853602412], [36,13,0.707359869343], [37,13,0.706853602412], [15,14,-0.003236585483], [16,14,-0.999994762243], [18,14,0.003236585483], [19,14,0.999994762243], [15,15,-0.708267389087], [16,15,0.705944265191], [33,15,0.708267389087], [34,15,-0.705944265191], [15,16,-0.999998662421], [16,16,0.001635590296], [36,16,0.999998662421], [37,16,-0.001635590296], [15,17,-0.707011482015], [16,17,-0.707202067516], [39,17,0.707011482015], [40,17,0.707202067516], [15,18,-0.999998859812], [16,18,0.001510091183], [57,18,0.999998859812], [58,18,-0.001510091183], [18,19,-0.705208381204], [19,19,0.709000098081], [36,19,0.705208381204], [37,19,-0.709000098081], [18,20,-0.999994738155], [19,20,-0.003244019440], [39,20,0.999994738155], [40,20,0.003244019440], [18,21,-0.999999994904], [19,21,-0.000100953609], [60,21,0.999999994904], [61,21,0.000100953609], [21,22,0.006338514427], [22,22,-0.999979911416], [24,22,-0.006338514427], [25,22,0.999979911416], [21,23,0.003687329655], [22,23,-0.999993201777], [27,23,-0.003687329655], [28,23,0.999993201777], [21,24,-0.999999574000], [22,24,0.000923038854], [42,24,0.999999574000], [43,24,-0.000923038854], [21,25,-0.708299068209], [22,25,-0.705912480393], [45,25,0.708299068209], [46,25,0.705912480393], [21,26,-0.999997395859], [22,26,0.002282164638], [63,26,0.999997395859], [64,26,-0.002282164638], [27,27,-0.001653898521], [28,27,-0.999998632309], [33,27,0.001653898521], [34,27,0.999998632309], [27,28,-0.709747182559], [28,28,0.704456483291], [45,28,0.709747182559], [46,28,-0.704456483291], [30,29,-0.002639602615], [31,29,-0.999996516243], [33,29,0.002639602615], [34,29,0.999996516243], [30,30,-0.000267927662], [31,30,-0.999999964107], [36,30,0.000267927662], [37,30,0.999999964107], [30,31,-0.999996403250], [31,31,-0.002682067785], [51,31,0.999996403250], [52,31,0.002682067785], [30,32,-0.706308735721], [31,32,-0.707903926988], [54,32,0.706308735721], [55,32,0.707903926988], [30,33,-0.999999867276], [31,33,-0.000515216322], [72,33,0.999999867276], [73,33,0.000515216322], [36,34,-0.710996223493], [37,34,0.703195826338], [54,34,0.710996223493], [55,34,-0.703195826338], [39,35,-0.999995324606], [40,35,0.003057902241], [60,35,0.999995324606], [61,35,-0.003057902241], [42,36,-0.008903420311], [43,36,-0.999960363768], [45,36,0.008903420311], [46,36,0.999960363768], [42,37,-0.001390959034], [43,37,-0.999999032616], [48,37,0.001390959034], [49,37,0.999999032616], [42,38,-0.709789127742], [43,38,-0.704414220568], [66,38,0.709789127742], [67,38,0.704414220568], [45,39,0.006155559115], [46,39,-0.999981054367], [48,39,-0.006155559115], [49,39,0.999981054367], [45,40,0.001398382096], [46,40,-0.999999022263], [51,40,-0.001398382096], [52,40,0.999999022263], [48,41,-0.712184382840], [49,41,0.701992453549], [66,41,0.712184382840], [67,41,-0.701992453549], [48,42,-0.999999397132], [49,42,0.001098059496], [69,42,0.999999397132], [70,42,-0.001098059496], [48,43,-0.707727687255], [49,43,-0.706485329425], [72,43,0.707727687255], [73,43,0.706485329425], [48,44,-0.999996283812], [49,44,-0.002726235946], [90,44,0.999996283812], [91,44,0.002726235946], [51,45,-0.704298535654], [52,45,0.709903917919], [69,45,0.704298535654], [70,45,-0.709903917919], [51,46,-0.999998628836], [52,46,0.001655996901], [72,46,0.999998628836], [73,46,-0.001655996901], [54,47,0.001704645784], [55,47,-0.999998547090], [60,47,-0.001704645784], [61,47,0.999998547090], [54,48,-0.999999782199], [55,48,0.000660001353], [75,48,0.999999782199], [76,48,-0.000660001353], [54,49,-0.710463687387], [55,49,-0.703733862270], [78,49,0.710463687387], [79,49,0.703733862270], [54,50,-0.999999999119], [55,50,-0.000041984673], [96,50,0.999999999119], [97,50,0.000041984673], [57,51,0.002673028978], [58,51,-0.999996427452], [60,51,-0.002673028978], [61,51,0.999996427452], [57,52,-0.707279021672], [58,52,-0.706934498735], [81,52,0.707279021672], [82,52,0.706934498735], [57,53,-0.999998186082], [58,53,-0.001904687235], [99,53,0.999998186082], [100,53,0.001904687235], [63,54,-0.001063598559], [64,54,-0.999999434379], [66,54,0.001063598559], [67,54,0.999999434379], [63,55,-0.999998377609], [64,55,-0.001801327251], [84,55,0.999998377609], [85,55,0.001801327251], [63,56,-0.706822492658], [64,56,-0.707390955465], [87,56,0.706822492658], [88,56,0.707390955465], [63,57,-0.999997226061], [64,57,-0.002355391963], [105,57,0.999997226061], [106,57,0.002355391963], [66,58,-0.000139799123], [67,58,-0.999999990228], [72,58,0.000139799123], [73,58,0.999999990228], [66,59,-0.705157477310], [67,59,0.709050726108], [84,59,0.705157477310], [85,59,-0.709050726108], [66,60,-0.999995640450], [67,60,0.002952808945], [108,60,0.999995640450], [109,60,-0.002952808945], [69,61,-0.003615323665], [70,61,-0.999993464696], [72,61,0.003615323665], [73,61,0.999993464696], [69,62,-0.999978447386], [70,62,-0.006565421876], [90,62,0.999978447386], [91,62,0.006565421876], [69,63,-0.705817346003], [70,63,-0.708393869314], [93,63,0.705817346003], [94,63,0.708393869314], [69,64,-0.999998747107], [70,64,-0.001582967014], [111,64,0.999998747107], [112,64,0.001582967014], [72,65,0.001032396889], [73,65,-0.999999467078], [78,65,-0.001032396889], [79,65,0.999999467078], [72,66,-0.705698084069], [73,66,0.708512677474], [90,66,0.705698084069], [91,66,-0.708512677474], [72,67,-0.702429137110], [73,67,-0.711753684457], [96,67,0.702429137110], [97,67,0.711753684457], [75,68,-0.002485806410], [76,68,-0.999996910378], [78,68,0.002485806410], [79,68,0.999996910378], [75,69,-0.001522516142], [76,69,-0.999998840972], [81,69,0.001522516142], [82,69,0.999998840972], [75,70,-0.999999721052], [76,70,-0.000746924571], [96,70,0.999999721052], [97,70,0.000746924571], [75,71,-0.708338227016], [76,71,-0.705873187016], [99,71,0.708338227016], [100,71,0.705873187016], [75,72,-0.999999995544], [76,72,0.000094405072], [117,72,0.999999995544], [118,72,-0.000094405072], [78,73,-0.707266720605], [79,73,0.706946805584], [96,73,0.707266720605], [97,73,-0.706946805584], [78,74,-0.999999462014], [79,74,-0.001037290410], [99,74,0.999999462014], [100,74,0.001037290410], [81,75,-0.705562600155], [82,75,0.708647597373], [99,75,0.705562600155], [100,75,-0.708647597373], [81,76,-0.999988733457], [82,76,-0.004746889379], [102,76,0.999988733457], [103,76,0.004746889379], [84,77,-0.002231329510], [85,77,-0.999997510581], [87,77,0.002231329510], [88,77,0.999997510581], [84,78,-0.706823474460], [85,78,-0.707389974450], [108,78,0.706823474460], [109,78,0.707389974450], [87,79,-0.707271354664], [88,79,0.706942169397], [105,79,0.707271354664], [106,79,-0.706942169397], [87,80,-0.999996350110], [88,80,0.002701807978], [108,80,0.999996350110], [109,80,-0.002701807978], [87,81,-0.707749495564], [88,81,-0.706463482091], [111,81,0.707749495564], [112,81,0.706463482091], [87,82,-0.999995488241], [88,82,0.003003913580], [129,82,0.999995488241], [130,82,-0.003003913580], [90,83,0.002076521979], [91,83,-0.999997844026], [93,83,-0.002076521979], [94,83,0.999997844026], [90,84,0.001833685502], [91,84,-0.999998318797], [96,84,-0.001833685502], [97,84,0.999998318797], [90,85,-0.999994293768], [91,85,0.003378228904], [111,85,0.999994293768], [112,85,-0.003378228904], [93,86,0.001594731915], [94,86,-0.999998728414], [96,86,-0.001594731915], [97,86,0.999998728414], [93,87,-0.709912656601], [94,87,0.704289727313], [111,87,0.709912656601], [112,87,-0.704289727313], [93,88,-0.705673634356], [94,88,-0.708537029219], [117,88,0.705673634356], [118,88,0.708537029219], [93,89,-0.999997841752], [94,89,-0.002077616837], [135,89,0.999997841752], [136,89,0.002077616837], [96,90,-0.707713925941], [97,90,0.706499114670], [114,90,0.707713925941], [115,90,-0.706499114670], [96,91,-0.999999570409], [97,91,0.000926920896], [117,91,0.999999570409], [118,91,-0.000926920896], [99,92,-0.006100257852], [100,92,-0.999981393254], [102,92,0.006100257852], [103,92,0.999981393254], [99,93,-0.707974888410], [100,93,-0.706237606887], [123,93,0.707974888410], [124,93,0.706237606887], [105,94,0.003290793342], [106,94,-0.999994585325], [108,94,-0.003290793342], [109,94,0.999994585325], [105,95,-0.000676988178], [106,95,-0.999999770843], [111,95,0.000676988178], [112,95,0.999999770843], [108,96,-0.004623418571], [109,96,-0.999989311943], [111,96,0.004623418571], [112,96,0.999989311943], [108,97,-0.709636229631], [109,97,-0.704568251907], [132,97,0.709636229631], [133,97,0.704568251907], [114,98,-0.004206657190], [115,98,-0.999991151978], [117,98,0.004206657190], [118,98,0.999991151978], [114,99,0.001389506099], [115,99,-0.999999034636], [120,99,-0.001389506099], [121,99,0.999999034636], [114,100,-0.999986643477], [115,100,0.005168449318], [135,100,0.999986643477], [136,100,-0.005168449318], [114,101,-0.711113356403], [115,101,-0.703077374366], [138,101,0.711113356403], [139,101,0.703077374366], [117,102,0.001716134331], [118,102,-0.999998527440], [123,102,-0.001716134331], [124,102,0.999998527440], [117,103,-0.999990287252], [118,103,0.004407425652], [138,103,0.999990287252], [139,103,-0.004407425652], [120,104,-0.003570732769], [121,104,-0.999993624913], [123,104,0.003570732769], [124,104,0.999993624913], [120,105,-0.709986622444], [121,105,0.704215163108], [138,105,0.709986622444], [139,105,-0.704215163108], [120,106,-0.999992941778], [121,106,-0.003757179069], [141,106,0.999992941778], [142,106,0.003757179069], [120,107,-0.709595787422], [121,107,-0.704608982680], [144,107,0.709595787422], [145,107,0.704608982680], [123,108,-0.711010376446], [124,108,0.703181516101], [141,108,0.711010376446], [142,108,-0.703181516101], [126,109,-0.003985338662], [127,109,-0.999992058506], [132,109,0.003985338662], [133,109,0.999992058506], [129,110,-0.003551227276], [130,110,-0.999993694373], [132,110,0.003551227276], [133,110,0.999993694373], [129,111,0.001389014823], [130,111,-0.999999035318], [135,111,-0.001389014823], [136,111,0.999999035318], [138,112,0.001991020614], [139,112,-0.999998017916], [141,112,-0.001991020614], [142,112,0.999998017916], [138,113,0.000666010478], [139,113,-0.999999778215], [144,113,-0.000666010478], [145,113,0.999999778215], [141,114,-0.000669344009], [142,114,-0.999999775989], [144,114,0.000669344009], [145,114,0.999999775989], ]
},
"Q": {
"shape": [115, 115],
"data": [[0,0,2.000000000000], [1,0,0.999989632490], [2,0,0.703955611493], [3,0,0.707255896151], [4,0,0.004285333000], [5,0,-0.703735285110], [6,0,0.005137977039], [0,1,0.999989632490], [1,1,2.000000000000], [2,1,0.707182452050], [7,1,-0.999969770930], [8,1,0.708089732035], [0,2,0.703955611493], [1,2,0.707182452050], [2,2,2.000000000000], [4,2,0.707220764358], [8,2,-0.001498090336], [22,2,0.704810418500], [0,3,0.707255896151], [3,3,2.000000000000], [4,3,0.709981970458], [5,3,0.004545801940], [6,3,0.710582167844], [22,3,0.706404023445], [23,3,0.704524986852], [24,3,-0.712919755062], [25,3,-0.009019364125], [26,3,-0.713872178609], [0,4,0.004285333000], [2,4,0.707220764358], [3,4,0.709981970458], [4,4,2.000000000000], [5,4,0.707440014458], [6,4,0.999999636491], [8,4,0.705932505702], [22,4,-0.003081082280], [0,5,-0.703735285110], [3,5,0.004545801940], [4,5,0.707440014458], [5,5,2.000000000000], [6,5,0.706837124545], [9,5,-0.006957593358], [23,5,0.706469219476], [27,5,-0.710239351566], [28,5,-0.000955002321], [0,6,0.005137977039], [3,6,0.710582167844], [4,6,0.999999636491], [5,6,0.706837124545], [6,6,2.000000000000], [25,6,0.709994608237], [28,6,0.708051043554], [36,6,0.011308113118], [39,6,0.003750773007], [40,6,-0.001006433466], [1,7,-0.999969770930], [7,7,2.000000000000], [8,7,-0.702577925253], [9,7,0.706671982535], [10,7,-0.709397113237], [1,8,0.708089732035], [2,8,-0.001498090336], [4,8,0.705932505702], [7,8,-0.702577925253], [8,8,2.000000000000], [22,8,-0.710450784065], [5,9,-0.006957593358], [7,9,0.706671982535], [9,9,2.000000000000], [10,9,-0.002629574749], [23,9,-0.712641963633], [27,9,0.708884788940], [28,9,-0.999968695133], [7,10,-0.709397113237], [9,10,-0.002629574749], [10,10,2.000000000000], [15,10,0.003184668140], [27,10,0.707185918376], [29,10,0.707882496375], [11,11,2.000000000000], [12,11,0.999995020254], [13,11,0.704680903502], [14,11,-0.999980133278], [15,11,0.708113103190], [16,11,0.004702439928], [17,11,-0.705030435423], [18,11,0.004576942009], [11,12,0.999995020254], [12,12,2.000000000000], [13,12,0.706916555692], [14,12,0.999995046344], [19,12,0.708937330680], [20,12,-0.003333020445], [21,12,-0.000189955094], [11,13,0.704680903502], [12,13,0.706916555692], [13,13,2.000000000000], [16,13,0.706202800301], [19,13,-0.002323165051], [30,13,0.707043098317], [34,13,-0.005873692706], [11,14,-0.999980133278], [12,14,0.999995046344], [14,14,2.000000000000], [15,14,-0.703648199677], [16,14,0.001600999425], [17,14,0.709486666463], [18,14,0.001726498520], [19,14,0.706713917302], [20,14,-0.006480570902], [21,14,-0.003337538547], [10,15,0.003184668140], [11,15,0.708113103190], [14,15,-0.703648199677], [15,15,2.000000000000], [16,15,0.709421077313], [17,15,0.001507932527], [18,15,0.709332621739], [27,15,-0.704771897291], [29,15,-0.704072261400], [11,16,0.004702439928], [13,16,0.706202800301], [14,16,0.001600999425], [15,16,0.709421077313], [16,16,2.000000000000], [17,16,0.705853843493], [18,16,0.999999992125], [19,16,0.706367071613], [30,16,-0.001367662934], [34,16,-0.712145412750], [11,17,-0.705030435423], [14,17,0.709486666463], [15,17,0.001507932527], [16,17,0.705853843493], [17,17,2.000000000000], [18,17,0.705942736283], [20,17,0.709301939086], [35,17,-0.704845621671], [11,18,0.004576942009], [14,18,0.001726498520], [15,18,0.709332621739], [16,18,0.999999992125], [17,18,0.705942736283], [18,18,2.000000000000], [51,18,0.004183111718], [52,18,-0.706210679688], [53,18,-0.999994169644], [12,19,0.708937330680], [13,19,-0.002323165051], [14,19,0.706713917302], [16,19,0.706367071613], [19,19,2.000000000000], [20,19,0.702904660406], [21,19,0.705136801492], [30,19,-0.708811127801], [34,19,-0.999966405656], [12,20,-0.003333020445], [14,20,-0.006480570902], [17,20,0.709301939086], [19,20,0.702904660406], [20,20,2.000000000000], [21,20,0.999995060555], [35,20,-0.999980142891], [12,21,-0.000189955094], [14,21,-0.003337538547], [19,21,0.705136801492], [20,21,0.999995060555], [21,21,2.000000000000], [35,21,0.999995010804], [47,21,-0.001603692313], [51,21,-0.002572075716], [2,22,0.704810418500], [3,22,0.706404023445], [4,22,-0.003081082280], [8,22,-0.710450784065], [22,22,2.000000000000], [23,22,0.999996485521], [24,22,-0.007261532038], [25,22,0.701408735748], [26,22,-0.008620616713], [3,23,0.704524986852], [5,23,0.706469219476], [9,23,-0.712641963633], [22,23,0.999996485521], [23,23,2.000000000000], [24,23,-0.004610360663], [25,23,0.703295949284], [26,23,-0.005969469176], [27,23,-0.999985735626], [28,23,0.707068766072], [3,24,-0.712919755062], [22,24,-0.007261532038], [23,24,-0.004610360663], [24,24,2.000000000000], [25,24,0.707647181826], [26,24,0.999999076386], [36,24,-0.007980414250], [37,24,-0.000467920480], [38,24,-0.709138623677], [3,25,-0.009019364125], [6,25,0.709994608237], [22,25,0.701408735748], [23,25,0.703295949284], [24,25,0.707647181826], [25,25,2.000000000000], [26,25,0.706686215198], [28,25,0.005428644621], [36,25,0.712190784992], [39,25,-0.701539129648], [40,25,-0.704921317461], [3,26,-0.713872178609], [22,26,-0.008620616713], [23,26,-0.005969469176], [24,26,0.999999076386], [25,26,0.706686215198], [26,26,2.000000000000], [54,26,0.001218567557], [55,26,-0.999991662547], [56,26,-0.705206269369], [57,26,-0.999989246534], [5,27,-0.710239351566], [9,27,0.708884788940], [10,27,0.707185918376], [15,27,-0.704771897291], [23,27,-0.999985735626], [27,27,2.000000000000], [28,27,-0.703281669996], [29,27,0.999999514191], [5,28,-0.000955002321], [6,28,0.708051043554], [9,28,-0.999968695133], [23,28,0.707068766072], [25,28,0.005428644621], [27,28,-0.703281669996], [28,28,2.000000000000], [36,28,-0.698109383809], [39,28,0.708812027655], [40,28,0.705448292270], [10,29,0.707882496375], [15,29,-0.704072261400], [27,29,0.999999514191], [29,29,2.000000000000], [30,29,0.999997187573], [31,29,0.005321651563], [32,29,0.709765835208], [33,29,0.003154816792], [13,30,0.707043098317], [16,30,-0.001367662934], [19,30,-0.708811127801], [29,30,0.999997187573], [30,30,2.000000000000], [31,30,0.002949994387], [32,30,0.708093141227], [33,30,0.000783143930], [34,30,0.703005305542], [29,31,0.005321651563], [30,31,0.002949994387], [31,31,2.000000000000], [32,31,0.708204841622], [33,31,0.999997652371], [40,31,0.001283688097], [45,31,-0.702391992039], [46,31,-0.999990590595], [29,32,0.709765835208], [30,32,0.708093141227], [31,32,0.708204841622], [32,32,2.000000000000], [33,32,0.706673365635], [34,32,0.004387756812], [47,32,-0.706698892258], [48,32,-0.705841364337], [49,32,-0.999982673468], [50,32,-0.706338456213], [29,33,0.003154816792], [30,33,0.000783143930], [31,33,0.999997652371], [32,33,0.706673365635], [33,33,2.000000000000], [43,33,0.708091586096], [46,33,0.999997642916], [58,33,0.000655015422], [61,33,0.004130536141], [65,33,0.000517180704], [66,33,-0.705332953110], [67,33,-0.702795750997], [13,34,-0.005873692706], [16,34,-0.712145412750], [19,34,-0.999966405656], [30,34,0.703005305542], [32,34,0.004387756812], [34,34,2.000000000000], [47,34,0.704406801372], [48,34,-0.711460178834], [49,34,-0.010274283861], [50,34,-0.710966699420], [17,35,-0.704845621671], [20,35,-0.999980142891], [21,35,0.999995010804], [35,35,2.000000000000], [47,35,-0.004762535613], [51,35,-0.005730907797], [6,36,0.011308113118], [24,36,-0.007980414250], [25,36,0.712190784992], [28,36,-0.698109383809], [36,36,2.000000000000], [37,36,0.999971780715], [38,36,0.710705851179], [39,36,-0.999886613355], [40,36,-0.999946935686], [24,37,-0.000467920480], [36,37,0.999971780715], [37,37,2.000000000000], [38,37,0.705400826728], [39,37,0.999971524870], [41,37,0.701001155152], [42,37,-0.000292899761], [43,37,-0.707469066202], [44,37,-0.004117187173], [24,38,-0.709138623677], [36,38,0.710705851179], [37,38,0.705400826728], [38,38,2.000000000000], [41,38,0.011007264876], [54,38,0.705168752831], [58,38,-0.704513441582], [59,38,-0.001047696166], [60,38,-0.707706032769], [6,39,0.003750773007], [25,39,-0.701539129648], [28,39,0.708812027655], [36,39,-0.999886613355], [37,39,0.999971524870], [39,39,2.000000000000], [40,39,0.999988684472], [41,39,0.706363046927], [42,39,0.007253594097], [43,39,-0.702115484996], [44,39,0.003429351945], [6,40,-0.001006433466], [25,40,-0.704921317461], [28,40,0.705448292270], [31,40,0.001283688097], [36,40,-0.999946935686], [39,40,0.999988684472], [40,40,2.000000000000], [45,40,0.710888102282], [46,40,0.003054375460], [37,41,0.701001155152], [38,41,0.011007264876], [39,41,0.706363046927], [41,41,2.000000000000], [42,41,0.712954782967], [43,41,0.008085236368], [44,41,0.710267939168], [54,41,-0.701234578203], [58,41,0.701892883937], [59,41,-0.999950401694], [60,41,-0.714254127633], [37,42,-0.000292899761], [39,42,0.007253594097], [41,42,0.712954782967], [42,42,2.000000000000], [43,42,0.706951497665], [44,42,0.999992687377], [45,42,0.705077627793], [61,42,-0.002517269166], [62,42,-0.999970635307], [63,42,-0.705039061873], [64,42,-0.999996406048], [33,43,0.708091586096], [37,43,-0.707469066202], [39,43,-0.702115484996], [41,43,0.008085236368], [42,43,0.706951497665], [43,43,2.000000000000], [44,43,0.709651102906], [46,43,0.706556779328], [58,43,0.706584262231], [61,43,0.709039376985], [65,43,-0.705754297061], [66,43,0.001111739408], [67,43,-0.999972084901], [37,44,-0.004117187173], [39,44,0.003429351945], [41,44,0.710267939168], [42,44,0.999992687377], [43,44,0.709651102906], [44,44,2.000000000000], [62,44,0.999992630167], [66,44,0.703763888832], [83,44,-0.000649715806], [84,44,-0.000892552675], [85,44,-0.999981367752], [31,45,-0.702391992039], [40,45,0.710888102282], [42,45,0.705077627793], [45,45,2.000000000000], [46,45,0.705473168633], [61,45,0.707353011317], [62,45,-0.699622537466], [63,45,0.005785460027], [64,45,-0.703173898757], [31,46,-0.999990590595], [33,46,0.999997642916], [40,46,0.003054375460], [43,46,0.706556779328], [45,46,0.705473168633], [46,46,2.000000000000], [58,46,-0.001516197954], [61,46,0.001959332629], [65,46,0.002688391492], [66,46,-0.706870411239], [67,46,-0.701249512069], [21,47,-0.001603692313], [32,47,-0.706698892258], [34,47,0.704406801372], [35,47,-0.004762535613], [47,47,2.000000000000], [48,47,-0.002364645807], [49,47,0.702521750878], [50,47,-0.001662661171], [51,47,0.999999531115], [32,48,-0.705841364337], [34,48,-0.711460178834], [47,48,-0.002364645807], [48,48,2.000000000000], [49,48,0.709999067346], [50,48,0.999999753608], [68,48,-0.001825806555], [69,48,-0.000862515223], [70,48,-0.999999010280], [71,48,-0.707872195481], [72,48,-0.999999840050], [32,49,-0.999982673468], [34,49,-0.010274283861], [47,49,0.702521750878], [48,49,0.709999067346], [49,49,2.000000000000], [50,49,0.710493232796], [65,49,0.703000006734], [68,49,0.705497763186], [73,49,-0.004984916374], [74,49,-0.711193281554], [32,50,-0.706338456213], [34,50,-0.710966699420], [47,50,-0.001662661171], [48,50,0.999999753608], [49,50,0.710493232796], [50,50,2.000000000000], [67,50,0.702459019237], [70,50,0.999999751530], [73,50,0.707237039051], [84,50,-0.001791700898], [86,50,-0.001552747294], [90,50,-0.707684263183], [91,50,-0.999999530611], [18,51,0.004183111718], [21,51,-0.002572075716], [35,51,-0.005730907797], [47,51,0.999999531115], [51,51,2.000000000000], [52,51,0.705041395858], [53,51,-0.000768343699], [18,52,-0.706210679688], [51,52,0.705041395858], [52,52,2.000000000000], [53,52,0.708624227841], [69,52,0.708010523106], [75,52,0.001937808463], [76,52,-0.710626792947], [18,53,-0.999994169644], [51,53,-0.000768343699], [52,53,0.708624227841], [53,53,2.000000000000], [71,53,0.709681409796], [74,53,0.999999623811], [75,53,0.704211568289], [92,53,-0.008004898582], [93,53,-0.709318765956], [26,54,0.001218567557], [38,54,0.705168752831], [41,54,-0.701234578203], [54,54,2.000000000000], [55,54,0.002864923066], [56,54,0.708142330734], [57,54,0.003418986239], [58,54,-0.999999573297], [59,54,0.708300320577], [60,54,0.001889213353], [26,55,-0.999991662547], [54,55,0.002864923066], [55,55,2.000000000000], [56,55,0.708095588520], [57,55,0.999999846505], [59,55,0.703879100873], [77,55,-0.004032648656], [78,55,-0.708096568554], [26,56,-0.705206269369], [54,56,0.708142330734], [55,56,0.708095588520], [56,56,2.000000000000], [57,56,0.708486714946], [77,56,0.708966348358], [79,56,0.000169194779], [80,56,-0.704908678307], [81,56,-0.999999140229], [82,56,-0.704694362347], [26,57,-0.999989246534], [54,57,0.003418986239], [55,57,0.999999846505], [56,57,0.708486714946], [57,57,2.000000000000], [79,57,0.705604266832], [94,57,0.000935405005], [95,57,-0.003032377723], [33,58,0.000655015422], [38,58,-0.704513441582], [41,58,0.701892883937], [43,58,0.706584262231], [46,58,-0.001516197954], [54,58,-0.999999573297], [58,58,2.000000000000], [59,58,-0.708952138782], [60,58,-0.002813010403], [61,58,0.999993960343], [65,58,-0.999999312978], [66,58,0.708414014578], [67,58,-0.711851876479], [38,59,-0.001047696166], [41,59,-0.999950401694], [54,59,0.708300320577], [55,59,0.703879100873], [58,59,-0.708952138782], [59,59,2.000000000000], [60,59,0.707248094467], [77,59,0.707475522296], [78,59,0.003153516871], [38,60,-0.707706032769], [41,60,-0.714254127633], [54,60,0.001889213353], [58,60,-0.002813010403], [59,60,0.707248094467], [60,60,2.000000000000], [78,60,0.704731605584], [80,60,0.999999968499], [94,60,-0.006243571953], [96,60,-0.001670621030], [97,60,-0.707552680499], [33,61,0.004130536141], [42,61,-0.002517269166], [43,61,0.709039376985], [45,61,0.707353011317], [46,61,0.001959332629], [58,61,0.999993960343], [61,61,2.000000000000], [62,61,0.010180624715], [63,61,0.710940997899], [64,61,0.005198275805], [65,61,-0.999989199329], [66,61,0.705956720145], [67,61,-0.714288541613], [42,62,-0.999970635307], [44,62,0.999992630167], [45,62,-0.699622537466], [61,62,0.010180624715], [62,62,2.000000000000], [63,62,0.710453038400], [64,62,0.999987587366], [66,62,0.701031189798], [83,62,-0.004488930497], [84,62,-0.004731764857], [85,62,-0.999950561779], [42,63,-0.705039061873], [45,63,0.005785460027], [61,63,0.710940997899], [62,63,0.710453038400], [63,63,2.000000000000], [64,63,0.706937825817], [83,63,0.706926696803], [86,63,-0.707267379083], [87,63,-0.002154142126], [88,63,-0.999999979426], [89,63,-0.707287593703], [42,64,-0.999996406048], [45,64,-0.703173898757], [61,64,0.005198275805], [62,64,0.999987587366], [63,64,0.706937825817], [64,64,2.000000000000], [81,64,0.708866917219], [85,64,0.999987693258], [87,64,0.708796899749], [95,64,0.002259953982], [96,64,0.006206362874], [33,65,0.000517180704], [43,65,-0.705754297061], [46,65,0.002688391492], [49,65,0.703000006734], [58,65,-0.999999312978], [61,65,-0.999989199329], [65,65,2.000000000000], [66,65,-0.709240860399], [67,65,0.711028119492], [68,65,0.999993811120], [73,65,0.707676608798], [74,65,-0.000004893524], [33,66,-0.705332953110], [43,66,0.001111739408], [44,66,0.703763888832], [46,66,-0.706870411239], [58,66,0.708414014578], [61,66,0.705956720145], [62,66,0.701031189798], [65,66,-0.709240860399], [66,66,2.000000000000], [67,66,-0.008583612424], [83,66,0.709976547521], [84,66,0.709805514666], [85,66,-0.708087575198], [33,67,-0.702795750997], [43,67,-0.999972084901], [46,67,-0.701249512069], [50,67,0.702459019237], [58,67,-0.711851876479], [61,67,-0.714288541613], [65,67,0.711028119492], [66,67,-0.008583612424], [67,67,2.000000000000], [70,67,0.702960567484], [73,67,-0.006367241328], [84,67,0.710464453730], [86,67,0.710632593238], [90,67,0.005734465612], [91,67,-0.701769095990], [48,68,-0.001825806555], [49,68,0.705497763186], [65,68,0.999993811120], [68,68,2.000000000000], [69,68,0.999999536034], [70,68,0.003232727980], [71,68,0.707631797840], [72,68,0.002391401619], [73,68,0.705186493238], [74,68,-0.003523092278], [48,69,-0.000862515223], [52,69,0.708010523106], [68,69,0.999999536034], [69,69,2.000000000000], [70,69,0.002269439423], [71,69,0.706950825274], [72,69,0.001428111173], [75,69,0.707572545582], [76,69,-0.006269382867], [48,70,-0.999999010280], [50,70,0.999999751530], [67,70,0.702960567484], [68,70,0.003232727980], [69,70,0.002269439423], [70,70,2.000000000000], [71,70,0.708865263453], [72,70,0.999999646082], [73,70,0.706738487375], [84,70,-0.001086761675], [86,70,-0.000847807849], [90,70,-0.707186026977], [91,70,-0.999998599121], [48,71,-0.707872195481], [53,71,0.709681409796], [68,71,0.707631797840], [69,71,0.706950825274], [70,71,0.708865263453], [71,71,2.000000000000], [72,71,0.708271585850], [74,71,0.709070041427], [75,71,-0.000438376787], [92,71,-0.710181098845], [93,71,-0.999999867592], [48,72,-0.999999840050], [68,72,0.002391401619], [69,72,0.001428111173], [70,72,0.999999646082], [71,72,0.708271585850], [72,72,2.000000000000], [88,72,0.705606741722], [91,72,0.999999653459], [98,72,0.004112252935], [102,72,0.001810539256], [103,72,-0.999990698880], [49,73,-0.004984916374], [50,73,0.707237039051], [65,73,0.707676608798], [67,73,-0.006367241328], [68,73,0.705186493238], [70,73,0.706738487375], [73,73,2.000000000000], [74,73,0.706533030963], [84,73,-0.708242521794], [86,73,-0.708073807452], [90,73,-0.999999799790], [91,73,-0.707921700536], [49,74,-0.711193281554], [53,74,0.999999623811], [65,74,-0.000004893524], [68,74,-0.003523092278], [71,74,0.709070041427], [73,74,0.706533030963], [74,74,2.000000000000], [75,74,0.704827147215], [92,74,-0.007137525680], [93,74,-0.708707081026], [52,75,0.001937808463], [53,75,0.704211568289], [69,75,0.707572545582], [71,75,-0.000438376787], [74,75,0.704827147215], [75,75,2.000000000000], [76,75,0.702190779150], [92,75,0.704330297955], [93,75,0.000952980184], [52,76,-0.710626792947], [69,76,-0.006269382867], [75,76,0.702190779150], [76,76,2.000000000000], [92,76,0.010846990179], [55,77,-0.004032648656], [56,77,0.708966348358], [59,77,0.707475522296], [77,77,2.000000000000], [78,77,0.708965369536], [79,77,0.705362254077], [80,77,0.000470479886], [81,77,-0.708040945743], [82,77,0.000772586660], [55,78,-0.708096568554], [59,78,0.003153516871], [60,78,0.704731605584], [77,78,0.708965369536], [78,78,2.000000000000], [80,78,0.704909662756], [94,78,0.705060134179], [96,78,-0.710650354604], [97,78,-0.999992063145], [56,79,0.000169194779], [57,79,0.705604266832], [77,79,0.705362254077], [79,79,2.000000000000], [80,79,0.709178795194], [81,79,0.001142117861], [82,79,0.709391756809], [94,79,0.709265825400], [95,79,0.706463193051], [56,80,-0.704908678307], [60,80,0.999999968499], [77,80,0.000470479886], [78,80,0.704909662756], [79,80,0.709178795194], [80,80,2.000000000000], [81,80,0.705838183685], [82,80,0.999999954366], [94,80,-0.005992574679], [96,80,-0.001921622596], [97,80,-0.707730031413], [56,81,-0.999999140229], [64,81,0.708866917219], [77,81,-0.708040945743], [79,81,0.001142117861], [80,81,0.705838183685], [81,81,2.000000000000], [82,81,0.705624147121], [85,81,0.705358861627], [87,81,0.004885351445], [95,81,0.706942458242], [96,81,0.709728153531], [56,82,-0.704694362347], [77,82,0.000772586660], [79,82,0.709391756809], [80,82,0.999999954366], [81,82,0.705624147121], [82,82,2.000000000000], [110,82,-0.000547316615], [111,82,0.004392919239], [44,83,-0.000649715806], [62,83,-0.004488930497], [63,83,0.706926696803], [66,83,0.709976547521], [83,83,2.000000000000], [84,83,0.999999970515], [85,83,-0.005454731750], [86,83,-0.999999883939], [87,83,0.705762358117], [88,83,-0.707070154820], [89,83,-0.000001094860], [44,84,-0.000892552675], [50,84,-0.001791700898], [62,84,-0.004731764857], [66,84,0.709805514666], [67,84,0.710464453730], [70,84,-0.001086761675], [73,84,-0.708242521794], [83,84,0.999999970515], [84,84,2.000000000000], [85,84,-0.005211898263], [86,84,0.999999971451], [90,84,0.707795651667], [91,84,0.002760604052], [44,85,-0.999981367752], [62,85,-0.999950561779], [64,85,0.999987693258], [66,85,-0.708087575198], [81,85,0.705358861627], [83,85,-0.005454731750], [84,85,-0.005211898263], [85,85,2.000000000000], [87,85,0.712287857588], [95,85,-0.002701243814], [96,85,0.001245199392], [50,86,-0.001552747294], [63,86,-0.707267379083], [67,86,0.710632593238], [70,86,-0.000847807849], [73,86,-0.708073807452], [83,86,-0.999999883939], [84,86,0.999999971451], [86,86,2.000000000000], [87,86,-0.705420952118], [88,86,0.707410767988], [89,86,0.000482885722], [90,86,0.707626830280], [91,86,0.002521650947], [63,87,-0.002154142126], [64,87,0.708796899749], [81,87,0.004885351445], [83,87,0.705762358117], [85,87,0.712287857588], [86,87,-0.705420952118], [87,87,2.000000000000], [88,87,0.001951293359], [89,87,0.708447880238], [95,87,-0.703808963444], [96,87,-0.700999976464], [63,88,-0.999999979426], [72,88,0.705606741722], [83,88,-0.707070154820], [86,88,0.707410767988], [87,88,0.001951293359], [88,88,2.000000000000], [89,88,0.707144179798], [91,88,0.705016573427], [98,88,0.711499287136], [102,88,-0.707324955106], [103,88,-0.702543956048], [63,89,-0.707287593703], [83,89,-0.000001094860], [86,89,0.000482885722], [87,89,0.708447880238], [88,89,0.707144179798], [89,89,2.000000000000], [100,89,0.999973747200], [111,89,0.000688603007], [50,90,-0.707684263183], [67,90,0.005734465612], [70,90,-0.707186026977], [73,90,-0.999999799790], [84,90,0.707795651667], [86,90,0.707626830280], [90,90,2.000000000000], [91,90,0.708368490706], [98,90,0.703515753675], [99,90,0.707481805457], [100,90,-0.711355978211], [101,90,-0.006541282715], [50,91,-0.999999530611], [67,91,-0.701769095990], [70,91,-0.999998599121], [72,91,0.999999653459], [73,91,-0.707921700536], [84,91,0.002760604052], [86,91,0.002521650947], [88,91,0.705016573427], [90,91,0.708368490706], [91,91,2.000000000000], [98,91,0.003279742689], [102,91,0.002643053125], [103,91,-0.999993943000], [53,92,-0.008004898582], [71,92,-0.710181098845], [74,92,-0.007137525680], [75,92,0.704330297955], [76,92,0.010846990179], [92,92,2.000000000000], [93,92,0.710543295475], [53,93,-0.709318765956], [71,93,-0.999999867592], [74,93,-0.708707081026], [75,93,0.000952980184], [92,93,0.710543295475], [93,93,2.000000000000], [102,93,0.705021586898], [104,93,0.708761093695], [108,93,-0.006764260784], [57,94,0.000935405005], [60,94,-0.006243571953], [78,94,0.705060134179], [79,94,0.709265825400], [80,94,-0.005992574679], [94,94,2.000000000000], [95,94,0.999992128341], [96,94,-0.999968682611], [97,94,-0.702229170719], [57,95,-0.003032377723], [64,95,0.002259953982], [79,95,0.706463193051], [81,95,0.706942458242], [85,95,-0.002701243814], [87,95,-0.703808963444], [94,95,0.999992128341], [95,95,2.000000000000], [96,95,0.999992212789], [60,96,-0.001670621030], [64,96,0.006206362874], [78,96,-0.710650354604], [80,96,-0.001921622596], [81,96,0.709728153531], [85,96,0.001245199392], [87,96,-0.700999976464], [94,96,-0.999968682611], [95,96,0.999992212789], [96,96,2.000000000000], [97,96,0.707841666765], [60,97,-0.707552680499], [78,97,-0.999992063145], [80,97,-0.707730031413], [94,97,-0.702229170719], [96,97,0.707841666765], [97,97,2.000000000000], [109,97,0.707390797285], [110,97,0.707083888697], [72,98,0.004112252935], [88,98,0.711499287136], [90,98,0.703515753675], [91,98,0.003279742689], [98,98,2.000000000000], [99,98,0.999984341447], [100,98,-0.000961802584], [101,98,0.706062563636], [102,98,-0.999982460243], [103,98,0.000200770323], [90,99,0.707481805457], [98,99,0.999984341447], [99,99,2.000000000000], [100,99,-0.006557931868], [101,99,0.702088599294], [104,99,-0.999987698001], [105,99,0.705201014026], [106,99,-0.002367679151], [107,99,-0.703622314802], [89,100,0.999973747200], [90,100,-0.711355978211], [98,100,-0.000961802584], [99,100,-0.006557931868], [100,100,2.000000000000], [101,100,0.707470038625], [111,100,-0.006557440603], [90,101,-0.006541282715], [98,101,0.706062563636], [99,101,0.702088599294], [100,101,0.707470038625], [101,101,2.000000000000], [103,101,0.708007688283], [105,101,0.009763222221], [112,101,-0.701660139456], [113,101,-0.702603609487], [72,102,0.001810539256], [88,102,-0.707324955106], [91,102,0.002643053125], [93,102,0.705021586898], [98,102,-0.999982460243], [102,102,2.000000000000], [103,102,-0.006123536825], [104,102,0.999986024506], [108,102,0.704400669941], [72,103,-0.999990698880], [88,103,-0.702543956048], [91,103,-0.999993943000], [98,103,0.000200770323], [101,103,0.708007688283], [102,103,-0.006123536825], [103,103,2.000000000000], [105,103,0.713083502498], [112,103,0.006398418192], [113,103,0.005073428684], [93,104,0.708761093695], [99,104,-0.999987698001], [102,104,0.999986024506], [104,104,2.000000000000], [105,104,-0.701675501177], [106,104,0.007327862683], [107,104,0.707138267668], [108,104,0.700638205208], [99,105,0.705201014026], [101,105,0.009763222221], [103,105,0.713083502498], [104,105,-0.701675501177], [105,105,2.000000000000], [106,105,0.707335748730], [107,105,0.007607186747], [112,105,0.705627365295], [113,105,0.704687865453], [99,106,-0.002367679151], [104,106,0.007327862683], [105,106,0.707335748730], [106,106,2.000000000000], [107,106,0.712238121058], [108,106,0.708363379103], [112,106,0.001766165061], [114,106,-0.004426517512], [99,107,-0.703622314802], [104,107,0.707138267668], [105,107,0.007607186747], [106,107,0.712238121058], [107,107,2.000000000000], [113,107,0.704136228179], [114,107,0.705083788529], [93,108,-0.006764260784], [102,108,0.704400669941], [104,108,0.700638205208], [106,108,0.708363379103], [108,108,2.000000000000], [112,108,-0.704595758653], [114,108,0.702705448045], [97,109,0.707390797285], [109,109,2.000000000000], [110,109,0.999999905772], [82,110,-0.000547316615], [97,110,0.707083888697], [109,110,0.999999905772], [110,110,2.000000000000], [111,110,0.999987796990], [82,111,0.004392919239], [89,111,0.000688603007], [100,111,-0.006557440603], [110,111,0.999987796990], [111,111,2.000000000000], [101,112,-0.701660139456], [103,112,0.006398418192], [105,112,0.705627365295], [106,112,0.001766165061], [108,112,-0.704595758653], [112,112,2.000000000000], [113,112,0.999999122173], [114,112,-0.999996461228], [101,113,-0.702603609487], [103,113,0.005073428684], [105,113,0.704687865453], [107,113,0.704136228179], [112,113,0.999999122173], [113,113,2.000000000000], [114,113,0.999999108414], [106,114,-0.004426517512], [107,114,0.705083788529], [108,114,0.702705448045], [112,114,-0.999996461228], [113,114,0.999999108414], [114,114,2.000000000000], ]
},
"Minv": {
"shape": [147, 147],
