{
"N": {
"shape": [147, 99],
"data": [[0,0,-0.003144795330], [1,0,-0.999995055119], [3,0,0.003144795330], [4,0,0.999995055119], [3,1,-0.707073529285], [4,1,0.707140031524], [21,1,0.707073529285], [22,1,-0.707140031524], [3,2,-0.999988307438], [4,2,0.004835802707], [24,2,0.999988307438], [25,2,-0.004835802707], [3,3,-0.999994914038], [4,3,0.003189341483], [45,3,0.999994914038], [46,3,-0.003189341483], [6,4,-0.705609114312], [7,4,-0.708601282669], [30,4,0.705609114312], [31,4,0.708601282669], [9,5,-0.005660623739], [10,5,-0.999983978541], [12,5,0.005660623739], [13,5,0.999983978541], [9,6,-0.999997135854], [10,6,0.002393383538], [30,6,0.999997135854], [31,6,-0.002393383538], [9,7,-0.710571835734], [10,7,-0.703624662915], [33,7,0.710571835734], [34,7,0.703624662915], [12,8,0.002612559648], [13,8,-0.999996587260], [15,8,-0.002612559648], [16,8,0.999996587260], [12,9,-0.708723051802], [13,9,-0.705486807704], [36,9,0.708723051802], [37,9,0.705486807704], [15,10,-0.999986998924], [16,10,0.005099213916], [36,10,0.999986998924], [37,10,-0.005099213916], [15,11,-0.709794684182], [16,11,-0.704408621687], [39,11,0.709794684182], [40,11,0.704408621687], [15,12,-0.999998051557], [16,12,0.001974052277], [57,12,0.999998051557], [58,12,-0.001974052277], [18,13,-0.999996216308], [19,13,0.002750885369], [39,13,0.999996216308], [40,13,-0.002750885369], [18,14,-0.999997199836], [19,14,0.002366499648], [60,14,0.999997199836], [61,14,-0.002366499648], [21,15,0.004293180577], [22,15,-0.999990784258], [24,15,-0.004293180577], [25,15,0.999990784258], [21,16,0.001325988405], [22,16,-0.999999120877], [27,16,-0.001325988405], [28,16,0.999999120877], [21,17,-0.708051641545], [22,17,-0.706160656583], [45,17,0.708051641545], [46,17,0.706160656583], [21,18,-0.999999160197], [22,18,0.001295996194], [63,18,0.999999160197], [64,18,-0.001295996194], [24,19,-0.709471065902], [25,19,-0.704734564676], [48,19,0.709471065902], [49,19,0.704734564676], [27,20,-0.000513786581], [28,20,-0.999999868012], [30,20,0.000513786581], [31,20,0.999999868012], [27,21,-0.002394296357], [28,21,-0.999997133668], [33,21,0.002394296357], [34,21,0.999997133668], [27,22,-0.999999936547], [28,22,-0.000356237996], [48,22,0.999999936547], [49,22,0.000356237996], [27,23,-0.707914931728], [28,23,-0.706297705954], [51,23,0.707914931728], [52,23,0.706297705954], [30,24,-0.004273292311], [31,24,-0.999990869445], [33,24,0.004273292311], [34,24,0.999990869445], [36,25,-0.999999307036], [37,25,-0.001177253851], [57,25,0.999999307036], [58,25,0.001177253851], [36,26,-0.705420332110], [37,26,-0.708789217642], [60,26,0.705420332110], [61,26,0.708789217642], [39,27,-0.705512390930], [40,27,0.708697584478], [57,27,0.705512390930], [58,27,-0.708697584478], [42,28,-0.999994768311], [43,28,-0.003234710202], [63,28,0.999994768311], [64,28,0.003234710202], [42,29,-0.999998184834], [43,29,-0.001905342135], [84,29,0.999998184834], [85,29,0.001905342135], [45,30,-0.005493443009], [46,30,-0.999984910928], [48,30,0.005493443009], [49,30,0.999984910928], [45,31,-0.709949406926], [46,31,0.704252681646], [63,31,0.709949406926], [64,31,-0.704252681646], [45,32,-0.708062181055], [46,32,-0.706150088691], [69,32,0.708062181055], [70,32,0.706150088691], [45,33,-0.999999954604], [46,33,-0.000301316607], [87,33,0.999999954604], [88,33,0.000301316607], [48,34,-0.999999237272], [49,34,-0.001235093658], [90,34,0.999999237272], [91,34,0.001235093658], [51,35,-0.705363003539], [52,35,0.708846269115], [69,35,0.705363003539], [70,35,-0.708846269115], [51,36,-0.999998756399], [52,36,0.001577086350], [72,36,0.999998756399], [73,36,-0.001577086350], [51,37,-0.999999902343], [52,37,0.000441943286], [93,37,0.999999902343], [94,37,-0.000441943286], [54,38,0.001145744002], [55,38,-0.999999343635], [60,38,-0.001145744002], [61,38,0.999999343635], [57,39,0.000980981501], [58,39,-0.999999518838], [60,39,-0.000980981501], [61,39,0.999999518838], [60,40,-0.706635116733], [61,40,0.707578131233], [78,40,0.706635116733], [79,40,-0.707578131233], [63,41,0.004028372722], [64,41,-0.999991886074], [66,41,-0.004028372722], [67,41,0.999991886074], [63,42,0.001349354548], [64,42,-0.999999089621], [69,42,-0.001349354548], [70,42,0.999999089621], [66,43,-0.001345201354], [67,43,-0.999999095216], [69,43,0.001345201354], [70,43,0.999999095216], [66,44,-0.002309551981], [67,44,-0.999997332981], [72,44,0.002309551981], [73,44,0.999997332981], [66,45,-0.706184245080], [67,45,0.708028115262], [84,45,0.706184245080], [85,45,-0.708028115262], [66,46,-0.999993535302], [67,46,0.003595741031], [87,46,0.999993535302], [88,46,-0.003595741031], [66,47,-0.706084735452], [67,47,-0.708127351796], [90,47,0.706084735452], [91,47,0.708127351796], [66,48,-0.999997498316], [67,48,0.002236819712], [108,48,0.999997498316], [109,48,-0.002236819712], [69,49,-0.708271924295], [70,49,0.705939715029], [87,49,0.708271924295], [88,49,-0.705939715029], [69,50,-0.999989899494], [70,50,-0.004494542182], [90,50,0.999989899494], [91,50,0.004494542182], [69,51,-0.707248818531], [70,51,-0.706964715305], [93,51,0.707248818531], [94,51,0.706964715305], [69,52,-0.999995332456], [70,52,-0.003055334028], [111,52,0.999995332456], [112,52,0.003055334028], [72,53,-0.705432684177], [73,53,0.708776924071], [90,53,0.705432684177], [91,53,-0.708776924071], [72,54,-0.999999758081], [73,54,-0.000695584762], [93,54,0.999999758081], [94,54,0.000695584762], [72,55,-0.704849494188], [73,55,-0.709356885174], [96,55,0.704849494188], [97,55,0.709356885174], [72,56,-0.999999992413], [73,56,-0.000123181391], [114,56,0.999999992413], [115,56,0.000123181391], [75,57,0.000062040610], [76,57,-0.999999998075], [81,57,-0.000062040610], [82,57,0.999999998075], [75,58,-0.711892864784], [76,58,-0.702288081253], [99,58,0.711892864784], [100,58,0.702288081253], [75,59,-0.999996657190], [76,59,0.002585654470], [117,59,0.999996657190], [118,59,-0.002585654470], [78,60,0.001453288099], [79,60,-0.999998943976], [81,60,-0.001453288099], [82,60,0.999998943976], [78,61,-0.999995793211], [79,61,0.002900613627], [99,61,0.999995793211], [100,61,-0.002900613627], [78,62,-0.707303041244], [79,62,-0.706910466641], [102,62,0.707303041244], [103,62,0.706910466641], [78,63,-0.999996954846], [79,63,-0.002467852971], [120,63,0.999996954846], [121,63,0.002467852971], [81,64,-0.705918219053], [82,64,0.708293348838], [99,64,0.705918219053], [100,64,-0.708293348838], [81,65,-0.999972963631], [82,65,0.007353367097], [102,65,0.999972963631], [103,65,-0.007353367097], [81,66,-0.999999877153], [82,66,0.000495675002], [123,66,0.999999877153], [124,66,-0.000495675002], [84,67,-0.709425234196], [85,67,-0.704780701414], [108,67,0.709425234196], [109,67,0.704780701414], [84,68,-0.999999251288], [85,68,-0.001223692151], [126,68,0.999999251288], [127,68,0.001223692151], [87,69,0.006634185753], [88,69,-0.999977993548], [90,69,-0.006634185753], [91,69,0.999977993548], [87,70,-0.000173395812], [88,70,-0.999999984967], [93,70,0.000173395812], [94,70,0.999999984967], [87,71,-0.704370689681], [88,71,-0.709832326340], [111,71,0.704370689681], [112,71,0.709832326340], [90,72,-0.007019877881], [91,72,-0.999975360354], [93,72,0.007019877881], [94,72,0.999975360354], [90,73,-0.000899293507], [91,73,-0.999999595636], [96,73,0.000899293507], [97,73,0.999999595636], [90,74,-0.999998674589], [91,74,-0.001628134280], [111,74,0.999998674589], [112,74,0.001628134280], [90,75,-0.707039319870], [91,75,-0.707174236068], [114,75,0.707039319870], [115,75,0.707174236068], [93,76,0.005208786857], [94,76,-0.999986434178], [96,76,-0.005208786857], [97,76,0.999986434178], [93,77,-0.707423940845], [94,77,0.706789479209], [111,77,0.707423940845], [112,77,-0.706789479209], [96,78,-0.705352098251], [97,78,0.708857120648], [114,78,0.705352098251], [115,78,-0.708857120648], [96,79,-0.999989970968], [97,79,0.004478611753], [117,79,0.999989970968], [118,79,-0.004478611753], [99,80,-0.706993961953], [100,80,0.707219582423], [117,80,0.706993961953], [118,80,-0.707219582423], [99,81,-0.703236457135], [100,81,-0.710956036162], [123,81,0.703236457135], [124,81,0.710956036162], [102,82,-0.708343065352], [103,82,0.705868331750], [120,82,0.708343065352], [121,82,-0.705868331750], [102,83,-0.999979813451], [103,83,-0.006353950842], [123,83,0.999979813451], [124,83,0.006353950842], [102,84,-0.999999588637], [103,84,0.000907042484], [144,84,0.999999588637], [145,84,-0.000907042484], [105,85,-0.000783709688], [106,85,-0.999999692900], [108,85,0.000783709688], [109,85,0.999999692900], [105,86,-0.999999924188], [106,86,0.000389389305], [126,86,0.999999924188], [127,86,-0.000389389305], [108,87,-0.709547473025], [109,87,0.704657635681], [126,87,0.709547473025], [127,87,-0.704657635681], [111,88,0.006933993961], [112,88,-0.999975959575], [114,88,-0.006933993961], [115,88,0.999975959575], [114,89,-0.709071623928], [115,89,0.705136463488], [132,89,0.709071623928], [133,89,-0.705136463488], [117,90,-0.000138080330], [118,90,-0.999999990467], [123,90,0.000138080330], [124,90,0.999999990467], [120,91,-0.004647746356], [121,91,-0.999989199169], [123,91,0.004647746356], [124,91,0.999989199169], [120,92,-0.999991402668], [121,92,0.004146635937], [141,92,0.999991402668], [142,92,-0.004146635937], [120,93,-0.710780859679], [121,93,-0.703413512462], [144,93,0.710780859679], [145,93,0.703413512462], [123,94,-0.703171270312], [124,94,0.711020509274], [141,94,0.703171270312], [142,94,-0.711020509274], [126,95,0.002037855938], [127,95,-0.999997923569], [129,95,-0.002037855938], [130,95,0.999997923569], [132,96,0.001124618458], [133,96,-0.999999367616], [138,96,-0.001124618458], [139,96,0.999999367616], [135,97,-0.001493667108], [136,97,-0.999998884479], [138,97,0.001493667108], [139,97,0.999998884479], [141,98,-0.004527661185], [142,98,-0.999989750090], [144,98,0.004527661185], [145,98,0.999989750090], ]
},
"Q": {
"shape": [99, 99],
"data": [[0,0,2.000000000000], [1,0,0.704912933268], [2,0,0.001691020236], [3,0,0.000044546377], [0,1,0.704912933268], [1,1,2.000000000000], [2,1,0.710484851463], [3,1,0.709325244173], [15,1,0.710169109046], [16,1,0.708076981162], [17,1,-0.001290104147], [18,1,-0.707989386272], [0,2,0.001691020236], [1,2,0.710484851463], [2,2,2.000000000000], [3,2,0.999998644561], [15,2,-0.009128888521], [19,2,-0.706054813051], [0,3,0.000044546377], [1,3,0.709325244173], [2,3,0.999998644561], [3,3,2.000000000000], [17,3,0.705795852945], [30,3,-0.002304121711], [31,3,-0.712191898442], [32,3,-0.705806426107], [33,3,-0.999993907640], [4,4,2.000000000000], [6,4,0.703911138699], [20,4,0.708963721636], [24,4,-0.711610086748], [5,5,2.000000000000], [6,5,0.003267262334], [7,5,0.707635669623], [8,5,-0.999965777139], [9,5,-0.709487319308], [4,6,0.703911138699], [5,6,0.003267262334], [6,6,2.000000000000], [7,6,0.708885756867], [20,6,-0.001879598113], [24,6,-0.001879918387], [5,7,0.707635669623], [6,7,0.708885756867], [7,7,2.000000000000], [21,7,0.705323965651], [24,7,0.706654719593], [5,8,-0.999965777139], [8,8,2.000000000000], [9,8,0.703632818815], [10,8,0.007711722195], [11,8,-0.702551836774], [12,8,0.004586600098], [5,9,-0.709487319308], [8,9,0.703632818815], [9,9,2.000000000000], [10,9,0.705116409492], [25,9,-0.709553097743], [26,9,-0.999989093066], [8,10,0.007711722195], [9,10,0.705116409492], [10,10,2.000000000000], [11,10,0.706193525841], [12,10,0.999995116621], [25,10,-0.999980302900], [26,10,-0.701796893045], [8,11,-0.702551836774], [10,11,0.706193525841], [11,11,2.000000000000], [12,11,0.708402761744], [13,11,0.707854251166], [27,11,-0.001556256032], [8,12,0.004586600098], [10,12,0.999995116621], [11,12,0.708402761744], [12,12,2.000000000000], [25,12,0.999995034634], [27,12,0.706910022360], [39,12,0.002955030917], [11,13,0.707854251166], [13,13,2.000000000000], [14,13,0.999999926123], [27,13,-0.707459267304], [13,14,0.999999926123], [14,14,2.000000000000], [26,14,0.703741007384], [38,14,-0.003512238888], [39,14,-0.003347477263], [40,14,-0.708307621437], [1,15,0.710169109046], [2,15,-0.009128888521], [15,15,2.000000000000], [16,15,0.999995597851], [17,15,0.703114355233], [18,15,-0.005589161223], [19,15,-0.701682182623], [1,16,0.708076981162], [15,16,0.999995597851], [16,16,2.000000000000], [17,16,0.705221167514], [18,16,-0.002621982347], [20,16,-0.999998307614], [21,16,-0.999993079739], [22,16,0.000969750639], [23,16,-0.705358398040], [1,17,-0.001290104147], [3,17,0.705795852945], [15,17,0.703114355233], [16,17,0.705221167514], [17,17,2.000000000000], [18,17,0.707135865397], [30,17,-0.710039642614], [31,17,-0.005365306917], [32,17,-0.999999999889], [33,17,-0.708264387335], [1,18,-0.707989386272], [15,18,-0.005589161223], [16,18,-0.002621982347], [17,18,0.707135865397], [18,18,2.000000000000], [28,18,0.999989736340], [31,18,0.710861519503], [41,18,0.005324355018], [42,18,0.002645348429], [2,19,-0.706054813051], [15,19,-0.701682182623], [19,19,2.000000000000], [22,19,0.709722074112], [30,19,0.708621369752], [34,19,-0.710340937959], [4,20,0.708963721636], [6,20,-0.001879598113], [16,20,-0.999998307614], [20,20,2.000000000000], [21,20,0.999998231838], [22,20,0.000870024497], [23,20,0.706661329923], [24,20,-0.999992933018], [7,21,0.705323965651], [16,21,-0.999993079739], [20,21,0.999998231838], [21,21,2.000000000000], [22,21,0.002750533179], [23,21,0.707990639612], [24,21,0.999998234667], [16,22,0.000969750639], [19,22,0.709722074112], [20,22,0.000870024497], [21,22,0.002750533179], [22,22,2.000000000000], [23,22,0.708166496888], [30,22,0.005849675281], [34,22,-0.999999613806], [16,23,-0.705358398040], [20,23,0.706661329923], [21,23,0.707990639612], [22,23,0.708166496888], [23,23,2.000000000000], [35,23,0.001319491255], [36,23,-0.706800158893], [37,23,-0.707602719066], [4,24,-0.711610086748], [6,24,-0.001879918387], [7,24,0.706654719593], [20,24,-0.999992933018], [21,24,0.999998234667], [24,24,2.000000000000], [9,25,-0.709553097743], [10,25,-0.999980302900], [12,25,0.999995034634], [25,25,2.000000000000], [26,25,0.706254268115], [27,25,0.704677585075], [39,25,-0.000196272464], [9,26,-0.999989093066], [10,26,-0.701796893045], [14,26,0.703741007384], [25,26,0.706254268115], [26,26,2.000000000000], [38,26,0.707980521303], [39,26,0.708096872303], [40,26,0.003048971331], [11,27,-0.001556256032], [12,27,0.706910022360], [13,27,-0.707459267304], [25,27,0.704677585075], [27,27,2.000000000000], [39,27,0.709389338083], [18,28,0.999989736340], [28,28,2.000000000000], [29,28,0.999999116384], [31,28,0.707667639358], [41,28,0.000793667691], [42,28,-0.001885359769], [28,29,0.999999116384], [29,29,2.000000000000], [45,29,0.704833927437], [67,29,-0.710766794838], [68,29,-0.999999767676], [3,30,-0.002304121711], [17,30,-0.710039642614], [19,30,0.708621369752], [22,30,0.005849675281], [30,30,2.000000000000], [31,30,-0.700341988520], [32,30,0.710029132781], [33,30,0.005794754821], [34,30,-0.006728513840], [3,31,-0.712191898442], [17,31,-0.005365306917], [18,31,0.710861519503], [28,31,0.707667639358], [30,31,-0.700341988520], [31,31,2.000000000000], [32,31,0.005380231902], [33,31,0.709737171669], [41,31,0.707106908217], [42,31,0.705210013970], [3,32,-0.705806426107], [17,32,-0.999999999889], [30,32,0.710029132781], [31,32,0.005380231902], [32,32,2.000000000000], [33,32,0.708274923661], [35,32,-0.001110989082], [42,32,0.705194018903], [43,32,0.707101935983], [49,32,-0.003001171118], [50,32,-0.711228850630], [51,32,-0.999999337412], [52,32,-0.710216400539], [3,33,-0.999993907640], [17,33,-0.708264387335], [30,33,0.005794754821], [31,33,0.709737171669], [32,33,0.708274923661], [33,33,2.000000000000], [46,33,0.999992406450], [49,33,0.708059180783], [69,33,0.006332875476], [70,33,-0.000474712407], [71,33,-0.704584541974], [19,34,-0.710340937959], [22,34,-0.999999613806], [30,34,-0.006728513840], [34,34,2.000000000000], [47,34,0.706958800502], [50,34,0.999994687954], [53,34,0.704556740239], [69,34,-0.005399114216], [72,34,-0.008254935751], [73,34,-0.002134385979], [74,34,-0.999999922759], [75,34,-0.707912207004], [23,35,0.001319491255], [32,35,-0.001110989082], [35,35,2.000000000000], [36,35,0.706480038124], [37,35,0.705676204505], [42,35,-0.709797408572], [43,35,-0.707896772495], [49,35,-0.999991545062], [50,35,-0.702169939559], [51,35,0.002262149951], [52,35,-0.703193949100], [23,36,-0.706800158893], [35,36,0.706480038124], [36,36,2.000000000000], [37,36,0.999999355724], [44,36,0.000732466965], [53,36,-0.706549609311], [54,36,-0.999997417483], [55,36,-0.703729900575], [56,36,-0.999998554544], [23,37,-0.707602719066], [35,37,0.705676204505], [36,37,0.999999355724], [37,37,2.000000000000], [51,37,0.706936311154], [54,37,0.999999353015], [70,37,-0.000268547484], [72,37,0.006577944798], [76,37,0.005650723639], [77,37,-0.707736232625], [14,38,-0.003512238888], [26,38,0.707980521303], [38,38,2.000000000000], [39,38,0.999999986427], [40,38,0.708387289751], [12,39,0.002955030917], [14,39,-0.003347477263], [25,39,-0.000196272464], [26,39,0.708096872303], [27,39,0.709389338083], [38,39,0.999999986427], [39,39,2.000000000000], [40,39,0.708270986750], [14,40,-0.708307621437], [26,40,0.003048971331], [38,40,0.708387289751], [39,40,0.708270986750], [40,40,2.000000000000], [60,40,0.708604328420], [61,40,-0.708684554838], [62,40,0.000389219820], [63,40,-0.704886766127], [18,41,0.005324355018], [28,41,0.000793667691], [31,41,0.707106908217], [41,41,2.000000000000], [42,41,0.999996411405], [43,41,-0.999985562325], [44,41,-0.999979915340], [45,41,0.710867143723], [46,41,0.007624058536], [47,41,-0.705277233615], [48,41,0.006265164207], [18,42,0.002645348429], [28,42,-0.001885359769], [31,42,0.705210013970], [32,42,0.705194018903], [35,42,-0.709797408572], [41,42,0.999996411405], [42,42,2.000000000000], [43,42,0.999996369684], [49,42,0.706894782298], [50,42,-0.003145197172], [51,42,-0.706009742290], [52,42,-0.001705982997], [32,43,0.707101935983], [35,43,-0.707896772495], [41,43,-0.999985562325], [42,43,0.999996369684], [43,43,2.000000000000], [44,43,0.999999535012], [45,43,-0.707077514647], [46,43,-0.002250545120], [47,43,0.709076537235], [48,43,-0.000891619700], [49,43,0.704986307955], [50,43,-0.005839725882], [51,43,-0.707915467723], [52,43,-0.004400526338], [36,44,0.000732466965], [41,44,-0.999979915340], [43,44,0.999999535012], [44,44,2.000000000000], [45,44,-0.706395257715], [46,44,-0.001286194391], [47,44,0.709756202606], [48,44,0.000072732457], [53,44,0.707145800296], [54,44,-0.003005134329], [55,44,-0.710982879851], [56,44,-0.002432733026], [29,45,0.704833927437], [41,45,0.710867143723], [43,45,-0.707077514647], [44,45,-0.706395257715], [45,45,2.000000000000], [46,45,0.708725565558], [47,45,-0.002748158389], [48,45,0.707766209675], [67,45,-0.001980371757], [68,45,-0.705317307904], [33,46,0.999992406450], [41,46,0.007624058536], [43,46,-0.002250545120], [44,46,-0.001286194391], [45,46,0.708725565558], [46,46,2.000000000000], [47,46,0.703533928254], [48,46,0.999999076659], [49,46,0.710805721930], [69,46,0.010229804767], [70,46,0.003422346286], [71,46,-0.701813762917], [34,47,0.706958800502], [41,47,-0.705277233615], [43,47,0.709076537235], [44,47,0.709756202606], [45,47,-0.002748158389], [46,47,0.703533928254], [47,47,2.000000000000], [48,47,0.704499015832], [50,47,0.709260311893], [53,47,-0.003809076070], [69,47,0.703427471132], [72,47,-0.713066532404], [73,47,-0.708762042872], [74,47,-0.707236726015], [75,47,-0.999999090169], [41,48,0.006265164207], [43,48,-0.000891619700], [44,48,0.000072732457], [45,48,0.707766209675], [46,48,0.999999076659], [47,48,0.704499015832], [48,48,2.000000000000], [67,48,0.707846992073], [85,48,-0.001453111297], [87,48,-0.711121890051], [32,49,-0.003001171118], [33,49,0.708059180783], [35,49,-0.999991545062], [42,49,0.706894782298], [43,49,0.704986307955], [46,49,0.710805721930], [49,49,2.000000000000], [50,49,0.705091894563], [51,49,0.001850011999], [52,49,0.706111736772], [69,49,0.710622987310], [70,49,0.705816893031], [71,49,0.002212846377], [32,50,-0.711228850630], [34,50,0.999994687954], [35,50,-0.702169939559], [42,50,-0.003145197172], [43,50,-0.005839725882], [47,50,0.709260311893], [49,50,0.705091894563], [50,50,2.000000000000], [51,50,0.710419157695], [52,50,0.999998964325], [53,50,0.702239931167], [69,50,-0.002139675471], [72,50,-0.011514238415], [73,50,-0.005393824789], [74,50,-0.999995891814], [75,50,-0.710210602849], [32,51,-0.999999337412], [35,51,0.002262149951], [37,51,0.706936311154], [42,51,-0.706009742290], [43,51,-0.707915467723], [49,51,0.001850011999], [50,51,0.710419157695], [51,51,2.000000000000], [52,51,0.709405530767], [54,51,0.707740401317], [70,51,0.707087338661], [72,51,0.711912096282], [76,51,-0.703271216397], [77,51,-0.000649523414], [32,52,-0.710216400539], [35,52,-0.703193949100], [42,52,-0.001705982997], [43,52,-0.004400526338], [49,52,0.706111736772], [50,52,0.999998964325], [51,52,0.709405530767], [52,52,2.000000000000], [71,52,0.706536176861], [74,52,0.999998981545], [77,52,0.705261160966], [88,52,0.003878701020], [34,53,0.704556740239], [36,53,-0.706549609311], [44,53,0.707145800296], [47,53,-0.003809076070], [50,53,0.702239931167], [53,53,2.000000000000], [54,53,0.704939499091], [55,53,-0.005551920517], [56,53,0.705345370697], [69,53,-0.713441297868], [72,53,0.703807408762], [73,53,0.708142246434], [74,53,-0.704277765181], [75,53,0.002460134588], [36,54,-0.999997417483], [37,54,0.999999353015], [44,54,-0.003005134329], [51,54,0.707740401317], [53,54,0.704939499091], [54,54,2.000000000000], [55,54,0.705342741511], [56,54,0.999999836177], [70,54,0.000868980522], [72,54,0.007715443806], [76,54,0.004513210271], [77,54,-0.706932137713], [36,55,-0.703729900575], [44,55,-0.710982879851], [53,55,-0.005551920517], [54,55,0.705342741511], [55,55,2.000000000000], [56,55,0.704936868408], [73,55,0.709990464909], [76,55,0.705675851383], [78,55,0.005665609459], [79,55,-0.701665491147], [36,56,-0.999998554544], [44,56,-0.002432733026], [53,56,0.705345370697], [54,56,0.999999836177], [55,56,0.704936868408], [56,56,2.000000000000], [75,56,0.707126425212], [78,56,0.705264774894], [88,56,-0.006810815479], [89,56,-0.708984758858], [57,57,2.000000000000], [58,57,0.702243913634], [59,57,-0.002647694867], [60,57,0.999999032215], [64,57,0.708337143072], [65,57,0.007415406015], [66,57,0.000557715604], [57,58,0.702243913634], [58,58,2.000000000000], [59,58,0.710074610744], [61,58,0.709852803622], [64,58,0.005112166345], [80,58,-0.006632073395], [81,58,-0.999924966582], [57,59,-0.002647694867], [58,59,0.710074610744], [59,59,2.000000000000], [79,59,0.999998208334], [80,59,0.708820224081], [90,59,0.002447574577], [40,60,0.708604328420], [57,60,0.999999032215], [60,60,2.000000000000], [61,60,-0.004353892550], [62,60,0.705881805034], [63,60,0.001014566691], [64,60,0.709318503410], [65,60,0.008806608139], [66,60,0.001948962400], [40,61,-0.708684554838], [58,61,0.709852803622], [60,61,-0.004353892550], [61,61,2.000000000000], [62,61,0.705249591637], [63,61,0.999985589783], [64,61,0.707969734745], [80,61,-0.709042358537], [81,61,-0.701171290001], [40,62,0.000389219820], [60,62,0.705881805034], [61,62,0.705249591637], [62,62,2.000000000000], [63,62,0.709045438493], [65,62,0.702085746173], [82,62,-0.002027492584], [83,62,-0.711780437591], [84,62,-0.706661552460], [40,63,-0.704886766127], [60,63,0.001014566691], [61,63,0.999985589783], [62,63,0.709045438493], [63,63,2.000000000000], [82,63,0.706598929079], [91,63,-0.007115558519], [92,63,-0.999978124253], [93,63,-0.712514616369], [57,64,0.708337143072], [58,64,0.005112166345], [60,64,0.709318503410], [61,64,0.707969734745], [64,64,2.000000000000], [65,64,0.711107474594], [66,64,0.706269215641], [80,64,-0.999998844901], [81,64,0.007138004336], [57,65,0.007415406015], [60,65,0.008806608139], [62,65,0.702085746173], [64,65,0.711107474594], [65,65,2.000000000000], [66,65,0.999976485667], [82,65,-0.713514423293], [83,65,-0.999906054694], [84,65,-0.999979222095], [57,66,0.000557715604], [60,66,0.001948962400], [64,66,0.706269215641], [65,66,0.999976485667], [66,66,2.000000000000], [81,66,0.702883967610], [83,66,0.999976541112], [90,66,-0.000357594685], [91,66,0.004152076137], [94,66,-0.703523619022], [29,67,-0.710766794838], [45,67,-0.001980371757], [48,67,0.707846992073], [67,67,2.000000000000], [68,67,0.710287137654], [85,67,0.705336468405], [87,67,-0.006741779492], [29,68,-0.999999767676], [45,68,-0.705317307904], [67,68,0.710287137654], [68,68,2.000000000000], [86,68,0.999998698984], [87,68,0.708684657760], [95,68,0.000814164802], [33,69,0.006332875476], [34,69,-0.005399114216], [46,69,0.010229804767], [47,69,0.703427471132], [49,69,0.710622987310], [50,69,-0.002139675471], [53,69,-0.713441297868], [69,69,2.000000000000], [70,69,0.999976828175], [71,69,0.705143779455], [72,69,-0.999906783270], [73,69,-0.999971623112], [74,69,0.005006078510], [75,69,-0.702468043489], [33,70,-0.000474712407], [37,70,-0.000268547484], [46,70,0.003422346286], [49,70,0.705816893031], [51,70,0.707087338661], [54,70,0.000868980522], [69,70,0.999976828175], [70,70,2.000000000000], [71,70,0.709954450597], [72,70,0.999976562538], [76,70,-0.999985515963], [77,70,0.706666804234], [33,71,-0.704584541974], [46,71,-0.701813762917], [49,71,0.002212846377], [52,71,0.706536176861], [69,71,0.705143779455], [70,71,0.709954450597], [71,71,2.000000000000], [74,71,0.705525458444], [77,71,-0.003413331150], [88,71,-0.704931159561], [34,72,-0.008254935751], [37,72,0.006577944798], [47,72,-0.713066532404], [50,72,-0.011514238415], [51,72,0.711912096282], [53,72,0.703807408762], [54,72,0.007715443806], [69,72,-0.999906783270], [70,72,0.999976562538], [72,72,2.000000000000], [73,72,0.999981268930], [74,72,0.008647962739], [75,72,0.712120141227], [76,72,-0.999925229818], [77,72,0.701806034491], [34,73,-0.002134385979], [47,73,-0.708762042872], [50,73,-0.005393824789], [53,73,0.708142246434], [55,73,0.709990464909], [69,73,-0.999971623112], [72,73,0.999981268930], [73,73,2.000000000000], [74,73,0.002527425937], [75,73,0.707809785981], [76,73,0.999981345591], [78,73,0.708222515449], [79,73,0.003579325453], [34,74,-0.999999922759], [47,74,-0.707236726015], [50,74,-0.999995891814], [52,74,0.999998981545], [53,74,-0.704277765181], [69,74,0.005006078510], [71,74,0.705525458444], [72,74,0.008647962739], [73,74,0.002527425937], [74,74,2.000000000000], [75,74,0.708189757367], [77,74,0.706272255037], [88,74,0.005305889632], [34,75,-0.707912207004], [47,75,-0.999999090169], [50,75,-0.710210602849], [53,75,0.002460134588], [56,75,0.707126425212], [69,75,-0.702468043489], [72,75,0.712120141227], [73,75,0.707809785981], [74,75,0.708189757367], [75,75,2.000000000000], [78,75,-0.002573824959], [88,75,0.702254628924], [89,75,-0.002687178830], [37,76,0.005650723639], [51,76,-0.703271216397], [54,76,0.004513210271], [55,76,0.705675851383], [70,76,-0.999985515963], [72,76,-0.999925229818], [73,76,0.999981345591], [76,76,2.000000000000], [77,76,-0.710464711553], [78,76,0.712521533157], [79,76,0.009687285614], [37,77,-0.707736232625], [51,77,-0.000649523414], [52,77,0.705261160966], [54,77,-0.706932137713], [70,77,0.706666804234], [71,77,-0.003413331150], [72,77,0.701806034491], [74,77,0.706272255037], [76,77,-0.710464711553], [77,77,2.000000000000], [88,77,0.711677761023], [55,78,0.005665609459], [56,78,0.705264774894], [73,78,0.708222515449], [75,78,-0.002573824959], [76,78,0.712521533157], [78,78,2.000000000000], [79,78,0.708519720084], [88,78,-0.713730986611], [89,78,-0.999986160920], [55,79,-0.701665491147], [59,79,0.999998208334], [73,79,0.003579325453], [76,79,0.009687285614], [78,79,0.708519720084], [79,79,2.000000000000], [80,79,0.710154233421], [90,79,0.004340532765], [58,80,-0.006632073395], [59,80,0.708820224081], [61,80,-0.709042358537], [64,80,-0.999998844901], [79,80,0.710154233421], [80,80,2.000000000000], [81,80,-0.005618101996], [90,80,0.707121953721], [58,81,-0.999924966582], [61,81,-0.701171290001], [64,81,0.007138004336], [66,81,0.702883967610], [80,81,-0.005618101996], [81,81,2.000000000000], [83,81,0.707739640922], [90,81,0.711053132507], [91,81,0.714216821927], [94,81,0.011008650010], [62,82,-0.002027492584], [63,82,0.706598929079], [65,82,-0.713514423293], [82,82,2.000000000000], [83,82,0.703843713669], [84,82,0.708983026531], [91,82,0.702568508884], [92,82,-0.711263954483], [93,82,-0.006959370367], [62,83,-0.711780437591], [65,83,-0.999906054694], [66,83,0.999976541112], [81,83,0.707739640922], [82,83,0.703843713669], [83,83,2.000000000000], [84,83,0.999973638792], [90,83,0.006492028324], [91,83,0.011001534748], [94,83,-0.698639286347], [62,84,-0.706661552460], [65,84,-0.999979222095], [82,84,0.708983026531], [83,84,0.999973638792], [84,84,2.000000000000], [93,84,0.710142541350], [98,84,0.003620626135], [48,85,-0.001453111297], [67,85,0.705336468405], [85,85,2.000000000000], [86,85,0.000394320443], [87,85,0.704101340052], [68,86,0.999998698984], [85,86,0.000394320443], [86,86,2.000000000000], [87,86,0.709821805380], [95,86,0.002427244281], [48,87,-0.711121890051], [67,87,-0.006741779492], [68,87,0.708684657760], [85,87,0.704101340052], [86,87,0.709821805380], [87,87,2.000000000000], [95,87,0.706102128040], [52,88,0.003878701020], [56,88,-0.006810815479], [71,88,-0.704931159561], [74,88,0.005305889632], [75,88,0.702254628924], [77,88,0.711677761023], [78,88,-0.713730986611], [88,88,2.000000000000], [89,88,0.710036210066], [56,89,-0.708984758858], [75,89,-0.002687178830], [78,89,-0.999986160920], [88,89,0.710036210066], [89,89,2.000000000000], [96,89,0.705933452608], [59,90,0.002447574577], [66,90,-0.000357594685], [79,90,0.004340532765], [80,90,0.707121953721], [81,90,0.711053132507], [83,90,0.006492028324], [90,90,2.000000000000], [91,90,0.999989831398], [94,90,0.710923408375], [63,91,-0.007115558519], [66,91,0.004152076137], [81,91,0.714216821927], [82,91,0.702568508884], [83,91,0.011001534748], [90,91,0.999989831398], [91,91,2.000000000000], [92,91,0.000501115248], [93,91,0.706709444162], [94,91,0.707744667952], [63,92,-0.999978124253], [82,92,-0.711263954483], [91,92,0.000501115248], [92,92,2.000000000000], [93,92,0.707857949111], [94,92,0.706113568110], [98,92,-0.000381028825], [63,93,-0.712514616369], [82,93,-0.006959370367], [84,93,0.710142541350], [91,93,0.706709444162], [92,93,0.707857949111], [93,93,2.000000000000], [98,93,0.706624477445], [66,94,-0.703523619022], [81,94,0.011008650010], [83,94,-0.698639286347], [90,94,0.710923408375], [91,94,0.707744667952], [92,94,0.706113568110], [94,94,2.000000000000], [98,94,0.707829500111], [68,95,0.000814164802], [86,95,0.002427244281], [87,95,0.706102128040], [95,95,2.000000000000], [89,96,0.705933452608], [96,96,2.000000000000], [97,96,0.999996572290], [96,97,0.999996572290], [97,97,2.000000000000], [84,98,0.003620626135], [92,98,-0.000381028825], [93,98,0.706624477445], [94,98,0.707829500111], [98,98,2.000000000000], ]
},
"Minv": {
"shape": [147, 147],
"data": [[0,0,1.000000000000], [1,1,1.000000000000], [2,2,2.000000000000], [3,3,1.000000000000], [4,4,1.000000000000], [5,5,2.000000000000], [6,6,1.000000000000], [7,7,1.000000000000], [8,8,2.000000000000], [9,9,1.000000000000], [10,10,1.000000000000], [11,11,2.000000000000], [12,12,1.000000000000], [13,13,1.000000000000], [14,14,2.000000000000], [15,15,1.000000000000], [16,16,1.000000000000], [17,17,2.000000000000], [18,18,1.000000000000], [19,19,1.000000000000], [20,20,2.000000000000], [21,21,1.000000000000], [22,22,1.000000000000], [23,23,2.000000000000], [24,24,1.000000000000], [25,25,1.000000000000], [26,26,2.000000000000], [27,27,1.000000000000], [28,28,1.000000000000], [29,29,2.000000000000], [30,30,1.000000000000], [31,31,1.000000000000], [32,32,2.000000000000], [33,33,1.000000000000], [34,34,1.000000000000], [35,35,2.000000000000], [36,36,1.000000000000], [37,37,1.000000000000], [38,38,2.000000000000], [39,39,1.000000000000], [40,40,1.000000000000], [41,41,2.000000000000], [42,42,1.000000000000], [43,43,1.000000000000], [44,44,2.000000000000], [45,45,1.000000000000], [46,46,1.000000000000], [47,47,2.000000000000], [48,48,1.000000000000], [49,49,1.000000000000], [50,50,2.000000000000], [51,51,1.000000000000], [52,52,1.000000000000], [53,53,2.000000000000], [54,54,1.000000000000], [55,55,1.000000000000], [56,56,2.000000000000], [57,57,1.000000000000], [58,58,1.000000000000], [59,59,2.000000000000], [60,60,1.000000000000], [61,61,1.000000000000], [62,62,2.000000000000], [63,63,1.000000000000], [64,64,1.000000000000], [65,65,2.000000000000], [66,66,1.000000000000], [67,67,1.000000000000], [68,68,2.000000000000], [69,69,1.000000000000], [70,70,1.000000000000], [71,71,2.000000000000], [72,72,1.000000000000], [73,73,1.000000000000], [74,74,2.000000000000], [75,75,1.000000000000], [76,76,1.000000000000], [77,77,2.000000000000], [78,78,1.000000000000], [79,79,1.000000000000], [80,80,2.000000000000], [81,81,1.000000000000], [82,82,1.000000000000], [83,83,2.000000000000], [84,84,1.000000000000], [85,85,1.000000000000], [86,86,2.000000000000], [87,87,1.000000000000], [88,88,1.000000000000], [89,89,2.000000000000], [90,90,1.000000000000], [91,91,1.000000000000], [92,92,2.000000000000], [93,93,1.000000000000], [94,94,1.000000000000], [95,95,2.000000000000], [96,96,1.000000000000], [97,97,1.000000000000], [98,98,2.000000000000], [99,99,1.000000000000], [100,100,1.000000000000], [101,101,2.000000000000], [102,102,1.000000000000], [103,103,1.000000000000], [104,104,2.000000000000], [105,105,1.000000000000], [106,106,1.000000000000], [107,107,2.000000000000], [108,108,1.000000000000], [109,109,1.000000000000], [110,110,2.000000000000], [111,111,1.000000000000], [112,112,1.000000000000], [113,113,2.000000000000], [114,114,1.000000000000], [115,115,1.000000000000], [116,116,2.000000000000], [117,117,1.000000000000], [118,118,1.000000000000], [119,119,2.000000000000], [120,120,1.000000000000], [121,121,1.000000000000], [122,122,2.000000000000], [123,123,1.000000000000], [124,124,1.000000000000], [125,125,2.000000000000], [126,126,1.000000000000], [127,127,1.000000000000], [128,128,2.000000000000], [129,129,1.000000000000], [130,130,1.000000000000], [131,131,2.000000000000], [132,132,1.000000000000], [133,133,1.000000000000], [134,134,2.000000000000], [135,135,1.000000000000], [136,136,1.000000000000], [137,137,2.000000000000], [138,138,1.000000000000], [139,139,1.000000000000], [140,140,2.000000000000], [141,141,1.000000000000], [142,142,1.000000000000], [143,143,2.000000000000], [144,144,1.000000000000], [145,145,1.000000000000], [146,146,2.000000000000], ]
},
"v0": {
"shape": [147, 1],
"data": [[0,0,0.006066838531], [1,0,-0.048494547461], [2,0,0.000000000000], [3,0,0.849775218665], [4,0,-0.597043992508], [5,0,0.000000000000], [6,0,-0.316870266977], [7,0,0.526664936577], [8,0,0.000000000000], [9,0,0.046377459032], [10,0,0.607256519898], [11,0,0.000000000000], [12,0,-0.842936818155], [13,0,0.375597300240], [14,0,0.000000000000], [15,0,0.608243185397], [16,0,0.330399186119], [17,0,0.000000000000], [18,0,-0.191932381347], [19,0,0.667191420333], [20,0,0.000000000000], [21,0,0.531695807257], [22,0,0.902543348167], [23,0,0.000000000000], [24,0,0.665541483955], [25,0,-0.453853684735], [26,0,0.000000000000], [27,0,0.898150124793], [28,0,-0.123389933220], [29,0,0.000000000000], [30,0,-0.427543679298], [31,0,-0.387911212651], [32,0,0.000000000000], [33,0,-0.322052695596], [34,0,-0.954158113324], [35,0,0.000000000000], [36,0,-0.425819234738], [37,0,-0.387256208411], [38,0,0.000000000000], [39,0,-0.765535767695], [40,0,0.756138876779], [41,0,0.000000000000], [42,0,0.848191376999], [43,0,-0.758748696259], [44,0,0.000000000000], [45,0,0.728190565175], [46,0,-0.581879360443], [47,0,0.000000000000], [48,0,0.150524308187], [49,0,-0.917709891257], [50,0,0.000000000000], [51,0,0.805925836567], [52,0,-0.612850874996], [53,0,0.000000000000], [54,0,-0.035374709370], [55,0,-0.159905030011], [56,0,0.000000000000], [57,0,-0.857463468583], [58,0,0.919074650091], [59,0,0.000000000000], [60,0,-0.255265845507], [61,0,-0.801370712205], [62,0,0.000000000000], [63,0,-0.675168663445], [64,0,0.217803589398], [65,0,0.000000000000], [66,0,0.811321843188], [67,0,-0.368848795846], [68,0,0.000000000000], [69,0,0.642000665214], [70,0,-0.664388066445], [71,0,0.000000000000], [72,0,0.633529720270], [73,0,-0.573922215742], [74,0,0.000000000000], [75,0,0.502347768481], [76,0,0.613346665975], [77,0,0.000000000000], [78,0,0.897792555786], [79,0,0.730337141431], [80,0,0.000000000000], [81,0,0.816636968275], [82,0,-0.282159617202], [83,0,0.000000000000], [84,0,0.170067367243], [85,0,0.010389705379], [86,0,0.000000000000], [87,0,-0.786339581744], [88,0,0.840208499394], [89,0,0.000000000000], [90,0,-0.432890688675], [91,0,0.832207182417], [92,0,0.000000000000], [93,0,-0.796216447521], [94,0,-0.758798418073], [95,0,0.000000000000], [96,0,0.610625024030], [97,0,-0.927892220818], [98,0,0.000000000000], [99,0,-0.580884771588], [100,0,-0.321540962423], [101,0,0.000000000000], [102,0,0.788527151836], [103,0,0.072241137927], [104,0,0.000000000000], [105,0,0.183715215015], [106,0,-0.776274098641], [107,0,0.000000000000], [108,0,-0.735888047212], [109,0,-0.831833637631], [110,0,0.000000000000], [111,0,-0.959450835727], [112,0,0.065460716521], [113,0,0.000000000000], [114,0,0.307182152548], [115,0,-0.355240839985], [116,0,0.000000000000], [117,0,-0.057498201742], [118,0,0.409558036867], [119,0,0.000000000000], [120,0,0.222097429491], [121,0,0.916576693728], [122,0,0.000000000000], [123,0,-0.708325660866], [124,0,-0.960757710939], [125,0,0.000000000000], [126,0,-0.620233216514], [127,0,-0.370786374593], [128,0,0.000000000000], [129,0,0.166486964394], [130,0,-0.572503671591], [131,0,0.000000000000], [132,0,-0.008406298523], [133,0,-0.169507016921], [134,0,0.000000000000], [135,0,0.659164349285], [136,0,-0.000237008184], [137,0,0.000000000000], [138,0,0.865011243150], [139,0,-0.766401046433], [140,0,0.000000000000], [141,0,-0.105514404962], [142,0,0.920874162715], [143,0,0.000000000000], [144,0,-0.157286923627], [145,0,0.400417700740], [146,0,0.000000000000], ]
},
"b": {
"shape": [99, 1],
