{
"N": {
"shape": [147, 105],
"data": [[0,0,0.003580712555], [1,0,-0.999993589228], [6,0,-0.003580712555], [7,0,0.999993589228], [0,1,-0.999993259915], [1,1,0.003671529039], [21,1,0.999993259915], [22,1,-0.003671529039], [0,2,-0.707149019320], [1,2,-0.707064540530], [24,2,0.707149019320], [25,2,0.707064540530], [3,3,0.002152085577], [4,3,-0.999997684261], [6,3,-0.002152085577], [7,3,0.999997684261], [3,4,-0.002589775187], [4,4,-0.999996646527], [9,4,0.002589775187], [10,4,0.999996646527], [3,5,-0.708557609599], [4,5,0.705652969865], [21,5,0.708557609599], [22,5,-0.705652969865], [3,6,-0.999994003827], [4,6,0.003462991394], [24,6,0.999994003827], [25,6,-0.003462991394], [3,7,-0.709560739651], [4,7,-0.704644276743], [27,7,0.709560739651], [28,7,0.704644276743], [3,8,-0.999997494109], [4,8,-0.002238699561], [45,8,0.999997494109], [46,8,0.002238699561], [6,9,-0.706993939338], [7,9,0.707219605031], [24,9,0.706993939338], [25,9,-0.707219605031], [6,10,-0.710251635443], [7,10,-0.703947877581], [30,10,0.710251635443], [31,10,0.703947877581], [9,11,-0.704468167335], [10,11,0.709735585421], [27,11,0.704468167335], [28,11,-0.709735585421], [12,12,0.004391423933], [13,12,-0.999990357651], [18,12,-0.004391423933], [19,12,0.999990357651], [15,13,0.004308282727], [16,13,-0.999990719307], [18,13,-0.004308282727], [19,13,0.999990719307], [15,14,-0.708794865950], [16,14,-0.705414656782], [39,14,0.708794865950], [40,14,0.705414656782], [15,15,-0.999995871080], [16,15,0.002873642933], [57,15,0.999995871080], [58,15,-0.002873642933], [18,16,-0.708531467656], [19,16,0.705679218442], [36,16,0.708531467656], [37,16,-0.705679218442], [18,17,-0.999999261324], [19,17,0.001215463416], [39,17,0.999999261324], [40,17,-0.001215463416], [18,18,-0.999999971340], [19,18,-0.000239417941], [60,18,0.999999971340], [61,18,0.000239417941], [21,19,0.006151184545], [22,19,-0.999981081285], [24,19,-0.006151184545], [25,19,0.999981081285], [21,20,-0.703651277691], [22,20,-0.710545480180], [45,20,0.703651277691], [46,20,0.710545480180], [24,21,-0.001963771764], [25,21,-0.999998071798], [30,21,0.001963771764], [31,21,0.999998071798], [27,22,-0.000345774330], [28,22,-0.999999940220], [30,22,0.000345774330], [31,22,0.999999940220], [27,23,0.000685658843], [28,23,-0.999999764936], [33,23,-0.000685658843], [34,23,0.999999764936], [27,24,-0.702755508264], [28,24,-0.711431441254], [51,24,0.702755508264], [52,24,0.711431441254], [27,25,-0.999999986369], [28,25,-0.000165110079], [69,25,0.999999986369], [70,25,0.000165110079], [33,26,-0.000367304542], [34,26,-0.999999932544], [36,26,0.000367304542], [37,26,0.999999932544], [33,27,-0.000754665169], [34,27,-0.999999715240], [39,27,0.000754665169], [40,27,0.999999715240], [33,28,-0.707079986394], [34,28,0.707133574964], [51,28,0.707079986394], [52,28,-0.707133574964], [33,29,-0.999999813183], [34,29,0.000611255665], [54,29,0.999999813183], [55,29,-0.000611255665], [33,30,-0.709938486063], [34,30,-0.704263690677], [57,30,0.709938486063], [58,30,0.704263690677], [36,31,-0.708557695976], [37,31,0.705652883132], [54,31,0.708557695976], [55,31,-0.705652883132], [36,32,-0.999995257184], [37,32,0.003079871766], [57,32,0.999995257184], [58,32,-0.003079871766], [36,33,-0.706914601244], [37,33,-0.707298908912], [60,33,0.706914601244], [61,33,0.707298908912], [36,34,-0.999997867264], [37,34,-0.002065301019], [78,34,0.999997867264], [79,34,0.002065301019], [39,35,-0.706764774282], [40,35,0.707448622752], [57,35,0.706764774282], [58,35,-0.707448622752], [39,36,-0.999998548873], [40,36,-0.001703599699], [60,36,0.999998548873], [61,36,0.001703599699], [42,37,-0.003722039728], [43,37,-0.999993073186], [45,37,0.003722039728], [46,37,0.999993073186], [45,38,-0.705733680965], [46,38,0.708477220206], [63,38,0.705733680965], [64,38,-0.708477220206], [48,39,0.003872680942], [49,39,-0.999992501143], [51,39,-0.003872680942], [52,39,0.999992501143], [48,40,-0.001102904583], [49,40,-0.999999391801], [54,40,0.001102904583], [55,40,0.999999391801], [48,41,-0.999967339218], [49,41,0.008082109684], [69,41,0.999967339218], [70,41,-0.008082109684], [48,42,-0.710364472148], [49,42,-0.703834012186], [72,42,0.710364472148], [73,42,0.703834012186], [48,43,-0.999992771817], [49,43,0.003802145825], [90,43,0.999992771817], [91,43,-0.003802145825], [51,44,-0.006093690415], [52,44,-0.999981433296], [54,44,0.006093690415], [55,44,0.999981433296], [51,45,-0.704992529996], [52,45,0.709214729578], [69,45,0.704992529996], [70,45,-0.709214729578], [54,46,-0.706111567977], [55,46,0.708100595657], [72,46,0.706111567977], [73,46,-0.708100595657], [54,47,-0.999999753433], [55,47,0.000702234249], [96,47,0.999999753433], [97,47,-0.000702234249], [57,48,-0.999999856474], [58,48,-0.000535771397], [99,48,0.999999856474], [100,48,0.000535771397], [63,49,-0.001396145126], [64,49,-0.999999025389], [66,49,0.001396145126], [67,49,0.999999025389], [63,50,-0.001320120543], [64,50,-0.999999128640], [69,50,0.001320120543], [70,50,0.999999128640], [63,51,-0.999977067296], [64,51,0.006772361627], [84,51,0.999977067296], [85,51,-0.006772361627], [66,52,-0.002913318641], [67,52,-0.999995756278], [72,52,0.002913318641], [73,52,0.999995756278], [66,53,-0.706490970975], [67,53,0.707722055564], [84,53,0.706490970975], [85,53,-0.707722055564], [66,54,-0.709167612437], [67,54,-0.705039926154], [90,54,0.709167612437], [91,54,0.705039926154], [66,55,-0.999999942023], [67,55,-0.000340520934], [108,55,0.999999942023], [109,55,0.000340520934], [69,56,-0.004569038557], [70,56,-0.999989561889], [72,56,0.004569038557], [73,56,0.999989561889], [69,57,-0.705652935072], [70,57,-0.708557644249], [93,57,0.705652935072], [94,57,0.708557644249], [72,58,-0.705159090424], [73,58,-0.709049121848], [96,58,0.705159090424], [97,58,0.709049121848], [75,59,0.000458648120], [76,59,-0.999999894821], [78,59,-0.000458648120], [79,59,0.999999894821], [75,60,-0.002322505090], [76,60,-0.999997302981], [81,60,0.002322505090], [82,60,0.999997302981], [75,61,-0.999999998227], [76,61,0.000059556316], [96,61,0.999999998227], [97,61,-0.000059556316], [75,62,-0.708185777371], [76,62,-0.706026136011], [99,62,0.708185777371], [100,62,0.706026136011], [75,63,-0.999999934689], [76,63,-0.000361416140], [117,63,0.999999934689], [118,63,0.000361416140], [78,64,-0.005137877993], [79,64,-0.999986801018], [81,64,0.005137877993], [82,64,0.999986801018], [78,65,-0.706191937446], [79,65,0.708020442844], [96,65,0.706191937446], [97,65,-0.708020442844], [78,66,-0.999981184848], [79,66,0.006134325496], [99,66,0.999981184848], [100,66,-0.006134325496], [78,67,-0.706563030687], [79,67,-0.707650113874], [102,67,0.706563030687], [103,67,0.707650113874], [81,68,-0.706522913704], [82,68,0.707690166959], [99,68,0.706522913704], [100,68,-0.707690166959], [81,69,-0.999974939419], [82,69,-0.007079585684], [102,69,0.999974939419], [103,69,0.007079585684], [81,70,-0.999999996431], [82,70,-0.000084486253], [123,70,0.999999996431], [124,70,0.000084486253], [84,71,-0.002333765780], [85,71,-0.999997276765], [87,71,0.002333765780], [88,71,0.999997276765], [84,72,-0.703760262488], [85,72,-0.710437536271], [108,72,0.703760262488], [109,72,0.710437536271], [87,73,0.001747595183], [88,73,-0.999998472954], [93,73,-0.001747595183], [94,73,0.999998472954], [87,74,-0.704742715110], [88,74,0.709462969787], [105,74,0.704742715110], [106,74,-0.709462969787], [87,75,-0.999999818145], [88,75,0.000603083654], [108,75,0.999999818145], [109,75,-0.000603083654], [87,76,-0.999997620188], [88,76,0.002181654981], [129,76,0.999997620188], [130,76,-0.002181654981], [90,77,-0.003675642018], [91,77,-0.999993244805], [93,77,0.003675642018], [94,77,0.999993244805], [90,78,-0.001372302967], [91,78,-0.999999058392], [96,78,0.001372302967], [97,78,0.999999058392], [90,79,-0.709436765682], [91,79,-0.704769093745], [114,79,0.709436765682], [115,79,0.704769093745], [93,80,-0.704277942994], [94,80,0.709924347386], [111,80,0.704277942994], [112,80,-0.709924347386], [99,81,0.004082375538], [100,81,-0.999991667070], [102,81,-0.004082375538], [103,81,0.999991667070], [102,82,-0.709111458355], [103,82,0.705096404494], [120,82,0.709111458355], [121,82,-0.705096404494], [105,83,0.005529240457], [106,83,-0.999984713633], [108,83,-0.005529240457], [109,83,0.999984713633], [105,84,-0.999976578621], [106,84,-0.006844136798], [126,84,0.999976578621], [127,84,0.006844136798], [105,85,-0.703937566469], [106,85,-0.710261854891], [129,85,0.703937566469], [130,85,0.710261854891], [108,86,-0.709043252808], [109,86,0.705164991791], [126,86,0.709043252808], [127,86,-0.705164991791], [111,87,-0.006038748521], [112,87,-0.999981766592], [114,87,0.006038748521], [115,87,0.999981766592], [111,88,-0.002785322133], [112,88,-0.999996120983], [117,88,0.002785322133], [118,88,0.999996120983], [111,89,-0.708370693520], [112,89,0.705840605635], [129,89,0.708370693520], [130,89,-0.705840605635], [111,90,-0.999988252341], [112,90,-0.004847182678], [132,90,0.999988252341], [133,90,0.004847182678], [111,91,-0.706463741250], [112,91,-0.707749236876], [135,91,0.706463741250], [136,91,0.707749236876], [114,92,-0.710028823668], [115,92,0.704172613470], [132,92,0.710028823668], [133,92,-0.704172613470], [114,93,-0.706433921148], [115,93,-0.707779001562], [138,93,0.706433921148], [139,93,0.707779001562], [117,94,-0.999999694874], [118,94,0.000781186831], [138,94,0.999999694874], [139,94,-0.000781186831], [117,95,-0.708689589004], [118,95,-0.705520422410], [141,95,0.708689589004], [142,95,0.705520422410], [120,96,-0.000243078628], [121,96,-0.999999970456], [123,96,0.000243078628], [124,96,0.999999970456], [120,97,-0.999979863594], [121,97,0.006346054383], [141,97,0.999979863594], [142,97,-0.006346054383], [123,98,-0.707978458570], [124,98,0.706234027926], [141,98,0.707978458570], [142,98,-0.706234027926], [126,99,0.005794150485], [127,99,-0.999983213769], [129,99,-0.005794150485], [130,99,0.999983213769], [126,100,0.000459832066], [127,100,-0.999999894277], [132,100,-0.000459832066], [133,100,0.999999894277], [132,101,0.005223154920], [133,101,-0.999986359233], [135,101,-0.005223154920], [136,101,0.999986359233], [132,102,-0.000618211268], [133,102,-0.999999808907], [138,102,0.000618211268], [139,102,0.999999808907], [135,103,-0.006463096683], [136,103,-0.999979113973], [138,103,0.006463096683], [139,103,0.999979113973], [135,104,-0.002579280286], [136,104,-0.999996673651], [141,104,0.002579280286], [142,104,0.999996673651], ]
},
"Q": {
"shape": [105, 105],
"data": [[0,0,2.000000000000], [1,0,-0.007252193923], [2,0,0.704527910328], [3,0,0.999998979504], [9,0,0.709746613282], [10,0,-0.701400157784], [0,1,-0.007252193923], [1,1,2.000000000000], [2,1,0.704548245082], [5,1,0.711143659230], [19,1,0.009822602665], [20,1,-0.701037746657], [0,2,0.704527910328], [1,2,0.704548245082], [2,2,2.000000000000], [6,2,0.704696220714], [9,2,-0.000099834217], [19,2,0.702701359659], [21,2,-0.708451856444], [0,3,0.999998979504], [3,3,2.000000000000], [4,3,0.999988757378], [5,3,-0.707176212370], [6,3,-0.005615056048], [7,3,0.703115609537], [8,3,0.000086614192], [9,3,0.708739478755], [10,3,-0.702417725121], [3,4,0.999988757378], [4,4,2.000000000000], [5,4,-0.703815598561], [6,4,-0.000873220123], [7,4,0.706479516534], [8,4,0.004828460751], [11,4,0.707908791162], [1,5,0.711143659230], [3,5,-0.707176212370], [4,5,-0.703815598561], [5,5,2.000000000000], [6,5,0.710997031127], [7,5,0.005530334970], [8,5,0.706976089036], [19,5,0.709998088436], [20,5,0.002821061001], [2,6,0.704696220714], [3,6,-0.005615056048], [4,6,-0.000873220123], [5,6,0.710997031127], [6,6,2.000000000000], [7,6,0.707116307936], [8,6,0.999983745354], [9,6,0.709438795486], [19,6,-0.009614073540], [21,6,0.001499224728], [3,7,0.703115609537], [4,7,0.706479516534], [5,7,0.005530334970], [6,7,0.707116307936], [7,7,2.000000000000], [8,7,0.711136448402], [11,7,-0.000248164393], [22,7,-0.704889582508], [23,7,-0.704157594511], [24,7,-0.999953811612], [25,7,-0.709677073851], [3,8,0.000086614192], [4,8,0.004828460751], [5,8,0.706976089036], [6,8,0.999983745354], [7,8,0.711136448402], [8,8,2.000000000000], [20,8,0.705240212272], [37,8,0.005960714456], [38,8,-0.704145844832], [0,9,0.709746613282], [2,9,-0.000099834217], [3,9,0.708739478755], [6,9,0.709438795486], [9,9,2.000000000000], [10,9,0.004297861717], [19,9,-0.711555075538], [21,9,0.705829866634], [0,10,-0.701400157784], [3,10,-0.702417725121], [9,10,0.004297861717], [10,10,2.000000000000], [21,10,0.705341292335], [22,10,0.704193422283], [4,11,0.707908791162], [7,11,-0.000248164393], [11,11,2.000000000000], [22,11,0.709491955984], [23,11,0.710218443416], [24,11,0.009859325454], [25,11,-0.704350973233], [12,12,2.000000000000], [13,12,0.999999996544], [16,12,0.708783876082], [17,12,0.005606872385], [18,12,0.004152008175], [12,13,0.999999996544], [13,13,2.000000000000], [14,13,0.702354421367], [15,13,-0.007181881202], [16,13,0.708725223134], [17,13,0.005523731680], [18,13,0.004068866885], [13,14,0.702354421367], [14,14,2.000000000000], [15,14,0.706764829550], [17,14,0.707936936672], [27,14,0.705949358705], [35,14,-0.001906616037], [36,14,-0.709995581596], [13,15,-0.007181881202], [14,15,0.706764829550], [15,15,2.000000000000], [30,15,0.707911752406], [32,15,0.999999978735], [35,15,0.708794810842], [48,15,-0.999994187939], [12,16,0.708783876082], [13,16,0.708725223134], [16,16,2.000000000000], [17,16,0.709388671554], [18,16,0.708362495084], [26,16,-0.705418924014], [31,16,-0.999999999309], [32,16,-0.710701508722], [33,16,-0.001745098681], [34,16,-0.707072516536], [12,17,0.005606872385], [13,17,0.005523731680], [14,17,0.707936936672], [16,17,0.709388671554], [17,17,2.000000000000], [18,17,0.999998941660], [27,17,-0.000460798459], [35,17,-0.707624130132], [36,17,-0.999995739535], [12,18,0.004152008175], [13,18,0.004068866885], [16,18,0.708362495084], [17,18,0.999998941660], [18,18,2.000000000000], [33,18,0.707083921032], [36,18,0.999998928085], [1,19,0.009822602665], [2,19,0.702701359659], [5,19,0.709998088436], [6,19,-0.009614073540], [9,19,-0.711555075538], [19,19,2.000000000000], [20,19,0.706203748708], [21,19,-0.999967073598], [1,20,-0.701037746657], [5,20,0.002821061001], [8,20,0.705240212272], [19,20,0.706203748708], [20,20,2.000000000000], [37,20,0.713159576374], [38,20,0.006814880307], [2,21,-0.708451856444], [6,21,0.001499224728], [9,21,0.705829866634], [10,21,0.705341292335], [19,21,-0.999967073598], [21,21,2.000000000000], [22,21,0.999998691040], [7,22,-0.704889582508], [10,22,0.704193422283], [11,22,0.709491955984], [21,22,0.999998691040], [22,22,2.000000000000], [23,22,0.999999468073], [24,22,0.711674393540], [25,22,0.000510884395], [7,23,-0.704157594511], [11,23,0.710218443416], [22,23,0.999999468073], [23,23,2.000000000000], [24,23,0.710949423494], [25,23,-0.000520548793], [26,23,-0.999999445634], [27,23,-0.999998962733], [28,23,0.707618224387], [29,23,0.001296914236], [30,23,-0.703776749529], [7,24,-0.999953811612], [11,24,0.009859325454], [22,24,0.711674393540], [23,24,0.710949423494], [24,24,2.000000000000], [25,24,0.702872963186], [28,24,-0.006172703174], [39,24,0.708704558468], [44,24,-0.715700606822], [45,24,0.009120273483], [7,25,-0.709677073851], [11,25,-0.704350973233], [22,25,0.000510884395], [23,25,-0.000520548793], [24,25,0.702872963186], [25,25,2.000000000000], [41,25,0.999965991150], [45,25,0.704875421886], [50,25,0.001485230460], [56,25,-0.004734146851], [57,25,-0.705769915462], [16,26,-0.705418924014], [23,26,-0.999999445634], [26,26,2.000000000000], [27,26,0.999999924976], [28,26,-0.706873813573], [29,26,-0.000243951151], [30,26,0.704524406801], [31,26,0.705392579072], [32,26,0.002712568759], [33,26,-0.707558514144], [34,26,-0.002432604638], [14,27,0.705949358705], [17,27,-0.000460798459], [23,27,-0.999998962733], [26,27,0.999999924976], [27,27,2.000000000000], [28,27,-0.706599764963], [29,27,0.000143409536], [30,27,0.704799255979], [35,27,0.706915050541], [36,27,-0.002458263287], [23,28,0.707618224387], [24,28,-0.006172703174], [26,28,-0.706873813573], [27,28,-0.706599764963], [28,28,2.000000000000], [29,28,0.707512093703], [30,28,0.003974793760], [39,28,-0.709866567458], [44,28,0.702811719288], [45,28,-0.999995655661], [23,29,0.001296914236], [26,29,-0.000243951151], [27,29,0.000143409536], [28,29,0.707512093703], [29,29,2.000000000000], [30,29,0.709507868264], [31,29,0.708988897928], [40,29,0.000491649083], [44,29,0.005482444961], [46,29,-0.706544266564], [47,29,-0.999999995861], [15,30,0.707911752406], [23,30,-0.703776749529], [26,30,0.704524406801], [27,30,0.704799255979], [28,30,0.003974793760], [29,30,0.709507868264], [30,30,2.000000000000], [32,30,0.707766077098], [35,30,0.003529135833], [48,30,-0.710315708510], [16,31,-0.999999999309], [26,31,0.705392579072], [29,31,0.708988897928], [31,31,2.000000000000], [32,31,0.710727655809], [33,31,0.001782266799], [34,31,0.707098799191], [40,31,-0.704870982425], [44,31,-0.701322050244], [46,31,-0.999994012581], [47,31,-0.709053054892], [15,32,0.999999978735], [16,32,-0.710701508722], [26,32,0.002712568759], [30,32,0.707766077098], [31,32,0.710727655809], [32,32,2.000000000000], [33,32,0.704732858538], [34,32,0.999986763595], [35,32,0.708940273266], [48,32,-0.999993463552], [16,33,-0.001745098681], [18,33,0.707083921032], [26,33,-0.707558514144], [31,33,0.001782266799], [32,33,0.704732858538], [33,33,2.000000000000], [34,33,0.708373878739], [36,33,0.708118529629], [16,34,-0.707072516536], [26,34,-0.002432604638], [31,34,0.707098799191], [32,34,0.999986763595], [33,34,0.708373878739], [34,34,2.000000000000], [59,34,0.001606653660], [64,34,-0.007203140795], [65,34,-0.704728155983], [66,34,-0.999966382923], [67,34,-0.708023034276], [14,35,-0.001906616037], [15,35,0.708794810842], [17,35,-0.707624130132], [27,35,0.706915050541], [30,35,0.003529135833], [32,35,0.708940273266], [35,35,2.000000000000], [36,35,0.705558539416], [48,35,-0.706385642107], [14,36,-0.709995581596], [17,36,-0.999995739535], [18,36,0.999998928085], [27,36,-0.002458263287], [33,36,0.708118529629], [35,36,0.705558539416], [36,36,2.000000000000], [8,37,0.005960714456], [20,37,0.713159576374], [37,37,2.000000000000], [38,37,0.705845543918], [8,38,-0.704145844832], [20,38,0.006814880307], [37,38,0.705845543918], [38,38,2.000000000000], [49,38,0.707491223077], [50,38,0.707544949338], [51,38,-0.710515560524], [24,39,0.708704558468], [28,39,-0.709866567458], [39,39,2.000000000000], [40,39,0.999987621751], [41,39,-0.011954603535], [42,39,0.701077719282], [43,39,-0.007674770263], [44,39,-0.999950335660], [45,39,0.711939622414], [29,40,0.000491649083], [31,40,-0.704870982425], [39,40,0.999987621751], [40,40,2.000000000000], [41,40,-0.006979236208], [42,40,0.704617048346], [43,40,-0.002699246902], [44,40,0.999987545867], [46,40,0.707321391306], [47,40,-0.000400670489], [25,41,0.999965991150], [39,41,-0.011954603535], [40,41,-0.006979236208], [41,41,2.000000000000], [42,41,0.704652807403], [43,41,0.999990840631], [45,41,0.710701455622], [50,41,-0.006762025216], [56,41,0.003513135994], [57,41,-0.699903247297], [39,42,0.701077719282], [40,42,0.704617048346], [41,42,0.704652807403], [42,42,2.000000000000], [43,42,0.707683257953], [46,42,0.003211287991], [52,42,0.705900543369], [56,42,0.707072348151], [58,42,-0.999972853316], [39,43,-0.007674770263], [40,43,-0.002699246902], [41,43,0.999990840631], [42,43,0.707683257953], [43,43,2.000000000000], [54,43,0.706481821832], [77,43,0.000126504691], [78,43,0.002429849197], [79,43,-0.706752002876], [24,44,-0.715700606822], [28,44,0.702811719288], [29,44,0.005482444961], [31,44,-0.701322050244], [39,44,-0.999950335660], [40,44,0.999987545867], [44,44,2.000000000000], [45,44,-0.704905555575], [46,44,0.703784623269], [47,44,-0.005391467703], [24,45,0.009120273483], [25,45,0.704875421886], [28,45,-0.999995655661], [39,45,0.711939622414], [41,45,0.710701455622], [44,45,-0.704905555575], [45,45,2.000000000000], [50,45,-0.708283436476], [56,45,0.705986188664], [57,45,0.005039470062], [29,46,-0.706544266564], [31,46,-0.999994012581], [40,46,0.707321391306], [42,46,0.003211287991], [44,46,0.703784623269], [46,46,2.000000000000], [47,46,0.706608646363], [52,46,-0.706040462681], [56,46,-0.704866953444], [58,46,0.004157114518], [29,47,-0.999999995861], [31,47,-0.709053054892], [40,47,-0.000400670489], [44,47,-0.005391467703], [46,47,0.706608646363], [47,47,2.000000000000], [58,47,0.704660997978], [61,47,0.999999793483], [65,47,0.706688959527], [78,47,0.000670069042], [15,48,-0.999994187939], [30,48,-0.710315708510], [32,48,-0.999993463552], [35,48,-0.706385642107], [48,48,2.000000000000], [62,48,0.708563944337], [66,48,0.999977754729], [68,48,0.706143652151], [81,48,0.003546608020], [38,49,0.707491223077], [49,49,2.000000000000], [50,49,0.999999997110], [51,49,-0.005376241918], [52,49,-0.999998849087], [53,49,0.706735001884], [54,49,-0.706029339920], [55,49,-0.001736665647], [25,50,0.001485230460], [38,50,0.707544949338], [41,50,-0.006762025216], [45,50,-0.708283436476], [49,50,0.999999997110], [50,50,2.000000000000], [51,50,-0.005452265457], [56,50,-0.999994722220], [57,50,-0.709488573776], [38,51,-0.710515560524], [49,51,-0.005376241918], [50,51,-0.005452265457], [51,51,2.000000000000], [53,51,0.711267718918], [71,51,0.004438630924], [72,51,-0.698932783453], [42,52,0.705900543369], [46,52,-0.706040462681], [49,52,-0.999998849087], [52,52,2.000000000000], [53,52,-0.705660818873], [54,52,0.707102965385], [55,52,0.003253837960], [56,52,0.999998629277], [58,52,-0.711100465963], [49,53,0.706735001884], [51,53,0.711267718918], [52,53,-0.705660818873], [53,53,2.000000000000], [54,53,0.002048209303], [55,53,0.706249935839], [71,53,0.706071343818], [72,53,0.005592042341], [43,54,0.706481821832], [49,54,-0.706029339920], [52,54,0.707102965385], [53,54,0.002048209303], [54,54,2.000000000000], [55,54,0.709407652175], [77,54,-0.707641809745], [78,54,-0.706012455101], [79,54,-0.999999927103], [49,55,-0.001736665647], [52,55,0.003253837960], [53,55,0.706249935839], [54,55,0.709407652175], [55,55,2.000000000000], [72,55,0.704002140539], [75,55,0.999999554805], [83,55,-0.005188724408], [86,55,-0.708803088258], [25,56,-0.004734146851], [41,56,0.003513135994], [42,56,0.707072348151], [45,56,0.705986188664], [46,56,-0.704866953444], [50,56,-0.999994722220], [52,56,0.999998629277], [56,56,2.000000000000], [57,56,0.711774403714], [58,56,-0.712263619787], [25,57,-0.705769915462], [41,57,-0.699903247297], [45,57,0.005039470062], [50,57,-0.709488573776], [56,57,0.711774403714], [57,57,2.000000000000], [73,57,0.707323366579], [77,57,0.711146585382], [80,57,0.006046525599], [42,58,-0.999972853316], [46,58,0.004157114518], [47,58,0.704660997978], [52,58,-0.711100465963], [56,58,-0.712263619787], [58,58,2.000000000000], [61,58,0.705116860820], [65,58,-0.004043608975], [78,58,0.710016146113], [34,59,0.001606653660], [59,59,2.000000000000], [60,59,0.999996132590], [61,59,-0.000518204429], [62,59,0.705701253676], [63,59,-0.000097231989], [64,59,-0.999984339362], [65,59,0.708344261980], [66,59,0.006592964342], [67,59,-0.707325975638], [59,60,0.999996132590], [60,60,2.000000000000], [61,60,0.002262948930], [62,60,0.707668996918], [63,60,0.002683920103], [64,60,0.999996036783], [68,60,0.706047355242], [69,60,-0.009402013477], [70,60,-0.002406991107], [47,61,0.999999793483], [58,61,0.705116860820], [59,61,-0.000518204429], [60,61,0.002262948930], [61,61,2.000000000000], [62,61,0.708143727799], [63,61,0.999999911391], [65,61,0.706234103283], [78,61,0.001312746705], [48,62,0.708563944337], [59,62,0.705701253676], [60,62,0.707668996918], [61,62,0.708143727799], [62,62,2.000000000000], [63,62,0.708440900359], [66,62,0.703841458621], [68,62,0.000701724801], [81,62,-0.703129172450], [59,63,-0.000097231989], [60,63,0.002683920103], [61,63,0.999999911391], [62,63,0.708440900359], [63,63,2.000000000000], [88,63,0.003146736689], [94,63,-0.999999347229], [95,63,-0.708944529186], [34,64,-0.007203140795], [59,64,-0.999984339362], [60,64,0.999996036783], [64,64,2.000000000000], [65,64,-0.704382769681], [66,64,-0.000996463206], [67,64,0.711271008259], [68,64,0.704050797639], [69,64,-0.012217241476], [70,64,-0.005222363113], [34,65,-0.704728155983], [47,65,0.706688959527], [58,65,-0.004043608975], [59,65,0.708344261980], [61,65,0.706234103283], [64,65,-0.704382769681], [65,65,2.000000000000], [66,65,0.710521878193], [67,65,-0.002061631435], [78,65,-0.707050666875], [34,66,-0.999966382923], [48,66,0.999977754729], [59,66,0.006592964342], [62,66,0.703841458621], [64,66,-0.000996463206], [65,66,0.710521878193], [66,66,2.000000000000], [67,66,0.702208780461], [68,66,0.710850822203], [81,66,0.010216573107], [34,67,-0.708023034276], [59,67,-0.707325975638], [64,67,0.711271008259], [65,67,-0.002061631435], [66,67,0.702208780461], [67,67,2.000000000000], [69,67,0.711555193423], [81,67,0.704759761443], [82,67,-0.002070390178], [48,68,0.706143652151], [60,68,0.706047355242], [62,68,0.000701724801], [64,68,0.704050797639], [66,68,0.710850822203], [68,68,2.000000000000], [69,68,0.701495054655], [70,68,0.706463121092], [81,68,0.710568561687], [60,69,-0.009402013477], [64,69,-0.012217241476], [67,69,0.711555193423], [68,69,0.701495054655], [69,69,2.000000000000], [70,69,0.999975533978], [81,69,0.002997253459], [82,69,-0.704101897199], [60,70,-0.002406991107], [64,70,-0.005222363113], [68,70,0.706463121092], [69,70,0.999975533978], [70,70,2.000000000000], [96,70,0.000327564878], [98,70,-0.707918788977], [51,71,0.004438630924], [53,71,0.706071343818], [71,71,2.000000000000], [72,71,0.712078013201], [73,71,-0.999991671246], [74,71,0.707816333320], [75,71,-0.001730683344], [76,71,-0.000152111187], [51,72,-0.698932783453], [53,72,0.005592042341], [55,72,0.704002140539], [71,72,0.712078013201], [72,72,2.000000000000], [75,72,0.703331681240], [83,72,0.706535416547], [86,72,0.001979213722], [57,73,0.707323366579], [71,73,-0.999991671246], [73,73,2.000000000000], [74,73,-0.710693491378], [75,73,-0.002350677598], [76,73,-0.003929242673], [77,73,0.999985294235], [80,73,0.711154056040], [71,74,0.707816333320], [73,74,-0.710693491378], [74,74,2.000000000000], [75,74,0.705170452470], [76,74,0.706288841377], [83,74,0.713348816608], [84,74,-0.699870547446], [85,74,0.007809613035], [55,75,0.999999554805], [71,75,-0.001730683344], [72,75,0.703331681240], [73,75,-0.002350677598], [74,75,0.705170452470], [75,75,2.000000000000], [76,75,0.999998754054], [83,75,-0.006132313887], [86,75,-0.709468397345], [71,76,-0.000152111187], [73,76,-0.003929242673], [74,76,0.706288841377], [75,76,0.999998754054], [76,76,2.000000000000], [85,76,0.702386344917], [89,76,0.709908908403], [99,76,-0.007975755055], [43,77,0.000126504691], [54,77,-0.707641809745], [57,77,0.711146585382], [73,77,0.999985294235], [77,77,2.000000000000], [78,77,0.999997347298], [79,77,0.707371968478], [80,77,0.707330878109], [43,78,0.002429849197], [47,78,0.000670069042], [54,78,-0.706012455101], [58,78,0.710016146113], [61,78,0.001312746705], [65,78,-0.707050666875], [77,78,0.999997347298], [78,78,2.000000000000], [79,78,0.705741992308], [43,79,-0.706752002876], [54,79,-0.999999927103], [77,79,0.707371968478], [78,79,0.705741992308], [79,79,2.000000000000], [87,79,0.709040353622], [92,79,-0.007441457569], [93,79,-0.999990961690], [57,80,0.006046525599], [73,80,0.711154056040], [77,80,0.707330878109], [80,80,2.000000000000], [87,80,0.705658445659], [88,80,0.707959952635], [89,80,-0.999983286223], [90,80,-0.700828536378], [91,80,0.004901584614], [48,81,0.003546608020], [62,81,-0.703129172450], [66,81,0.010216573107], [67,81,0.704759761443], [68,81,0.710568561687], [69,81,0.002997253459], [81,81,2.000000000000], [82,81,0.707985388246], [67,82,-0.002070390178], [69,82,-0.704101897199], [81,82,0.707985388246], [82,82,2.000000000000], [96,82,0.704924013822], [97,82,-0.713571759527], [55,83,-0.005188724408], [72,83,0.706535416547], [74,83,0.713348816608], [75,83,-0.006132313887], [83,83,2.000000000000], [84,83,0.001314921222], [85,83,0.706358757496], [86,83,0.709074683020], [74,84,-0.699870547446], [83,84,0.001314921222], [84,84,2.000000000000], [85,84,0.708782208578], [86,84,0.704200400368], [99,84,-0.001050007133], [100,84,-0.006384314778], [74,85,0.007809613035], [76,85,0.702386344917], [83,85,0.706358757496], [84,85,0.708782208578], [85,85,2.000000000000], [89,85,-0.002682915661], [99,85,0.706171212080], [55,86,-0.708803088258], [72,86,0.001979213722], [75,86,-0.709468397345], [83,86,0.709074683020], [84,86,0.704200400368], [86,86,2.000000000000], [99,86,0.709261458036], [100,86,0.705490958063], [79,87,0.709040353622], [80,87,0.705658445659], [87,87,2.000000000000], [88,87,0.999994707505], [89,87,-0.701550063277], [90,87,0.010885771877], [91,87,0.712002489068], [92,87,0.699872088494], [93,87,-0.712032073135], [63,88,0.003146736689], [80,88,0.707959952635], [87,88,0.999994707505], [88,88,2.000000000000], [89,88,-0.703864827096], [90,88,0.007632453288], [91,88,0.709714220599], [94,88,-0.002004137483], [95,88,-0.707491614482], [76,89,0.709908908403], [80,89,-0.999983286223], [85,89,-0.002682915661], [87,89,-0.701550063277], [88,89,-0.703864827096], [89,89,2.000000000000], [90,89,0.704941033465], [91,89,0.000880060342], [99,89,-0.709933163629], [80,90,-0.700828536378], [87,90,0.010885771877], [88,90,0.007632453288], [89,90,0.704941033465], [90,90,2.000000000000], [91,90,0.709886031797], [92,90,0.706607229197], [100,90,0.004387355502], [101,90,0.000375977001], [102,90,-0.005465385757], [80,91,0.004901584614], [87,91,0.712002489068], [88,91,0.709714220599], [89,91,0.000880060342], [90,91,0.709886031797], [91,91,2.000000000000], [101,91,0.704049613068], [103,91,-0.712300398269], [104,91,-0.709569050656], [79,92,-0.007441457569], [87,92,0.699872088494], [90,92,0.706607229197], [92,92,2.000000000000], [93,92,0.003189856743], [100,92,-0.704499033044], [101,92,0.707871598559], [102,92,0.703733531088], [79,93,-0.999990961690], [87,93,-0.712032073135], [92,93,0.003189856743], [93,93,2.000000000000], [94,93,0.705880797961], [102,93,0.708215591720], [103,93,0.712329969603], [63,94,-0.999999347229], [88,94,-0.002004137483], [93,94,0.705880797961], [94,94,2.000000000000], [95,94,0.708138229501], [102,94,-0.000162975603], [103,94,0.005681924196], [63,95,-0.708944529186], [88,95,-0.707491614482], [94,95,0.708138229501], [95,95,2.000000000000], [97,95,0.704198047573], [98,95,0.003474433125], [104,95,0.707345984689], [70,96,0.000327564878], [82,96,0.704924013822], [96,96,2.000000000000], [97,96,-0.006102980462], [98,96,0.706061912629], [82,97,-0.713571759527], [95,97,0.704198047573], [96,97,-0.006102980462], [97,97,2.000000000000], [98,97,0.712446001977], [104,97,-0.003766804925], [70,98,-0.707918788977], [95,98,0.003474433125], [96,98,0.706061912629], [97,98,0.712446001977], [98,98,2.000000000000], [104,98,-0.704405603864], [76,99,-0.007975755055], [84,99,-0.001050007133], [85,99,0.706171212080], [86,99,0.709261458036], [89,99,-0.709933163629], [99,99,2.000000000000], [100,99,0.999985772384], [84,100,-0.006384314778], [86,100,0.705490958063], [90,100,0.004387355502], [92,100,-0.704499033044], [99,100,0.999985772384], [100,100,2.000000000000], [101,100,-0.999988655286], [102,100,-0.999999418911], [90,101,0.000375977001], [91,101,0.704049613068], [92,101,0.707871598559], [100,101,-0.999988655286], [101,101,2.000000000000], [102,101,0.999982939130], [103,101,-0.999931715735], [104,101,-0.999969560949], [90,102,-0.005465385757], [92,102,0.703733531088], [93,102,0.708215591720], [94,102,-0.000162975603], [100,102,-0.999999418911], [101,102,0.999982939130], [102,102,2.000000000000], [103,102,0.999982918443], [91,103,-0.712300398269], [93,103,0.712329969603], [94,103,0.005681924196], [101,103,-0.999931715735], [102,103,0.999982918443], [103,103,2.000000000000], [104,103,0.999992457831], [91,104,-0.709569050656], [95,104,0.707345984689], [97,104,-0.003766804925], [98,104,-0.704405603864], [101,104,-0.999969560949], [103,104,0.999992457831], [104,104,2.000000000000], ]
},
"Minv": {
"shape": [147, 147],
"data": [[0,0,1.000000000000], [1,1,1.000000000000], [2,2,2.000000000000], [3,3,1.000000000000], [4,4,1.000000000000], [5,5,2.000000000000], [6,6,1.000000000000], [7,7,1.000000000000], [8,8,2.000000000000], [9,9,1.000000000000], [10,10,1.000000000000], [11,11,2.000000000000], [12,12,1.000000000000], [13,13,1.000000000000], [14,14,2.000000000000], [15,15,1.000000000000], [16,16,1.000000000000], [17,17,2.000000000000], [18,18,1.000000000000], [19,19,1.000000000000], [20,20,2.000000000000], [21,21,1.000000000000], [22,22,1.000000000000], [23,23,2.000000000000], [24,24,1.000000000000], [25,25,1.000000000000], [26,26,2.000000000000], [27,27,1.000000000000], [28,28,1.000000000000], [29,29,2.000000000000], [30,30,1.000000000000], [31,31,1.000000000000], [32,32,2.000000000000], [33,33,1.000000000000], [34,34,1.000000000000], [35,35,2.000000000000], [36,36,1.000000000000], [37,37,1.000000000000], [38,38,2.000000000000], [39,39,1.000000000000], [40,40,1.000000000000], [41,41,2.000000000000], [42,42,1.000000000000], [43,43,1.000000000000], [44,44,2.000000000000], [45,45,1.000000000000], [46,46,1.000000000000], [47,47,2.000000000000], [48,48,1.000000000000], [49,49,1.000000000000], [50,50,2.000000000000], [51,51,1.000000000000], [52,52,1.000000000000], [53,53,2.000000000000], [54,54,1.000000000000], [55,55,1.000000000000], [56,56,2.000000000000], [57,57,1.000000000000], [58,58,1.000000000000], [59,59,2.000000000000], [60,60,1.000000000000], [61,61,1.000000000000], [62,62,2.000000000000], [63,63,1.000000000000], [64,64,1.000000000000], [65,65,2.000000000000], [66,66,1.000000000000], [67,67,1.000000000000], [68,68,2.000000000000], [69,69,1.000000000000], [70,70,1.000000000000], [71,71,2.000000000000], [72,72,1.000000000000], [73,73,1.000000000000], [74,74,2.000000000000], [75,75,1.000000000000], [76,76,1.000000000000], [77,77,2.000000000000], [78,78,1.000000000000], [79,79,1.000000000000], [80,80,2.000000000000], [81,81,1.000000000000], [82,82,1.000000000000], [83,83,2.000000000000], [84,84,1.000000000000], [85,85,1.000000000000], [86,86,2.000000000000], [87,87,1.000000000000], [88,88,1.000000000000], [89,89,2.000000000000], [90,90,1.000000000000], [91,91,1.000000000000], [92,92,2.000000000000], [93,93,1.000000000000], [94,94,1.000000000000], [95,95,2.000000000000], [96,96,1.000000000000], [97,97,1.000000000000], [98,98,2.000000000000], [99,99,1.000000000000], [100,100,1.000000000000], [101,101,2.000000000000], [102,102,1.000000000000], [103,103,1.000000000000], [104,104,2.000000000000], [105,105,1.000000000000], [106,106,1.000000000000], [107,107,2.000000000000], [108,108,1.000000000000], [109,109,1.000000000000], [110,110,2.000000000000], [111,111,1.000000000000], [112,112,1.000000000000], [113,113,2.000000000000], [114,114,1.000000000000], [115,115,1.000000000000], [116,116,2.000000000000], [117,117,1.000000000000], [118,118,1.000000000000], [119,119,2.000000000000], [120,120,1.000000000000], [121,121,1.000000000000], [122,122,2.000000000000], [123,123,1.000000000000], [124,124,1.000000000000], [125,125,2.000000000000], [126,126,1.000000000000], [127,127,1.000000000000], [128,128,2.000000000000], [129,129,1.000000000000], [130,130,1.000000000000], [131,131,2.000000000000], [132,132,1.000000000000], [133,133,1.000000000000], [134,134,2.000000000000], [135,135,1.000000000000], [136,136,1.000000000000], [137,137,2.000000000000], [138,138,1.000000000000], [139,139,1.000000000000], [140,140,2.000000000000], [141,141,1.000000000000], [142,142,1.000000000000], [143,143,2.000000000000], [144,144,1.000000000000], [145,145,1.000000000000], [146,146,2.000000000000], ]
},
"v0": {
"shape": [147, 1],
"data": [[0,0,-0.737524247825], [1,0,0.871471773264], [2,0,0.000000000000], [3,0,0.648958632154], [4,0,0.894885995448], [5,0,0.000000000000], [6,0,-0.198868058772], [7,0,-0.693960740243], [8,0,0.000000000000], [9,0,-0.885828950577], [10,0,-0.258649430913], [11,0,0.000000000000], [12,0,-0.599989322053], [13,0,-0.139473555851], [14,0,0.000000000000], [15,0,0.232161115259], [16,0,0.864616697592], [17,0,0.000000000000], [18,0,0.980991376306], [19,0,-0.407898404211], [20,0,0.000000000000], [21,0,-0.928568127337], [22,0,0.899405390677], [23,0,0.000000000000], [24,0,-0.471527863251], [25,0,0.407252605458], [26,0,0.000000000000], [27,0,-0.055751253501], [28,0,0.954888109087], [29,0,0.000000000000], [30,0,-0.439854556334], [31,0,-0.688564917921], [32,0,0.000000000000], [33,0,0.486255717819], [34,0,0.370749526653], [35,0,0.000000000000], [36,0,0.703282279053], [37,0,-0.547241984260], [38,0,0.000000000000], [39,0,-0.440447714540], [40,0,0.131393067997], [41,0,0.000000000000], [42,0,-0.429350915010], [43,0,0.043658715786], [44,0,0.000000000000], [45,0,0.152910831375], [46,0,-0.929557135666], [47,0,0.000000000000], [48,0,0.339782906052], [49,0,0.053585251028], [50,0,0.000000000000], [51,0,-0.369103821991], [52,0,-0.018101854772], [53,0,0.000000000000], [54,0,-0.024797823406], [55,0,-0.202770231106], [56,0,0.000000000000], [57,0,-0.380645800752], [58,0,0.203471619520], [59,0,0.000000000000], [60,0,-0.715900898027], [61,0,0.719313008049], [62,0,0.000000000000], [63,0,0.076409431283], [64,0,0.220081297637], [65,0,0.000000000000], [66,0,0.349192196013], [67,0,0.032955418447], [68,0,0.000000000000], [69,0,-0.718849167351], [70,0,0.193741113448], [71,0,0.000000000000], [72,0,-0.142626312933], [73,0,0.033272754161], [74,0,0.000000000000], [75,0,0.590060242741], [76,0,0.911194873944], [77,0,0.000000000000], [78,0,0.084944793486], [79,0,-0.166668709656], [80,0,0.000000000000], [81,0,0.497514523350], [82,0,-0.226394895178], [83,0,0.000000000000], [84,0,-0.562912503113], [85,0,0.105317572447], [86,0,0.000000000000], [87,0,0.954940260681], [88,0,0.071453549738], [89,0,0.000000000000], [90,0,0.216620852598], [91,0,0.147306986458], [92,0,0.000000000000], [93,0,-0.003059459048], [94,0,-0.866440384198], [95,0,0.000000000000], [96,0,-0.731606487309], [97,0,-0.748827785449], [98,0,0.000000000000], [99,0,-0.892369389955], [100,0,0.786308940517], [101,0,0.000000000000], [102,0,0.054038105387], [103,0,-0.794135782021], [104,0,0.000000000000], [105,0,0.581707737024], [106,0,0.179115331112], [107,0,0.000000000000], [108,0,-0.298227300849], [109,0,-0.778777755471], [110,0,0.000000000000], [111,0,0.981652030161], [112,0,0.408105611362], [113,0,0.000000000000], [114,0,0.626663107358], [115,0,-0.507867780500], [116,0,0.000000000000], [117,0,-0.015639915455], [118,0,-0.425364492726], [119,0,0.000000000000], [120,0,0.041956939861], [121,0,0.534336948361], [122,0,0.000000000000], [123,0,0.252699067488], [124,0,-0.121135350641], [125,0,0.000000000000], [126,0,-0.142539865549], [127,0,0.280778578129], [128,0,0.000000000000], [129,0,0.159416637042], [130,0,-0.401330092290], [131,0,0.000000000000], [132,0,0.869559500044], [133,0,0.135641208001], [134,0,0.000000000000], [135,0,0.677964017328], [136,0,-0.050478465279], [137,0,0.000000000000], [138,0,-0.276321120606], [139,0,-0.509567096842], [140,0,0.000000000000], [141,0,-0.971678142294], [142,0,-0.369276430200], [143,0,0.000000000000], [144,0,0.717781329068], [145,0,0.188480721757], [146,0,0.000000000000], ]
},
"b": {
"shape": [105, 1],
