{
"N": {
"shape": [147, 104],
"data": [[6,0,-0.001380725483], [7,0,-0.999999046798], [9,0,0.001380725483], [10,0,0.999999046798], [6,1,0.002871530853], [7,1,-0.999995877147], [12,1,-0.002871530853], [13,1,0.999995877147], [9,2,0.007138846951], [10,2,-0.999974518107], [12,2,-0.007138846951], [13,2,0.999974518107], [9,3,0.003737716002], [10,3,-0.999993014715], [15,3,-0.003737716002], [16,3,0.999993014715], [9,4,-0.702091206627], [10,4,0.712087029496], [27,4,0.702091206627], [28,4,-0.712087029496], [9,5,-0.999966512631], [10,5,0.008183740984], [30,5,0.999966512631], [31,5,-0.008183740984], [9,6,-0.706258660293], [10,6,-0.707953886041], [33,6,0.706258660293], [34,6,0.707953886041], [9,7,-0.999999609372], [10,7,0.000883886487], [51,7,0.999999609372], [52,7,-0.000883886487], [12,8,-0.000183510589], [13,8,-0.999999983162], [18,8,0.000183510589], [19,8,0.999999983162], [12,9,-0.704745972906], [13,9,0.709459733651], [30,9,0.704745972906], [31,9,-0.709459733651], [15,10,-0.000690780983], [16,10,-0.999999761411], [18,10,0.000690780983], [19,10,0.999999761411], [15,11,-0.710205617852], [16,11,0.703994304218], [33,11,0.710205617852], [34,11,-0.703994304218], [21,12,-0.707669552699], [22,12,-0.706543561419], [45,12,0.707669552699], [46,12,0.706543561419], [24,13,-0.999991180373], [25,13,-0.004199901875], [45,13,0.999991180373], [46,13,0.004199901875], [24,14,-0.705308145244], [25,14,-0.708900853612], [48,14,0.705308145244], [49,14,0.708900853612], [27,15,-0.001627886368], [28,15,-0.999998674992], [33,15,0.001627886368], [34,15,0.999998674992], [27,16,-0.704831191110], [28,16,-0.709375071481], [51,16,0.704831191110], [52,16,0.709375071481], [30,17,-0.003517817026], [31,17,-0.999993812463], [33,17,0.003517817026], [34,17,0.999993812463], [30,18,0.000255426551], [31,18,-0.999999967379], [36,18,-0.000255426551], [37,18,0.999999967379], [30,19,-0.999979719641], [31,19,-0.006368697357], [51,19,0.999979719641], [52,19,0.006368697357], [30,20,-0.708900128804], [31,20,-0.705308873743], [54,20,0.708900128804], [55,20,0.705308873743], [30,21,-0.999997911987], [31,21,-0.002043531827], [72,21,0.999997911987], [73,21,0.002043531827], [33,22,-0.705423749888], [34,22,0.708785816093], [51,22,0.705423749888], [52,22,-0.708785816093], [33,23,-0.999985168193], [34,23,0.005446411176], [54,23,0.999985168193], [55,23,-0.005446411176], [33,24,-0.999997340308], [34,24,0.002306377358], [75,24,0.999997340308], [76,24,-0.002306377358], [36,25,-0.710812645247], [37,25,0.703381392530], [54,25,0.710812645247], [55,25,-0.703381392530], [36,26,-0.999970845571], [37,26,-0.007635968052], [57,26,0.999970845571], [58,26,0.007635968052], [36,27,-0.707072026577], [37,27,-0.707141534088], [60,27,0.707072026577], [61,27,0.707141534088], [36,28,-0.999999505662], [37,28,-0.000994321585], [78,28,0.999999505662], [79,28,0.000994321585], [39,29,-0.999999996758], [40,29,-0.000080527278], [60,29,0.999999996758], [61,29,0.000080527278], [42,30,-0.008286689018], [43,30,-0.999965664803], [45,30,0.008286689018], [46,30,0.999965664803], [42,31,-0.001709322389], [43,31,-0.999998539107], [48,31,0.001709322389], [49,31,0.999998539107], [42,32,-0.999980903730], [43,32,0.006179981769], [63,32,0.999980903730], [64,32,-0.006179981769], [42,33,-0.710839788556], [43,33,-0.703353961392], [66,33,0.710839788556], [67,33,0.703353961392], [45,34,0.004888798877], [46,34,-0.999988049751], [48,34,-0.004888798877], [49,34,0.999988049751], [48,35,-0.707676843599], [49,35,0.706536258825], [66,35,0.707676843599], [67,35,-0.706536258825], [48,36,-0.999994076716], [49,36,-0.003441879293], [69,36,0.999994076716], [70,36,0.003441879293], [48,37,-0.708452600293], [49,37,-0.705758395726], [72,37,0.708452600293], [73,37,0.705758395726], [51,38,-0.710624646491], [52,38,-0.703571326732], [75,38,0.710624646491], [76,38,0.703571326732], [51,39,-0.999999706163], [52,39,-0.000766598968], [93,39,0.999999706163], [94,39,0.000766598968], [54,40,0.008032919930], [55,40,-0.999967735578], [57,40,-0.008032919930], [58,40,0.999967735578], [54,41,0.001495282258], [55,41,-0.999998882065], [60,41,-0.001495282258], [61,41,0.999998882065], [54,42,-0.999999641099], [55,42,-0.000847232047], [75,42,0.999999641099], [76,42,0.000847232047], [57,43,-0.005092547004], [58,43,-0.999987032898], [60,43,0.005092547004], [61,43,0.999987032898], [57,44,-0.708324329152], [58,44,0.705887133139], [75,44,0.708324329152], [76,44,-0.705887133139], [57,45,-0.999984325488], [58,45,0.005598997923], [78,45,0.999984325488], [79,45,-0.005598997923], [57,46,-0.711807589756], [58,46,-0.702374512041], [81,46,0.711807589756], [82,46,0.702374512041], [60,47,-0.706784736569], [61,47,0.707428679199], [78,47,0.706784736569], [79,47,-0.707428679199], [60,48,-0.999999284259], [61,48,-0.001196444979], [102,48,0.999999284259], [103,48,0.001196444979], [63,49,-0.005827676838], [64,49,-0.999983018947], [66,49,0.005827676838], [67,49,0.999983018947], [63,50,-0.999999975080], [64,50,0.000223247707], [105,50,0.999999975080], [106,50,-0.000223247707], [66,51,-0.000497728397], [67,51,-0.999999876133], [69,51,0.000497728397], [70,51,0.999999876133], [66,52,-0.708152873580], [67,52,0.706059138911], [84,52,0.708152873580], [85,52,-0.706059138911], [66,53,-0.999992915781], [67,53,-0.003764091966], [87,53,0.999992915781], [88,53,0.003764091966], [69,54,-0.706562859887], [70,54,0.707650284412], [87,54,0.706562859887], [88,54,-0.707650284412], [69,55,-0.704875520118], [70,55,-0.709331023668], [93,55,0.704875520118], [94,55,0.709331023668], [72,56,0.000313161303], [73,56,-0.999999950965], [75,56,-0.000313161303], [76,56,0.999999950965], [72,57,-0.999992679373], [73,57,-0.003826382142], [93,57,0.999992679373], [94,57,0.003826382142], [75,58,-0.000042324644], [76,58,-0.999999999104], [81,58,0.000042324644], [82,58,0.999999999104], [75,59,-0.706623804108], [76,59,0.707589428601], [93,59,0.706623804108], [94,59,-0.707589428601], [78,60,-0.000527144446], [79,60,-0.999999861059], [81,60,0.000527144446], [82,60,0.999999861059], [78,61,-0.704651071821], [79,61,-0.709553991590], [102,61,0.704651071821], [103,61,0.709553991590], [81,62,-0.999985276687], [82,62,-0.005426454510], [102,62,0.999985276687], [103,62,0.005426454510], [81,63,-0.999998553043], [82,63,-0.001701150125], [123,63,0.999998553043], [124,63,0.001701150125], [84,64,-0.999982211826], [85,64,0.005964564615], [105,64,0.999982211826], [106,64,-0.005964564615], [84,65,-0.999997064276], [85,65,0.002423105250], [126,65,0.999997064276], [127,65,-0.002423105250], [87,66,-0.000874184696], [88,66,-0.999999617900], [90,66,0.000874184696], [91,66,0.999999617900], [87,67,0.002246367583], [88,67,-0.999997476913], [93,67,-0.002246367583], [94,67,0.999997476913], [87,68,-0.707596651762], [88,68,-0.706616571002], [111,68,0.707596651762], [112,68,0.706616571002], [90,69,0.005335539749], [91,69,-0.999985765906], [93,69,-0.005335539749], [94,69,0.999985765906], [90,70,0.000960169937], [91,70,-0.999999539037], [96,70,-0.000960169937], [97,70,0.999999539037], [90,71,-0.707580830963], [91,71,0.706632413390], [108,71,0.707580830963], [109,71,-0.706632413390], [90,72,-0.999998644121], [91,72,-0.001646741255], [111,72,0.999998644121], [112,72,0.001646741255], [90,73,-0.704425796854], [91,73,-0.709777638931], [114,73,0.704425796854], [115,73,0.709777638931], [90,74,-0.999998091099], [91,74,-0.001953918723], [132,74,0.999998091099], [133,74,0.001953918723], [93,75,-0.003473249795], [94,75,-0.999993968250], [96,75,0.003473249795], [97,75,0.999993968250], [93,76,-0.001579051528], [94,76,-0.999998753297], [99,76,0.001579051528], [100,76,0.999998753297], [96,77,0.000290605103], [97,77,-0.999999957774], [99,77,-0.000290605103], [100,77,0.999999957774], [96,78,-0.709923957694], [97,78,0.704278335811], [114,78,0.709923957694], [115,78,-0.704278335811], [99,79,-0.708569707984], [100,79,0.705640821472], [117,79,0.708569707984], [118,79,-0.705640821472], [99,80,-0.999998085191], [100,80,0.001956939957], [120,80,0.999998085191], [121,80,-0.001956939957], [99,81,-0.709025776427], [100,81,-0.705182563853], [123,81,0.709025776427], [124,81,0.705182563853], [99,82,-0.999997419777], [100,82,0.002271660230], [141,82,0.999997419777], [142,82,-0.002271660230], [102,83,-0.706543811790], [103,83,0.707669302726], [120,83,0.706543811790], [121,83,-0.707669302726], [102,84,-0.999997987224], [103,84,0.002006376878], [123,84,0.999997987224], [124,84,-0.002006376878], [105,85,-0.000358339185], [106,85,-0.999999935797], [111,85,0.000358339185], [112,85,0.999999935797], [108,86,0.006287115084], [109,86,-0.999980235897], [111,86,-0.006287115084], [112,86,0.999980235897], [108,87,-0.999999523232], [109,87,0.000976491307], [129,87,0.999999523232], [130,87,-0.000976491307], [108,88,-0.704407227108], [109,88,-0.709796068176], [132,88,0.704407227108], [133,88,0.709796068176], [111,89,-0.703999248851], [112,89,0.710200716430], [129,89,0.703999248851], [130,89,-0.710200716430], [111,90,-0.999997448937], [112,90,-0.002258787204], [132,90,0.999997448937], [133,90,0.002258787204], [114,91,-0.709731425496], [115,91,-0.704472358338], [138,91,0.709731425496], [139,91,0.704472358338], [117,92,-0.000615326446], [118,92,-0.999999810687], [123,92,0.000615326446], [124,92,0.999999810687], [117,93,-0.706802942873], [118,93,0.707410488999], [135,93,0.706802942873], [136,93,-0.707410488999], [117,94,-0.999996423244], [118,94,0.002674602552], [138,94,0.999996423244], [139,94,-0.002674602552], [117,95,-0.708951268040], [118,95,-0.705257470392], [141,95,0.708951268040], [142,95,0.705257470392], [120,96,-0.002076363959], [121,96,-0.999997844354], [123,96,0.002076363959], [124,96,0.999997844354], [120,97,-0.999996653858], [121,97,0.002586942919], [141,97,0.999996653858], [142,97,-0.002586942919], [120,98,-0.708559133593], [121,98,-0.705651439595], [144,98,0.708559133593], [145,98,0.705651439595], [123,99,-0.705320048090], [124,99,0.708889010891], [141,99,0.705320048090], [142,99,-0.708889010891], [129,100,-0.008688195571], [130,100,-0.999962256917], [132,100,0.008688195571], [133,100,0.999962256917], [132,101,0.000030715402], [133,101,-0.999999999528], [138,101,-0.000030715402], [139,101,0.999999999528], [135,102,-0.002297210881], [136,102,-0.999997361408], [138,102,0.002297210881], [139,102,0.999997361408], [141,103,-0.002495537948], [142,103,-0.999996886140], [144,103,0.002495537948], [145,103,0.999996886140], ]
},
"Q": {
"shape": [104, 104],
"data": [[0,0,2.000000000000], [1,0,0.999990959153], [2,0,-0.999963708142], [3,0,-0.999986900760], [4,0,0.711116955513], [5,0,0.006803053937], [6,0,-0.708928360548], [7,0,-0.000496839299], [0,1,0.999990959153], [1,1,2.000000000000], [2,1,0.999990894779], [8,1,-0.999995333352], [9,1,0.711480508458], [0,2,-0.999963708142], [1,2,0.999990894779], [2,2,2.000000000000], [3,2,0.999994215983], [4,2,-0.717081005841], [5,2,-0.015322140336], [6,2,0.702893973553], [7,2,-0.008022708126], [8,2,-0.999973191216], [9,2,0.714472728915], [0,3,-0.999986900760], [2,3,0.999994215983], [3,3,2.000000000000], [4,3,-0.714706272903], [5,3,-0.011921274654], [6,3,0.705309146486], [7,3,-0.004621594855], [10,3,-0.999990194184], [11,3,0.706643933519], [0,4,0.711116955513], [2,4,-0.717081005841], [3,4,-0.714706272903], [4,4,2.000000000000], [5,4,0.707895231247], [6,4,-0.008266784736], [7,4,0.702720336474], [15,4,0.710943161271], [16,4,0.010281006015], [0,5,0.006803053937], [2,5,-0.015322140336], [3,5,-0.011921274654], [4,5,0.707895231247], [5,5,2.000000000000], [6,5,0.700441298317], [7,5,0.999973355514], [9,5,0.710528407516], [17,5,0.004665991123], [18,5,0.008439158714], [19,5,-0.999894113182], [20,5,-0.703104324468], [21,5,-0.999947700952], [0,6,-0.708928360548], [2,6,0.702893973553], [3,6,0.705309146486], [4,6,-0.008266784736], [5,6,0.700441298317], [6,6,2.000000000000], [7,6,0.705632633535], [11,6,0.003193364775], [15,6,0.709102656842], [17,6,0.710433994290], [22,6,0.003576040339], [23,6,-0.702392377244], [24,6,-0.704623973050], [0,7,-0.000496839299], [2,7,-0.008022708126], [3,7,-0.004621594855], [4,7,0.702720336474], [5,7,0.999973355514], [6,7,0.705632633535], [7,7,2.000000000000], [16,7,0.704203908743], [19,7,0.999973699816], [22,7,0.706049960535], [38,7,-0.710002491713], [39,7,-0.999998637949], [1,8,-0.999995333352], [2,8,-0.999973191216], [8,8,2.000000000000], [9,8,-0.709330393357], [10,8,0.999999871338], [1,9,0.711480508458], [2,9,0.714472728915], [5,9,0.710528407516], [8,9,-0.709330393357], [9,9,2.000000000000], [17,9,0.706976176460], [18,9,0.709639721341], [19,9,-0.700213346074], [20,9,0.000793734740], [21,9,-0.703294697841], [3,10,-0.999990194184], [8,10,0.999999871338], [10,10,2.000000000000], [11,10,-0.703503539717], [3,11,0.706643933519], [6,11,0.003193364775], [10,11,-0.703503539717], [11,11,2.000000000000], [15,11,-0.702837237376], [17,11,-0.701491574812], [22,11,-0.999977087576], [23,11,-0.714029326666], [24,11,-0.711827405447], [12,12,2.000000000000], [13,12,0.710630724946], [30,12,0.712383539618], [34,12,-0.703075463934], [12,13,0.710630724946], [13,13,2.000000000000], [14,13,0.708279238714], [30,13,0.012486373603], [34,13,0.000688904074], [13,14,0.708279238714], [14,14,2.000000000000], [31,14,0.710105416988], [34,14,0.705444272402], [35,14,0.001733914998], [36,14,-0.707743918673], [37,14,-0.999990118680], [4,15,0.710943161271], [6,15,0.709102656842], [11,15,-0.702837237376], [15,15,2.000000000000], [16,15,0.710521516641], [17,15,0.999998214069], [22,15,0.707636527240], [23,15,0.003818541736], [24,15,0.000678492264], [4,16,0.010281006015], [7,16,0.704203908743], [15,16,0.710521516641], [16,16,2.000000000000], [19,16,0.709334692023], [22,16,-0.005590327085], [38,16,-0.999966376211], [39,16,-0.705374790202], [5,17,0.004665991123], [6,17,0.710433994290], [9,17,0.706976176460], [11,17,-0.701491574812], [15,17,0.999998214069], [17,17,2.000000000000], [18,17,0.999992881298], [19,17,0.009886403634], [20,17,0.707798290561], [21,17,0.005561328864], [22,17,0.706299878776], [23,17,0.001928612626], [24,17,-0.001211444583], [5,18,0.008439158714], [9,18,0.709639721341], [17,18,0.999992881298], [18,18,2.000000000000], [19,18,0.006113275779], [20,18,0.705127778821], [21,18,0.001788105743], [25,18,0.703562930007], [26,18,-0.007380548699], [27,18,-0.706960906051], [28,18,-0.000738895128], [5,19,-0.999894113182], [7,19,0.999973699816], [9,19,-0.700213346074], [16,19,0.709334692023], [17,19,0.009886403634], [18,19,0.006113275779], [19,19,2.000000000000], [20,19,0.713377650816], [21,19,0.999990646306], [22,19,0.700895401288], [38,19,-0.715091067618], [39,19,-0.999984308047], [5,20,-0.703104324468], [9,20,0.000793734740], [17,20,0.707798290561], [18,20,0.705127778821], [19,20,0.713377650816], [20,20,2.000000000000], [21,20,0.710339969743], [23,20,0.705048212402], [25,20,0.007794037994], [40,20,-0.699591579387], [41,20,-0.704248079469], [42,20,-0.709497434660], [5,21,-0.999947700952], [9,21,-0.703294697841], [17,21,0.005561328864], [18,21,0.001788105743], [19,21,0.999990646306], [20,21,0.710339969743], [21,21,2.000000000000], [37,21,0.709893360779], [56,21,-0.001730371078], [57,21,-0.999998410709], [6,22,0.003576040339], [7,22,0.706049960535], [11,22,-0.999977087576], [15,22,0.707636527240], [16,22,-0.005590327085], [17,22,0.706299878776], [19,22,0.700895401288], [22,22,2.000000000000], [23,22,0.709273626169], [24,22,0.707056601236], [38,22,-0.002610125894], [39,22,-0.704880188133], [6,23,-0.702392377244], [11,23,-0.714029326666], [15,23,0.003818541736], [17,23,0.001928612626], [20,23,0.705048212402], [22,23,0.709273626169], [23,23,2.000000000000], [24,23,0.999995070020], [25,23,0.714633006888], [40,23,0.013479036238], [41,23,0.006941665167], [42,23,-0.999980194923], [6,24,-0.704623973050], [11,24,-0.711827405447], [15,24,0.000678492264], [17,24,-0.001211444583], [22,24,0.707056601236], [23,24,0.999995070020], [24,24,2.000000000000], [38,24,0.709000055471], [42,24,0.999995027371], [44,24,0.709950487329], [56,24,-0.002619537714], [58,24,0.002264052824], [59,24,-0.708253892943], [18,25,0.703562930007], [20,25,0.007794037994], [23,25,0.714633006888], [25,25,2.000000000000], [26,25,0.705420924068], [27,25,0.005205540628], [28,25,0.710112906564], [40,25,0.709068599401], [41,25,0.704443471732], [42,25,-0.710216462878], [18,26,-0.007380548699], [25,26,0.705420924068], [26,26,2.000000000000], [27,26,0.712451122458], [28,26,0.999977943855], [40,26,-0.000396964053], [43,26,-0.012728267569], [44,26,-0.702913546764], [45,26,-0.999912417747], [46,26,-0.717150146747], [18,27,-0.706960906051], [25,27,0.005205540628], [26,27,0.712451122458], [27,27,2.000000000000], [28,27,0.707774803135], [29,27,0.707128968467], [41,27,0.706083471293], [43,27,0.710733162042], [47,27,0.000504485427], [48,27,-0.707917576434], [18,28,-0.000738895128], [25,28,0.710112906564], [26,28,0.999977943855], [27,28,0.707774803135], [28,28,2.000000000000], [45,28,0.999978263954], [47,28,0.706080975573], [60,28,-0.001521465633], [61,28,-0.705356248335], [27,29,0.707128968467], [29,29,2.000000000000], [41,29,-0.001414755065], [43,29,0.005173073221], [47,29,-0.706727766972], [48,29,-0.999999377364], [12,30,0.712383539618], [13,30,0.012486373603], [30,30,2.000000000000], [31,30,0.999978368584], [32,30,0.002106761195], [33,30,0.709220319865], [34,30,-0.999913203009], [14,31,0.710105416988], [30,31,0.999978368584], [31,31,2.000000000000], [32,31,-0.004470682994], [33,31,0.704567988233], [34,31,0.999978232343], [35,31,0.705325578778], [36,31,-0.005151186529], [37,31,-0.706968338580], [30,32,0.002106761195], [31,32,-0.004470682994], [32,32,2.000000000000], [33,32,0.706479499509], [49,32,0.000352311275], [50,32,-0.999982258478], [30,33,0.709220319865], [31,33,0.704567988233], [32,33,0.706479499509], [33,33,2.000000000000], [35,33,0.006099781358], [49,33,0.707484562273], [51,33,-0.703707679419], [52,33,-0.006773746590], [53,33,-0.713482241806], [12,34,-0.703075463934], [13,34,0.000688904074], [14,34,0.705444272402], [30,34,-0.999913203009], [31,34,0.999978232343], [34,34,2.000000000000], [35,34,0.709987505299], [36,34,0.001446931757], [37,34,-0.702286479461], [14,35,0.001733914998], [31,35,0.705325578778], [33,35,0.006099781358], [34,35,0.709987505299], [35,35,2.000000000000], [36,35,0.705240839309], [37,35,0.002711603465], [49,35,-0.702400149145], [51,35,0.706183940447], [52,35,-0.999999772876], [53,35,-0.705012362805], [14,36,-0.707743918673], [31,36,-0.005151186529], [34,36,0.001446931757], [35,36,0.705240839309], [36,36,2.000000000000], [37,36,0.710877539136], [51,36,0.003939604315], [54,36,-0.704123027854], [55,36,-0.707312776703], [14,37,-0.999990118680], [21,37,0.709893360779], [31,37,-0.706968338580], [34,37,-0.702286479461], [35,37,0.002711603465], [36,37,0.710877539136], [37,37,2.000000000000], [56,37,-0.705536501180], [57,37,-0.711147915298], [7,38,-0.710002491713], [16,38,-0.999966376211], [19,38,-0.715091067618], [22,38,-0.002610125894], [24,38,0.709000055471], [38,38,2.000000000000], [39,38,0.711163794736], [42,38,0.711220479623], [44,38,0.006710779220], [56,38,0.703348752092], [58,38,-0.703601403037], [59,38,-0.004304657934], [7,39,-0.999998637949], [16,39,-0.705374790202], [19,39,-0.999984308047], [22,39,-0.704880188133], [38,39,0.711163794736], [39,39,2.000000000000], [55,39,0.705419085430], [57,39,0.999995318839], [59,39,0.706081159150], [67,39,-0.001479769889], [69,39,-0.004568950126], [75,39,-0.004239843118], [76,39,-0.002345649075], [20,40,-0.699591579387], [23,40,0.013479036238], [25,40,0.709068599401], [26,40,-0.000396964053], [40,40,2.000000000000], [41,40,0.999978629162], [42,40,-0.007185712336], [43,40,-0.999913860873], [44,40,0.711554270720], [45,40,0.013631611292], [46,40,-0.696633956960], [20,41,-0.704248079469], [23,41,0.006941665167], [25,41,0.704443471732], [27,41,0.706083471293], [29,41,-0.001414755065], [40,41,0.999978629162], [41,41,2.000000000000], [42,41,-0.000648050621], [43,41,0.999978300183], [47,41,0.708484731016], [48,41,0.000298837546], [20,42,-0.709497434660], [23,42,-0.999980194923], [24,42,0.999995027371], [25,42,-0.710216462878], [38,42,0.711220479623], [40,42,-0.007185712336], [41,42,-0.000648050621], [42,42,2.000000000000], [44,42,0.707726024733], [56,42,0.000534070815], [58,42,-0.000889556675], [59,42,-0.706024058059], [26,43,-0.012728267569], [27,43,0.710733162042], [29,43,0.005173073221], [40,43,-0.999913860873], [41,43,0.999978300183], [43,43,2.000000000000], [44,43,-0.702270804889], [45,43,-0.000506458139], [46,43,0.705990317888], [47,43,0.703820171407], [48,43,-0.006288972823], [24,44,0.709950487329], [26,44,-0.702913546764], [38,44,0.006710779220], [40,44,0.711554270720], [42,44,0.707726024733], [43,44,-0.702270804889], [44,44,2.000000000000], [45,44,0.712265487106], [46,44,0.008393502805], [56,44,-0.706108918295], [58,44,0.705857152932], [59,44,-0.999997105202], [26,45,-0.999912417747], [28,45,0.999978263954], [40,45,0.013631611292], [43,45,-0.000506458139], [44,45,0.712265487106], [45,45,2.000000000000], [46,45,0.707863839086], [47,45,0.710734549769], [60,45,0.005071860961], [61,45,-0.700667235435], [26,46,-0.717150146747], [40,46,-0.696633956960], [43,46,0.705990317888], [44,46,0.008393502805], [45,46,0.707863839086], [46,46,2.000000000000], [58,46,0.702404638415], [60,46,0.702749639871], [62,46,-0.715608512929], [63,46,-0.713001404290], [27,47,0.000504485427], [28,47,0.706080975573], [29,47,-0.706727766972], [41,47,0.708484731016], [43,47,0.703820171407], [45,47,0.710734549769], [47,47,2.000000000000], [48,47,0.705937831204], [60,47,0.707056003259], [61,47,0.003922220920], [27,48,-0.707917576434], [29,48,-0.999999377364], [41,48,0.000298837546], [43,48,-0.006288972823], [47,48,0.705937831204], [48,48,2.000000000000], [61,48,0.705499509784], [62,48,0.999991053412], [83,48,-0.705696618704], [84,48,-0.999994870965], [32,49,0.000352311275], [33,49,0.707484562273], [35,49,-0.702400149145], [49,49,2.000000000000], [50,49,0.005604432776], [51,49,-0.999985795683], [52,49,0.701920263185], [53,49,-0.009591663601], [32,50,-0.999982258478], [49,50,0.005604432776], [50,50,2.000000000000], [64,50,0.999983518482], [85,50,-0.000135091482], [33,51,-0.703707679419], [35,51,0.706183940447], [36,51,0.003939604315], [49,51,-0.999985795683], [51,51,2.000000000000], [52,51,-0.705706583659], [53,51,0.004261816371], [54,51,0.707298520358], [55,51,-0.709681772368], [33,52,-0.006773746590], [35,52,-0.999999772876], [49,52,0.701920263185], [51,52,-0.705706583659], [52,52,2.000000000000], [53,52,0.705490185338], [64,52,-0.712351612190], [65,52,-0.709861650245], [33,53,-0.713482241806], [35,53,-0.705012362805], [49,53,-0.009591663601], [51,53,0.004261816371], [52,53,0.705490185338], [53,53,2.000000000000], [54,53,0.703894193690], [66,53,-0.004638269031], [67,53,-0.001517730800], [68,53,-0.710251408750], [36,54,-0.704123027854], [51,54,0.707298520358], [53,54,0.703894193690], [54,54,2.000000000000], [55,54,-0.003919437282], [66,54,0.707032347580], [67,54,0.709235698853], [68,54,0.000075903525], [36,55,-0.707312776703], [39,55,0.705419085430], [51,55,-0.709681772368], [54,55,-0.003919437282], [55,55,2.000000000000], [57,55,0.707584531549], [59,55,-0.003833312278], [67,55,0.707745824446], [69,55,0.705560035628], [75,55,-0.711774953916], [76,55,-0.710443174110], [21,56,-0.001730371078], [24,56,-0.002619537714], [37,56,-0.705536501180], [38,56,0.703348752092], [42,56,0.000534070815], [44,56,-0.706108918295], [56,56,2.000000000000], [57,56,0.003513222944], [58,56,-0.999999936815], [59,56,0.707810681136], [21,57,-0.999998410709], [37,57,-0.711147915298], [39,57,0.999995318839], [55,57,0.707584531549], [56,57,0.003513222944], [57,57,2.000000000000], [59,57,0.703911123625], [67,57,0.001580021349], [69,57,-0.001509173013], [75,57,-0.007299583430], [76,57,-0.005405417339], [24,58,0.002264052824], [38,58,-0.703601403037], [42,58,-0.000889556675], [44,58,0.705857152932], [46,58,0.702404638415], [56,58,-0.999999936815], [58,58,2.000000000000], [59,58,-0.707559520367], [60,58,0.999999882475], [62,58,-0.005468778526], [63,58,-0.001743474706], [24,59,-0.708253892943], [38,59,-0.004304657934], [39,59,0.706081159150], [42,59,-0.706024058059], [44,59,-0.999997105202], [55,59,-0.003833312278], [56,59,0.707810681136], [57,59,0.703911123625], [58,59,-0.707559520367], [59,59,2.000000000000], [67,59,-0.709174980099], [69,59,-0.711349576102], [75,59,0.705130879616], [76,59,0.706472751050], [28,60,-0.001521465633], [45,60,0.005071860961], [46,60,0.702749639871], [47,60,0.707056003259], [58,60,0.999999882475], [60,60,2.000000000000], [61,60,0.709925345903], [62,60,-0.005953590442], [63,60,-0.002228293572], [28,61,-0.705356248335], [45,61,-0.700667235435], [47,61,0.003922220920], [48,61,0.705499509784], [60,61,0.709925345903], [61,61,2.000000000000], [62,61,0.708491059481], [83,61,0.004262724208], [84,61,-0.703226020794], [46,62,-0.715608512929], [48,62,0.999991053412], [58,62,-0.005468778526], [60,62,-0.005953590442], [61,62,0.708491059481], [62,62,2.000000000000], [63,62,0.999993060965], [83,62,-0.702693273845], [84,62,-0.999972376428], [46,63,-0.713001404290], [58,63,-0.001743474706], [60,63,-0.002228293572], [62,63,0.999993060965], [63,63,2.000000000000], [81,63,0.710224371904], [84,63,0.999993127122], [92,63,0.002316475359], [96,63,0.003777507413], [99,63,-0.704113100893], [50,64,0.999983518482], [52,64,-0.712351612190], [64,64,2.000000000000], [65,64,0.999993728922], [85,64,0.005606231421], [52,65,-0.709861650245], [64,65,0.999993728922], [65,65,2.000000000000], [53,66,-0.004638269031], [54,66,0.707032347580], [66,66,2.000000000000], [67,66,0.999995131074], [68,66,0.707234871169], [69,66,-0.999980719565], [70,66,-0.999998317572], [71,66,0.706013587052], [72,66,-0.002520924137], [73,66,-0.710393165977], [74,66,-0.002828101004], [39,67,-0.001479769889], [53,67,-0.001517730800], [54,67,0.709235698853], [55,67,0.707745824446], [57,67,0.001580021349], [59,67,-0.709174980099], [66,67,0.999995131074], [67,67,2.000000000000], [68,67,0.705025265967], [69,67,0.999995228439], [75,67,-0.999983642982], [76,67,-0.999992683084], [53,68,-0.710251408750], [54,68,0.000075903525], [66,68,0.707234871169], [67,68,0.705025265967], [68,68,2.000000000000], [72,68,0.708759307005], [85,68,0.706870085242], [86,68,0.702153863777], [89,68,0.003692083637], [90,68,-0.709190943107], [39,69,-0.004568950126], [55,69,0.705560035628], [57,69,-0.001509173013], [59,69,-0.711349576102], [66,69,-0.999980719565], [67,69,0.999995228439], [69,69,2.000000000000], [70,69,0.999990427975], [71,69,-0.710397680768], [72,69,-0.003688814700], [73,69,0.706009044050], [74,69,-0.003381638654], [75,69,-0.999961202580], [76,69,-0.999976094129], [66,70,-0.999998317572], [69,70,0.999990427975], [70,70,2.000000000000], [71,70,-0.707311485501], [72,70,0.000686571860], [73,70,0.709100943276], [74,70,0.000993749718], [75,70,0.999990172379], [77,70,-0.999999775841], [78,70,0.704959658806], [66,71,0.706013587052], [69,71,-0.710397680768], [70,71,-0.707311485501], [71,71,2.000000000000], [72,71,0.706416230822], [73,71,-0.003113695278], [74,71,0.706198777958], [86,71,0.711067089550], [87,71,-0.708270514020], [88,71,0.003139857576], [66,72,-0.002520924137], [68,72,0.708759307005], [69,72,-0.003688814700], [70,72,0.000686571860], [71,72,0.706416230822], [72,72,2.000000000000], [73,72,0.705593661857], [74,72,0.999999952821], [85,72,0.002005079848], [86,72,-0.004640397851], [89,72,-0.702828777494], [90,72,-0.999999812699], [66,73,-0.710393165977], [69,73,0.706009044050], [70,73,0.709100943276], [71,73,-0.003113695278], [72,73,0.705593661857], [73,73,2.000000000000], [74,73,0.705811299993], [78,73,0.000207735262], [91,73,-0.999971852151], [66,74,-0.002828101004], [69,74,-0.003381638654], [70,74,0.000993749718], [71,74,0.706198777958], [72,74,0.999999952821], [73,74,0.705811299993], [74,74,2.000000000000], [88,74,0.705792766292], [90,74,0.999999953527], [100,74,0.010642023962], [101,74,-0.001923203379], [39,75,-0.004239843118], [55,75,-0.711774953916], [57,75,-0.007299583430], [59,75,0.705130879616], [67,75,-0.999983642982], [69,75,-0.999961202580], [70,75,0.999990172379], [75,75,2.000000000000], [76,75,0.999998205995], [77,75,-0.999992916680], [78,75,0.701808344539], [39,76,-0.002345649075], [55,76,-0.710443174110], [57,76,-0.005405417339], [59,76,0.706472751050], [67,76,-0.999992683084], [69,76,-0.999976094129], [75,76,0.999998205995], [76,76,2.000000000000], [77,76,0.999998252191], [79,76,0.704521073668], [80,76,0.000377889013], [81,76,-0.706301272935], [82,76,0.000692609944], [70,77,-0.999999775841], [75,77,-0.999992916680], [76,77,0.999998252191], [77,77,2.000000000000], [78,77,-0.704484613597], [79,77,0.705846705648], [80,77,0.002247544421], [81,77,-0.704976487567], [82,77,0.002562264487], [70,78,0.704959658806], [73,78,0.000207735262], [75,78,0.701808344539], [77,78,-0.704484613597], [78,78,2.000000000000], [91,78,-0.007710722333], [76,79,0.704521073668], [77,79,0.705846705648], [79,79,2.000000000000], [80,79,0.709949247928], [81,79,0.004788583711], [82,79,0.710170855907], [92,79,0.705204686204], [93,79,-0.999996873409], [94,79,-0.710454482345], [95,79,-0.004682932214], [76,80,0.000377889013], [77,80,0.002247544421], [79,80,0.709949247928], [80,80,2.000000000000], [81,80,0.707644418842], [82,80,0.999999950475], [83,80,0.707927325229], [96,80,-0.000119424244], [97,80,-0.999999801547], [98,80,-0.707176859340], [63,81,0.710224371904], [76,81,-0.706301272935], [77,81,-0.704976487567], [79,81,0.004788583711], [80,81,0.707644418842], [81,81,2.000000000000], [82,81,0.707422011797], [84,81,0.707609487326], [92,81,0.705618712664], [96,81,0.706653239297], [99,81,-0.000193924540], [76,82,0.000692609944], [77,82,0.002562264487], [79,82,0.710170855907], [80,82,0.999999950475], [81,82,0.707422011797], [82,82,2.000000000000], [95,82,0.707347333440], [97,82,0.999999950298], [99,82,0.706928583180], [103,82,-0.000223878353], [48,83,-0.705696618704], [61,83,0.004262724208], [62,83,-0.702693273845], [80,83,0.707927325229], [83,83,2.000000000000], [84,83,0.707962241002], [96,83,0.706200735136], [97,83,-0.708372147686], [98,83,-0.001260208902], [48,84,-0.999994870965], [61,84,-0.703226020794], [62,84,-0.999972376428], [63,84,0.999993127122], [81,84,0.707609487326], [83,84,0.707962241002], [84,84,2.000000000000], [92,84,-0.001391051291], [96,84,0.000069987226], [99,84,-0.706740926960], [50,85,-0.000135091482], [64,85,0.005606231421], [68,85,0.706870085242], [72,85,0.002005079848], [85,85,2.000000000000], [86,85,0.999977918775], [89,85,0.709948400316], [90,85,-0.002617125329], [68,86,0.702153863777], [71,86,0.711067089550], [72,86,-0.004640397851], [85,86,0.999977918775], [86,86,2.000000000000], [87,86,-0.007263584094], [88,86,0.705353350390], [89,86,0.714612804246], [90,86,0.004028356484], [71,87,-0.708270514020], [86,87,-0.007263584094], [87,87,2.000000000000], [88,87,0.703713781579], [89,87,0.704692418033], [100,87,-0.007711736977], [71,88,0.003139857576], [74,88,0.705792766292], [86,88,0.705353350390], [87,88,0.703713781579], [88,88,2.000000000000], [90,88,0.706008708397], [100,88,0.715889306034], [101,88,-0.709774431690], [68,89,0.003692083637], [72,89,-0.702828777494], [85,89,0.709948400316], [86,89,0.714612804246], [87,89,0.704692418033], [89,89,2.000000000000], [90,89,0.702393260614], [100,89,0.704057428109], [68,90,-0.709190943107], [72,90,-0.999999812699], [74,90,0.999999953527], [85,90,-0.002617125329], [86,90,0.004028356484], [88,90,0.706008708397], [89,90,0.702393260614], [90,90,2.000000000000], [100,90,0.010946875357], [101,90,-0.002228071880], [73,91,-0.999971852151], [78,91,-0.007710722333], [91,91,2.000000000000], [94,91,0.707844703393], [101,91,0.704450558320], [102,91,0.706100902277], [63,92,0.002316475359], [79,92,0.705204686204], [81,92,0.705618712664], [84,92,-0.001391051291], [92,92,2.000000000000], [93,92,-0.706975440534], [94,92,-0.002059277800], [95,92,0.705693573342], [96,92,0.999998932683], [99,92,0.708454874610], [79,93,-0.999996873409], [92,93,-0.706975440534], [93,93,2.000000000000], [94,93,0.708692456711], [95,93,0.002182310604], [102,93,0.705784947020], [79,94,-0.710454482345], [91,94,0.707844703393], [92,94,-0.002059277800], [93,94,0.708692456711], [94,94,2.000000000000], [95,94,0.707062448865], [101,94,-0.002705317842], [102,94,-0.000377392830], [79,95,-0.004682932214], [82,95,0.707347333440], [92,95,0.705693573342], [93,95,0.002182310604], [94,95,0.707062448865], [95,95,2.000000000000], [97,95,0.707124434969], [99,95,0.000088271858], [103,95,-0.707024489112], [63,96,0.003777507413], [80,96,-0.000119424244], [81,96,0.706653239297], [83,96,0.706200735136], [84,96,0.000069987226], [92,96,0.999998932683], [96,96,2.000000000000], [97,96,-0.000510580331], [98,96,0.707121145108], [99,96,0.707422981650], [80,97,-0.999999801547], [82,97,0.999999950298], [83,97,-0.708372147686], [95,97,0.707124434969], [96,97,-0.000510580331], [97,97,2.000000000000], [98,97,0.706731282658], [99,97,0.707151543396], [103,97,0.000091405266], [80,98,-0.707176859340], [83,98,-0.001260208902], [96,98,0.707121145108], [97,98,0.706731282658], [98,98,2.000000000000], [103,98,0.707417478502], [63,99,-0.704113100893], [81,99,-0.000193924540], [82,99,0.706928583180], [84,99,-0.706740926960], [92,99,0.708454874610], [95,99,0.000088271858], [96,99,0.707422981650], [97,99,0.707151543396], [99,99,2.000000000000], [103,99,0.707126650564], [74,100,0.010642023962], [87,100,-0.007711736977], [88,100,0.715889306034], [89,100,0.704057428109], [90,100,0.010946875357], [100,100,2.000000000000], [101,100,-0.999961989583], [74,101,-0.001923203379], [88,101,-0.709774431690], [90,101,-0.002228071880], [91,101,0.704450558320], [94,101,-0.002705317842], [100,101,-0.999961989583], [101,101,2.000000000000], [102,101,0.999997290376], [91,102,0.706100902277], [93,102,0.705784947020], [94,102,-0.000377392830], [101,102,0.999997290376], [102,102,2.000000000000], [82,103,-0.000223878353], [95,103,-0.707024489112], [97,103,0.000091405266], [98,103,0.707417478502], [99,103,0.707126650564], [103,103,2.000000000000], ]
},
"Minv": {
"shape": [147, 147],
"data": [[0,0,1.000000000000], [1,1,1.000000000000], [2,2,2.000000000000], [3,3,1.000000000000], [4,4,1.000000000000], [5,5,2.000000000000], [6,6,1.000000000000], [7,7,1.000000000000], [8,8,2.000000000000], [9,9,1.000000000000], [10,10,1.000000000000], [11,11,2.000000000000], [12,12,1.000000000000], [13,13,1.000000000000], [14,14,2.000000000000], [15,15,1.000000000000], [16,16,1.000000000000], [17,17,2.000000000000], [18,18,1.000000000000], [19,19,1.000000000000], [20,20,2.000000000000], [21,21,1.000000000000], [22,22,1.000000000000], [23,23,2.000000000000], [24,24,1.000000000000], [25,25,1.000000000000], [26,26,2.000000000000], [27,27,1.000000000000], [28,28,1.000000000000], [29,29,2.000000000000], [30,30,1.000000000000], [31,31,1.000000000000], [32,32,2.000000000000], [33,33,1.000000000000], [34,34,1.000000000000], [35,35,2.000000000000], [36,36,1.000000000000], [37,37,1.000000000000], [38,38,2.000000000000], [39,39,1.000000000000], [40,40,1.000000000000], [41,41,2.000000000000], [42,42,1.000000000000], [43,43,1.000000000000], [44,44,2.000000000000], [45,45,1.000000000000], [46,46,1.000000000000], [47,47,2.000000000000], [48,48,1.000000000000], [49,49,1.000000000000], [50,50,2.000000000000], [51,51,1.000000000000], [52,52,1.000000000000], [53,53,2.000000000000], [54,54,1.000000000000], [55,55,1.000000000000], [56,56,2.000000000000], [57,57,1.000000000000], [58,58,1.000000000000], [59,59,2.000000000000], [60,60,1.000000000000], [61,61,1.000000000000], [62,62,2.000000000000], [63,63,1.000000000000], [64,64,1.000000000000], [65,65,2.000000000000], [66,66,1.000000000000], [67,67,1.000000000000], [68,68,2.000000000000], [69,69,1.000000000000], [70,70,1.000000000000], [71,71,2.000000000000], [72,72,1.000000000000], [73,73,1.000000000000], [74,74,2.000000000000], [75,75,1.000000000000], [76,76,1.000000000000], [77,77,2.000000000000], [78,78,1.000000000000], [79,79,1.000000000000], [80,80,2.000000000000], [81,81,1.000000000000], [82,82,1.000000000000], [83,83,2.000000000000], [84,84,1.000000000000], [85,85,1.000000000000], [86,86,2.000000000000], [87,87,1.000000000000], [88,88,1.000000000000], [89,89,2.000000000000], [90,90,1.000000000000], [91,91,1.000000000000], [92,92,2.000000000000], [93,93,1.000000000000], [94,94,1.000000000000], [95,95,2.000000000000], [96,96,1.000000000000], [97,97,1.000000000000], [98,98,2.000000000000], [99,99,1.000000000000], [100,100,1.000000000000], [101,101,2.000000000000], [102,102,1.000000000000], [103,103,1.000000000000], [104,104,2.000000000000], [105,105,1.000000000000], [106,106,1.000000000000], [107,107,2.000000000000], [108,108,1.000000000000], [109,109,1.000000000000], [110,110,2.000000000000], [111,111,1.000000000000], [112,112,1.000000000000], [113,113,2.000000000000], [114,114,1.000000000000], [115,115,1.000000000000], [116,116,2.000000000000], [117,117,1.000000000000], [118,118,1.000000000000], [119,119,2.000000000000], [120,120,1.000000000000], [121,121,1.000000000000], [122,122,2.000000000000], [123,123,1.000000000000], [124,124,1.000000000000], [125,125,2.000000000000], [126,126,1.000000000000], [127,127,1.000000000000], [128,128,2.000000000000], [129,129,1.000000000000], [130,130,1.000000000000], [131,131,2.000000000000], [132,132,1.000000000000], [133,133,1.000000000000], [134,134,2.000000000000], [135,135,1.000000000000], [136,136,1.000000000000], [137,137,2.000000000000], [138,138,1.000000000000], [139,139,1.000000000000], [140,140,2.000000000000], [141,141,1.000000000000], [142,142,1.000000000000], [143,143,2.000000000000], [144,144,1.000000000000], [145,145,1.000000000000], [146,146,2.000000000000], ]
},
"v0": {
"shape": [147, 1],
