{
"N": {
"shape": [147, 103],
"data": [[0,0,-0.999988640237], [1,0,0.004766486856], [21,0,0.999988640237], [22,0,-0.004766486856], [0,1,-0.999999572605], [1,1,0.000924548393], [42,1,0.999999572605], [43,1,-0.000924548393], [3,2,-0.001660724981], [4,2,-0.999998620995], [6,2,0.001660724981], [7,2,0.999998620995], [3,3,-0.999999959900], [4,3,0.000283196199], [45,3,0.999999959900], [46,3,-0.000283196199], [6,4,-0.708339301042], [7,4,0.705872109237], [24,4,0.708339301042], [25,4,-0.705872109237], [6,5,-0.999997760245], [7,5,-0.002116484259], [27,5,0.999997760245], [28,5,0.002116484259], [6,6,-0.703310731792], [7,6,-0.710882560306], [30,6,0.703310731792], [31,6,0.710882560306], [9,7,-0.003017557688], [10,7,-0.999995447162], [12,7,0.003017557688], [13,7,0.999995447162], [9,8,-0.706112355524], [10,8,-0.708099810321], [33,8,0.706112355524], [34,8,0.708099810321], [15,9,0.000498303137], [16,9,-0.999999875847], [18,9,-0.000498303137], [19,9,0.999999875847], [15,10,-0.999968885066], [16,10,0.007888529606], [36,10,0.999968885066], [37,10,-0.007888529606], [15,11,-0.708084861381], [16,11,-0.706127346222], [39,11,0.708084861381], [40,11,0.706127346222], [15,12,-0.999998302555], [16,12,0.001842521919], [57,12,0.999998302555], [58,12,-0.001842521919], [18,13,-0.704673519334], [19,13,0.709531698481], [36,13,0.704673519334], [37,13,-0.709531698481], [18,14,-0.999998631592], [19,14,0.001654331775], [39,14,0.999998631592], [40,14,-0.001654331775], [21,15,0.000704866497], [22,15,-0.999999751582], [24,15,-0.000704866497], [25,15,0.999999751582], [21,16,-0.704894955049], [22,16,-0.709311710285], [45,16,0.704894955049], [46,16,0.709311710285], [21,17,-0.999999995328], [22,17,0.000096664651], [63,17,0.999999995328], [64,17,-0.000096664651], [24,18,-0.001437186290], [25,18,-0.999998967247], [30,18,0.001437186290], [31,18,0.999998967247], [24,19,-0.999998465010], [25,19,0.001752134933], [45,19,0.999998465010], [46,19,-0.001752134933], [24,20,-0.709899259845], [25,20,-0.704303230769], [48,20,0.709899259845], [49,20,0.704303230769], [27,21,0.003307418156], [28,21,-0.999994530478], [30,21,-0.003307418156], [31,21,0.999994530478], [27,22,0.004083364877], [28,22,-0.999991663031], [33,22,-0.004083364877], [34,22,0.999991663031], [27,23,-0.705900147493], [28,23,0.708311359339], [45,23,0.705900147493], [46,23,-0.708311359339], [27,24,-0.706758973257], [28,24,-0.707454418122], [51,24,0.706758973257], [52,24,0.707454418122], [30,25,0.004864471594], [31,25,-0.999988168388], [33,25,-0.004864471594], [34,25,0.999988168388], [30,26,-0.999978897422], [31,26,0.006496515203], [51,26,0.999978897422], [52,26,-0.006496515203], [33,27,-0.707403296608], [34,27,0.706810141373], [51,27,0.707403296608], [52,27,-0.706810141373], [39,28,-0.999995325364], [40,28,0.003057654496], [81,28,0.999995325364], [82,28,-0.003057654496], [42,29,-0.999995201224], [43,29,0.003097987891], [63,29,0.999995201224], [64,29,-0.003097987891], [42,30,-0.999999749837], [43,30,0.000707337196], [84,30,0.999999749837], [85,30,-0.000707337196], [45,31,-0.003503031038], [46,31,-0.999993864368], [51,31,0.003503031038], [52,31,0.999993864368], [45,32,-0.707051960618], [46,32,0.707161597505], [63,32,0.707051960618], [64,32,-0.707161597505], [48,33,-0.002997798706], [49,33,-0.999995506591], [51,33,0.002997798706], [52,33,0.999995506591], [48,34,-0.705165696668], [49,34,0.709042551786], [66,34,0.705165696668], [67,34,-0.709042551786], [48,35,-0.999992837880], [49,35,-0.003784730872], [69,35,0.999992837880], [70,35,0.003784730872], [48,36,-0.705904945325], [49,36,-0.708306577807], [72,36,0.705904945325], [73,36,0.708306577807], [48,37,-0.999999813205], [49,37,-0.000611219965], [90,37,0.999999813205], [91,37,0.000611219965], [54,38,-0.702766317064], [55,38,0.711420764106], [72,38,0.702766317064], [73,38,-0.711420764106], [54,39,-0.708923600885], [55,39,-0.705285281364], [78,39,0.708923600885], [79,39,0.705285281364], [54,40,-0.999999963310], [55,40,0.000270888950], [96,40,0.999999963310], [97,40,-0.000270888950], [57,41,-0.000922233507], [58,41,-0.999999574743], [60,41,0.000922233507], [61,41,0.999999574743], [57,42,-0.999999741544], [58,42,0.000718966529], [78,42,0.999999741544], [79,42,-0.000718966529], [57,43,-0.706235396783], [58,43,-0.707977093084], [81,43,0.706235396783], [82,43,0.707977093084], [60,44,-0.999995559200], [61,44,0.002980197956], [81,44,0.999995559200], [82,44,-0.002980197956], [60,45,-0.999999737136], [61,45,-0.000725071176], [102,45,0.999999737136], [103,45,0.000725071176], [63,46,0.002628450257], [64,46,-0.999996545619], [66,46,-0.002628450257], [67,46,0.999996545619], [63,47,-0.999998598180], [64,47,-0.001674407052], [84,47,0.999998598180], [85,47,0.001674407052], [63,48,-0.708210695164], [64,48,-0.706001141115], [87,48,0.708210695164], [88,48,0.706001141115], [66,49,0.000342105815], [67,49,-0.999999941482], [72,49,-0.000342105815], [73,49,0.999999941482], [66,50,-0.999990881310], [67,50,-0.004270514788], [87,50,0.999990881310], [88,50,0.004270514788], [66,51,-0.705959235743], [67,51,-0.708252467323], [90,51,0.705959235743], [91,51,0.708252467323], [66,52,-0.999997950762], [67,52,-0.002024468445], [108,52,0.999997950762], [109,52,0.002024468445], [69,53,0.003064335701], [70,53,-0.999995304912], [72,53,-0.003064335701], [73,53,0.999995304912], [69,54,-0.000491141339], [70,54,-0.999999879390], [75,54,0.000491141339], [76,54,0.999999879390], [69,55,-0.708126373426], [70,55,0.706085716650], [87,55,0.708126373426], [88,55,-0.706085716650], [69,56,-0.999996706831], [70,56,0.002566383957], [90,56,0.999996706831], [91,56,-0.002566383957], [69,57,-0.707685793910], [70,57,-0.706527293951], [93,57,0.707685793910], [94,57,0.706527293951], [69,58,-0.999999942471], [70,58,0.000339202579], [111,58,0.999999942471], [112,58,-0.000339202579], [72,59,-0.708044474507], [73,59,0.706167842740], [90,59,0.708044474507], [91,59,-0.706167842740], [72,60,-0.999999996093], [73,60,-0.000088392858], [93,60,0.999999996093], [94,60,0.000088392858], [72,61,-0.708414404981], [73,61,-0.705796734773], [96,61,0.708414404981], [97,61,0.705796734773], [75,62,-0.003497563906], [76,62,-0.999993883505], [78,62,0.003497563906], [79,62,0.999993883505], [75,63,-0.704181433258], [76,63,0.710020076515], [93,63,0.704181433258], [94,63,-0.710020076515], [75,64,-0.999999939007], [76,64,-0.000349264330], [96,64,0.999999939007], [97,64,0.000349264330], [75,65,-0.999997752501], [76,65,0.002120139891], [117,65,0.999997752501], [118,65,-0.002120139891], [78,66,-0.708865414088], [79,66,0.705343763501], [96,66,0.708865414088], [97,66,-0.705343763501], [78,67,-0.707086169177], [79,67,-0.707127392595], [102,67,0.707086169177], [103,67,0.707127392595], [78,68,-0.999998761374], [79,68,-0.001573928221], [120,68,0.999998761374], [121,68,0.001573928221], [87,69,0.006776500250], [88,69,-0.999977039259], [90,69,-0.006776500250], [91,69,0.999977039259], [87,70,-0.999999968677], [88,70,0.000250292820], [108,70,0.999999968677], [109,70,-0.000250292820], [87,71,-0.704660721838], [88,71,-0.709544408123], [111,71,0.704660721838], [112,71,0.709544408123], [90,72,-0.707688545220], [91,72,0.706524538119], [108,72,0.707688545220], [109,72,-0.706524538119], [93,73,-0.008352944649], [94,73,-0.999965113549], [96,73,0.008352944649], [97,73,0.999965113549], [93,74,-0.709715640788], [94,74,-0.704488260528], [117,74,0.709715640788], [118,74,0.704488260528], [96,75,-0.999994284630], [97,75,0.003380932972], [138,75,0.999994284630], [139,75,-0.003380932972], [99,76,-0.007160954315], [100,76,-0.999974360038], [102,76,0.007160954315], [103,76,0.999974360038], [99,77,-0.709366702596], [100,77,0.704839613847], [117,77,0.709366702596], [118,77,-0.704839613847], [99,78,-0.999992300732], [100,78,-0.003924089189], [120,78,0.999992300732], [121,78,0.003924089189], [99,79,-0.706913577100], [100,79,-0.707299932498], [123,79,0.706913577100], [124,79,0.707299932498], [99,80,-0.999999997402], [100,80,0.000072086284], [141,80,0.999999997402], [142,80,-0.000072086284], [105,81,-0.999975502323], [106,81,0.006999625257], [126,81,0.999975502323], [127,81,-0.006999625257], [108,82,0.000131418076], [109,82,-0.999999991365], [111,82,-0.000131418076], [112,82,0.999999991365], [108,83,-0.001390424760], [109,83,-0.999999033359], [114,83,0.001390424760], [115,83,0.999999033359], [111,84,-0.002918257952], [112,84,-0.999995741876], [114,84,0.002918257952], [115,84,0.999995741876], [111,85,-0.003250866334], [112,85,-0.999994715920], [117,85,0.003250866334], [118,85,0.999994715920], [111,86,-0.999991429582], [112,86,0.004140140347], [132,86,0.999991429582], [133,86,-0.004140140347], [111,87,-0.707964837043], [112,87,-0.706247682835], [135,87,0.707964837043], [136,87,0.706247682835], [114,88,-0.003582753766], [115,88,-0.999993581917], [117,88,0.003582753766], [118,88,0.999993581917], [114,89,-0.706901033580], [115,89,0.707312468944], [132,89,0.706901033580], [133,89,-0.707312468944], [114,90,-0.999993649660], [115,90,-0.003563795660], [135,90,0.999993649660], [136,90,0.003563795660], [114,91,-0.709353294718], [115,91,-0.704853107586], [138,91,0.709353294718], [139,91,0.704853107586], [117,92,-0.707429431109], [118,92,0.706783983973], [135,92,0.707429431109], [136,92,-0.706783983973], [117,93,-0.999997667293], [118,93,0.002159955458], [138,93,0.999997667293], [139,93,-0.002159955458], [120,94,-0.706430744165], [121,94,0.707782172493], [138,94,0.706430744165], [139,94,-0.707782172493], [123,95,-0.704524892682], [124,95,0.709679276569], [141,95,0.704524892682], [142,95,-0.709679276569], [123,96,-0.999989365175], [124,96,0.004611890838], [144,96,0.999989365175], [145,96,-0.004611890838], [126,97,0.006227583326], [127,97,-0.999980608415], [129,97,-0.006227583326], [130,97,0.999980608415], [126,98,0.000033559936], [127,98,-0.999999999437], [132,98,-0.000033559936], [133,98,0.999999999437], [129,99,-0.002846680013], [130,99,-0.999995948198], [135,99,0.002846680013], [136,99,0.999995948198], [132,100,0.000482591279], [133,100,-0.999999883553], [135,100,-0.000482591279], [136,100,0.999999883553], [138,101,0.003490187051], [139,101,-0.999993909279], [144,101,-0.003490187051], [145,101,0.999993909279], [141,102,-0.002118194413], [142,102,-0.999997756624], [144,102,0.002118194413], [145,102,0.999997756624], ]
},
"Q": {
"shape": [103, 103],
"data": [[0,0,2.000000000000], [1,0,0.999992619695], [15,0,0.005471344162], [16,0,-0.701506022665], [17,0,-0.999989096316], [0,1,0.999992619695], [1,1,2.000000000000], [29,1,-0.999997638071], [30,1,-0.999999976410], [2,2,2.000000000000], [3,2,0.001377529105], [4,2,0.704694779064], [5,2,-0.003777202601], [6,2,-0.712049585697], [2,3,0.001377529105], [3,3,2.000000000000], [16,3,0.704694052402], [19,3,0.999998921108], [23,3,0.706100710271], [31,3,-0.003219836436], [32,3,-0.707252197742], [2,4,0.704694779064], [4,4,2.000000000000], [5,4,0.706843747328], [6,4,-0.003609540090], [15,4,-0.706371218527], [18,4,0.704853364713], [19,4,-0.709574996929], [20,4,-0.005701538484], [2,5,-0.003777202601], [4,5,0.706843747328], [5,5,2.000000000000], [6,5,0.704813728297], [21,5,0.001190938065], [22,5,0.001966889118], [23,5,-0.704399436607], [24,5,-0.708254706430], [2,6,-0.712049585697], [4,6,-0.003609540090], [5,6,0.704813728297], [6,6,2.000000000000], [18,6,0.711892614681], [21,6,0.708552529434], [25,6,-0.707452914342], [26,6,-0.698677630761], [7,7,2.000000000000], [8,7,0.710227321225], [7,8,0.710227321225], [8,8,2.000000000000], [22,8,0.705210592523], [25,8,0.704656568863], [27,8,0.000985918966], [9,9,2.000000000000], [10,9,-0.008386816259], [11,9,0.705774417647], [12,9,-0.002340823981], [13,9,0.709882751416], [14,9,0.002152634024], [9,10,-0.008386816259], [10,10,2.000000000000], [11,10,0.702492522891], [12,10,0.999981722463], [13,10,0.710248755274], [9,11,0.705774417647], [10,11,0.702492522891], [11,11,2.000000000000], [12,11,0.706782604333], [14,11,0.706915723526], [28,11,-0.705922457887], [9,12,-0.002340823981], [10,12,0.999981722463], [11,12,0.706782604333], [12,12,2.000000000000], [41,12,0.000920289194], [42,12,-0.999999368811], [43,12,-0.704929734675], [9,13,0.709882751416], [10,13,0.710248755274], [13,13,2.000000000000], [14,13,0.705846355887], [9,14,0.002152634024], [11,14,0.706915723526], [13,14,0.705846355887], [14,14,2.000000000000], [28,14,-0.999999015337], [0,15,0.005471344162], [4,15,-0.706371218527], [15,15,2.000000000000], [16,15,0.708814677241], [17,15,-0.000801531121], [18,15,-0.999997705805], [19,15,0.002456999912], [20,15,-0.703802671603], [0,16,-0.701506022665], [3,16,0.704694052402], [15,16,0.708814677241], [16,16,2.000000000000], [17,16,0.704826386386], [19,16,0.703651063216], [23,16,-0.004828088971], [31,16,-0.711776627115], [32,16,0.003200642177], [0,17,-0.999989096316], [15,17,-0.000801531121], [16,17,0.704826386386], [17,17,2.000000000000], [29,17,0.999995496018], [32,17,0.707120314844], [46,17,0.002725114561], [47,17,-0.999998431652], [48,17,-0.708142446501], [4,18,0.704853364713], [6,18,0.711892614681], [15,18,-0.999997705805], [18,18,2.000000000000], [19,18,-0.000314949039], [20,18,0.705322760881], [21,18,0.999988744354], [25,18,-0.999980144496], [26,18,0.005059352532], [3,19,0.999998921108], [4,19,-0.709574996929], [15,19,0.002456999912], [16,19,0.703651063216], [18,19,-0.000314949039], [19,19,2.000000000000], [20,19,0.708664135863], [23,19,0.707140121020], [31,19,-0.001750901479], [32,19,-0.708289917839], [4,20,-0.005701538484], [15,20,-0.703802671603], [18,20,0.705322760881], [19,20,0.708664135863], [20,20,2.000000000000], [33,20,-0.706428201129], [34,20,-0.001215646157], [35,20,-0.712559773642], [36,20,-0.999984009332], [37,20,-0.710329611435], [5,21,0.001190938065], [6,21,0.708552529434], [18,21,0.999988744354], [21,21,2.000000000000], [22,21,0.999999698949], [23,21,-0.710642192178], [24,21,0.705113001224], [25,21,-0.999998787772], [26,21,0.009803828031], [5,22,0.001966889118], [8,22,0.705210592523], [21,22,0.999999698949], [22,22,2.000000000000], [23,22,-0.711187902039], [24,22,0.704562565328], [25,22,0.999999694930], [27,22,0.709692834494], [3,23,0.706100710271], [5,23,-0.704399436607], [16,23,-0.004828088971], [19,23,0.707140121020], [21,23,-0.710642192178], [22,23,-0.711187902039], [23,23,2.000000000000], [24,23,-0.002196737106], [31,23,0.705834223275], [32,23,-0.999998675687], [5,24,-0.708254706430], [21,24,0.705113001224], [22,24,0.704562565328], [23,24,-0.002196737106], [24,24,2.000000000000], [26,24,0.702148070438], [27,24,-0.000072329698], [31,24,0.709925876062], [33,24,0.709569960375], [6,25,-0.707452914342], [8,25,0.704656568863], [18,25,-0.999980144496], [21,25,-0.999998787772], [22,25,0.999999694930], [25,25,2.000000000000], [26,25,-0.011360807280], [27,25,0.710242921912], [6,26,-0.698677630761], [18,26,0.005059352532], [21,26,0.009803828031], [24,26,0.702148070438], [25,26,-0.011360807280], [26,26,2.000000000000], [27,26,0.711980171404], [31,26,-0.002993518228], [33,26,-0.003498750567], [8,27,0.000985918966], [22,27,0.709692834494], [24,27,-0.000072329698], [25,27,0.710242921912], [26,27,0.711980171404], [27,27,2.000000000000], [31,27,-0.704327748942], [33,27,-0.704686312699], [11,28,-0.705922457887], [14,28,-0.999999015337], [28,28,2.000000000000], [43,28,0.704067346047], [44,28,0.999999997000], [1,29,-0.999997638071], [17,29,0.999995496018], [29,29,2.000000000000], [30,29,0.999997142384], [32,29,0.709239345700], [46,29,0.005726414833], [47,29,-0.999988612117], [48,29,-0.706020113633], [1,30,-0.999999976410], [29,30,0.999997142384], [30,30,2.000000000000], [47,30,0.999997163647], [3,31,-0.003219836436], [16,31,-0.711776627115], [19,31,-0.001750901479], [23,31,0.705834223275], [24,31,0.709925876062], [26,31,-0.002993518228], [27,31,-0.704327748942], [31,31,2.000000000000], [32,31,-0.704680433658], [33,31,0.999999872369], [3,32,-0.707252197742], [16,32,0.003200642177], [17,32,0.707120314844], [19,32,-0.708289917839], [23,32,-0.999998675687], [29,32,0.709239345700], [31,32,-0.704680433658], [32,32,2.000000000000], [46,32,0.709017605607], [47,32,-0.705866893093], [48,32,-0.001484865755], [20,33,-0.706428201129], [24,33,0.709569960375], [26,33,-0.003498750567], [27,33,-0.704686312699], [31,33,0.999999872369], [33,33,2.000000000000], [34,33,-0.706925420955], [35,33,0.006782491101], [36,33,0.710419556028], [37,33,0.003609015365], [20,34,-0.001215646157], [33,34,-0.706925420955], [34,34,2.000000000000], [35,34,0.702477110951], [36,34,-0.004439550824], [37,34,0.704732183983], [46,34,-0.710893595439], [49,34,0.709283751580], [50,34,-0.702131289778], [51,34,0.004362900448], [52,34,-0.703728817343], [20,35,-0.712559773642], [33,35,0.006782491101], [34,35,0.702477110951], [35,35,2.000000000000], [36,35,0.708580639321], [37,35,0.999994964390], [53,35,-0.000720399349], [54,35,-0.004275868237], [55,35,-0.705448957331], [56,35,-0.999979831663], [57,35,-0.710354741041], [58,35,-0.999991496561], [20,36,-0.999984009332], [33,36,0.710419556028], [34,36,-0.004439550824], [35,36,0.708580639321], [36,36,2.000000000000], [37,36,0.706337744588], [38,36,-0.007817788181], [49,36,0.708065042172], [53,36,0.706140122521], [59,36,0.000371231984], [60,36,-0.705967551811], [61,36,-0.999993701650], [20,37,-0.710329611435], [33,37,0.003609015365], [34,37,0.704732183983], [35,37,0.999994964390], [36,37,0.706337744588], [37,37,2.000000000000], [51,37,0.706392001922], [56,37,0.999994951412], [59,37,0.707612718364], [69,37,-0.006165293053], [72,37,-0.707256571124], [36,38,-0.007817788181], [38,38,2.000000000000], [39,38,-0.003546965707], [40,38,0.702959007303], [49,38,-0.711661142918], [53,38,-0.713570935837], [59,38,-0.999972273936], [60,38,-0.702703429803], [61,38,0.004268670012], [38,39,-0.003546965707], [39,39,2.000000000000], [40,39,0.708732520885], [42,39,0.708416341148], [62,39,0.707760473088], [66,39,-0.005062847199], [67,39,-0.999996615235], [68,39,-0.710032791202], [38,40,0.702959007303], [39,40,0.708732520885], [40,40,2.000000000000], [61,40,0.708223186453], [64,40,0.999999807705], [66,40,0.709056457911], [73,40,0.008082064843], [75,40,-0.999995163797], [12,41,0.000920289194], [41,41,2.000000000000], [42,41,0.000203267045], [43,41,0.708628105958], [44,41,0.002057967278], [45,41,-0.001647304131], [12,42,-0.999999368811], [39,42,0.708416341148], [41,42,0.000203267045], [42,42,2.000000000000], [43,42,0.705726202418], [62,42,0.002778600870], [66,42,-0.709372349435], [67,42,-0.706577585499], [68,42,-0.999997371316], [12,43,-0.704929734675], [28,43,0.704067346047], [41,43,0.708628105958], [42,43,0.705726202418], [43,43,2.000000000000], [44,43,0.704122348647], [28,44,0.999999997000], [41,44,0.002057967278], [43,44,0.704122348647], [44,44,2.000000000000], [45,44,0.999993135482], [41,45,-0.001647304131], [44,45,0.999993135482], [45,45,2.000000000000], [67,45,0.707598700999], [76,45,0.007886005018], [17,46,0.002725114561], [29,46,0.005726414833], [32,46,0.709017605607], [34,46,-0.710893595439], [46,46,2.000000000000], [47,46,-0.000954045304], [48,46,0.704137205734], [49,46,-0.999997386309], [50,46,-0.001642073747], [51,46,-0.706394442015], [52,46,0.000603983419], [17,47,-0.999998431652], [29,47,-0.999988612117], [30,47,0.999997163647], [32,47,-0.705866893093], [46,47,-0.000954045304], [47,47,2.000000000000], [48,47,0.709391835669], [17,48,-0.708142446501], [29,48,-0.706020113633], [32,48,-0.001484865755], [46,48,0.704137205734], [47,48,0.709391835669], [48,48,2.000000000000], [50,48,0.711219225524], [55,48,0.003005349508], [69,48,-0.701185740852], [70,48,-0.708033965964], [71,48,-0.999987421474], [34,49,0.709283751580], [36,49,0.708065042172], [38,49,-0.711661142918], [46,49,-0.999997386309], [49,49,2.000000000000], [50,49,0.003928411842], [51,49,0.708010913118], [52,49,0.001682363212], [53,49,0.999996294721], [59,49,0.706410027549], [60,49,0.000253712961], [61,49,-0.705554340783], [34,50,-0.702131289778], [46,50,-0.001642073747], [48,50,0.711219225524], [49,50,0.003928411842], [50,50,2.000000000000], [51,50,0.708977400955], [52,50,0.999997477613], [55,50,0.705104566747], [69,50,0.002506021724], [70,50,-0.999989781108], [71,50,-0.707684416143], [34,51,0.004362900448], [37,51,0.706392001922], [46,51,-0.706394442015], [49,51,0.708010913118], [50,51,0.708977400955], [51,51,2.000000000000], [52,51,0.707391623835], [56,51,0.704139263130], [59,51,-0.000294580870], [69,51,0.703452272384], [72,51,0.000798482820], [34,52,-0.703728817343], [46,52,0.000603983419], [49,52,0.001682363212], [50,52,0.999997477613], [51,52,0.707391623835], [52,52,2.000000000000], [70,52,0.999997412729], [72,52,0.706256758364], [82,52,-0.001893050620], [83,52,-0.003414888398], [35,53,-0.000720399349], [36,53,0.706140122521], [38,53,-0.713570935837], [49,53,0.999996294721], [53,53,2.000000000000], [54,53,0.999993679281], [55,53,-0.708252338443], [56,53,-0.005630697517], [57,53,0.704355389900], [58,53,-0.003403536511], [59,53,0.708334213181], [60,53,0.002975943245], [61,53,-0.703622601443], [35,54,-0.004275868237], [53,54,0.999993679281], [54,54,2.000000000000], [55,54,-0.705737841354], [56,54,-0.002075243925], [57,54,0.706874782486], [58,54,0.000151938773], [62,54,-0.999995480694], [63,54,0.709674138268], [64,54,-0.000840405598], [65,54,0.001628999399], [35,55,-0.705448957331], [48,55,0.003005349508], [50,55,0.705104566747], [53,55,-0.708252338443], [54,55,-0.705737841354], [55,55,2.000000000000], [56,55,0.709936128502], [57,55,0.002262144084], [58,55,0.708365838785], [69,55,0.710868122946], [70,55,-0.708303079431], [71,55,0.002010330454], [35,56,-0.999979831663], [37,56,0.999994951412], [51,56,0.704139263130], [53,56,-0.005630697517], [54,56,-0.002075243925], [55,56,0.709936128502], [56,56,2.000000000000], [57,56,0.705870243069], [58,56,0.999997519826], [59,56,0.709854440619], [69,56,-0.009342802965], [72,56,-0.709499427922], [35,57,-0.710354741041], [53,57,0.704355389900], [54,57,0.706874782486], [55,57,0.002262144084], [56,57,0.705870243069], [57,57,2.000000000000], [58,57,0.707446097317], [60,57,0.707748243112], [63,57,-0.003309366660], [73,57,-0.712413905987], [74,57,-0.999995861032], [35,58,-0.999991496561], [53,58,-0.003403536511], [54,58,0.000151938773], [55,58,0.708365838785], [56,58,0.999997519826], [57,58,0.707446097317], [58,58,2.000000000000], [71,58,0.704420002006], [82,58,-0.000470620645], [84,58,-0.002579056650], [85,58,-0.002911665361], [86,58,-0.999992776400], [87,58,-0.707725235279], [36,59,0.000371231984], [37,59,0.707612718364], [38,59,-0.999972273936], [49,59,0.706410027549], [51,59,-0.000294580870], [53,59,0.708334213181], [56,59,0.709854440619], [59,59,2.000000000000], [60,59,0.707982051547], [61,59,0.003177947500], [69,59,-0.710949692162], [72,59,-0.999999873041], [36,60,-0.705967551811], [38,60,-0.702703429803], [49,60,0.000253712961], [53,60,0.002975943245], [57,60,0.707748243112], [59,60,0.707982051547], [60,60,2.000000000000], [61,60,0.708476789604], [63,60,0.704118669803], [73,60,-0.008441334391], [74,60,-0.709777909746], [36,61,-0.999993701650], [38,61,0.004268670012], [40,61,0.708223186453], [49,61,-0.705554340783], [53,61,-0.703622601443], [59,61,0.003177947500], [60,61,0.708476789604], [61,61,2.000000000000], [64,61,0.708660871397], [66,61,0.004341145362], [73,61,0.711689458343], [75,61,-0.706024104678], [39,62,0.707760473088], [42,62,0.002778600870], [54,62,-0.999995480694], [62,62,2.000000000000], [63,62,-0.707552814117], [64,62,0.003846825887], [65,62,0.001377429122], [66,62,0.702860147182], [67,62,-0.709596146518], [68,62,-0.005071478168], [54,63,0.709674138268], [57,63,-0.003309366660], [60,63,0.704118669803], [62,63,-0.707552814117], [63,63,2.000000000000], [64,63,0.703933405621], [65,63,0.705685192498], [73,63,0.704113317900], [74,63,0.000432231509], [40,64,0.999999807705], [54,64,-0.000840405598], [61,64,0.708660871397], [62,64,0.003846825887], [63,64,0.703933405621], [64,64,2.000000000000], [65,64,0.999996951019], [66,64,0.708619019435], [73,64,0.008702196285], [75,64,-0.999993042798], [54,65,0.001628999399], [62,65,0.001377429122], [63,65,0.705685192498], [64,65,0.999996951019], [65,65,2.000000000000], [74,65,0.708220432039], [77,65,0.710859466877], [85,65,0.001130730340], [88,65,0.001462619430], [92,65,-0.708926322080], [93,65,-0.999999999207], [39,66,-0.005062847199], [40,66,0.709056457911], [42,66,-0.709372349435], [61,66,0.004341145362], [62,66,0.702860147182], [64,66,0.708619019435], [66,66,2.000000000000], [67,66,0.002461033742], [68,66,0.707754375614], [73,66,-0.699398042993], [75,66,-0.711246082647], [39,67,-0.999996615235], [42,67,-0.706577585499], [45,67,0.707598700999], [62,67,-0.709596146518], [66,67,0.002461033742], [67,67,2.000000000000], [68,67,0.708198261121], [76,67,0.712172673630], [39,68,-0.710032791202], [42,68,-0.999997371316], [62,68,-0.005071478168], [66,68,0.707754375614], [67,68,0.708198261121], [68,68,2.000000000000], [78,68,0.999997238351], [94,68,-0.705315870826], [37,69,-0.006165293053], [48,69,-0.701185740852], [50,69,0.002506021724], [51,69,0.703452272384], [55,69,0.710868122946], [56,69,-0.009342802965], [59,69,-0.710949692162], [69,69,2.000000000000], [70,69,-0.007026787111], [71,69,0.704752982900], [72,69,0.711303967396], [48,70,-0.708033965964], [50,70,-0.999989781108], [52,70,0.999997412729], [55,70,-0.708303079431], [69,70,-0.007026787111], [70,70,2.000000000000], [71,70,0.704483105895], [72,70,0.707865361072], [82,70,0.000381710890], [83,70,-0.001140132138], [48,71,-0.999987421474], [50,71,-0.707684416143], [55,71,0.002010330454], [58,71,0.704420002006], [69,71,0.704752982900], [70,71,0.704483105895], [71,71,2.000000000000], [82,71,0.709451796839], [84,71,-0.711597768551], [85,71,-0.711831416651], [86,71,-0.701717069169], [87,71,-0.999989107213], [37,72,-0.707256571124], [51,72,0.000798482820], [52,72,0.706256758364], [56,72,-0.709499427922], [59,72,-0.999999873041], [69,72,0.711303967396], [70,72,0.707865361072], [72,72,2.000000000000], [82,72,0.706617535085], [83,72,0.705539867488], [40,73,0.008082064843], [57,73,-0.712413905987], [60,73,-0.008441334391], [61,73,0.711689458343], [63,73,0.704113317900], [64,73,0.008702196285], [66,73,-0.699398042993], [73,73,2.000000000000], [74,73,0.710391898896], [75,73,-0.004972081886], [57,74,-0.999995861032], [60,74,-0.709777909746], [63,74,0.000432231509], [65,74,0.708220432039], [73,74,0.710391898896], [74,74,2.000000000000], [77,74,0.006897410376], [85,74,0.706791728639], [88,74,0.707026475448], [92,74,-0.004152712573], [93,74,-0.708192321966], [40,75,-0.999995163797], [61,75,-0.706024104678], [64,75,-0.999993042798], [66,75,-0.711246082647], [73,75,-0.004972081886], [75,75,2.000000000000], [91,75,0.706966179389], [93,75,0.999999254601], [94,75,0.708819670735], [101,75,0.006871079483], [45,76,0.007886005018], [67,76,0.712172673630], [76,76,2.000000000000], [77,76,-0.699741799236], [78,76,0.011084887757], [79,76,0.712343973185], [80,76,0.007088869861], [65,77,0.710859466877], [74,77,0.006897410376], [76,77,-0.699741799236], [77,77,2.000000000000], [78,77,0.706595387483], [79,77,0.002927941911], [80,77,0.709417510021], [85,77,-0.702529833086], [88,77,-0.702293603903], [92,77,-0.999996233202], [93,77,-0.710887470022], [68,78,0.999997238351], [76,78,0.011084887757], [77,78,0.706595387483], [78,78,2.000000000000], [79,78,0.709683642401], [80,78,0.999992015261], [94,78,-0.703647904794], [76,79,0.712343973185], [77,79,0.002927941911], [78,79,0.709683642401], [79,79,2.000000000000], [80,79,0.706862588639], [95,79,0.003917892371], [96,79,-0.703644069119], [76,80,0.007088869861], [77,80,0.709417510021], [78,80,0.999992015261], [79,80,0.706862588639], [80,80,2.000000000000], [95,80,0.704576048993], [102,80,-0.002046108286], [81,81,2.000000000000], [97,81,0.013226920288], [98,81,0.007033184367], [52,82,-0.001893050620], [58,82,-0.000470620645], [70,82,0.000381710890], [71,82,0.709451796839], [72,82,0.706617535085], [82,82,2.000000000000], [83,82,0.999998841997], [84,82,-0.999995349729], [85,82,-0.999994280062], [86,82,0.004271557262], [87,82,-0.706154637360], [52,83,-0.003414888398], [70,83,-0.001140132138], [72,83,0.705539867488], [82,83,0.999998841997], [83,83,2.000000000000], [84,83,0.999998832857], [88,83,-0.999997596832], [89,83,0.706328892527], [90,83,-0.004954208145], [91,83,-0.705838728630], [58,84,-0.002579056650], [71,84,-0.711597768551], [82,84,-0.999995349729], [83,84,0.999998832857], [84,84,2.000000000000], [85,84,0.999999944685], [86,84,-0.001221889776], [87,84,0.708310699561], [88,84,-0.999999779220], [89,84,0.705246537557], [90,84,-0.006482019905], [91,84,-0.706920182127], [58,85,-0.002911665361], [65,85,0.001130730340], [71,85,-0.711831416651], [74,85,0.706791728639], [77,85,-0.702529833086], [82,85,-0.999994280062], [84,85,0.999999944685], [85,85,2.000000000000], [86,85,-0.000889279998], [87,85,0.708545450021], [88,85,0.999999944925], [92,85,0.704480490749], [93,85,-0.001090914706], [58,86,-0.999992776400], [71,86,-0.701717069169], [82,86,0.004271557262], [84,86,-0.001221889776], [85,86,-0.000889279998], [86,86,2.000000000000], [87,86,0.705034804962], [89,86,0.709823348034], [98,86,-0.004173699993], [100,86,0.004622727008], [58,87,-0.707725235279], [71,87,-0.999989107213], [82,87,-0.706154637360], [84,87,0.708310699561], [85,87,0.708545450021], [86,87,0.705034804962], [87,87,2.000000000000], [90,87,0.710477263653], [92,87,0.001670610968], [99,87,0.708260170611], [100,87,0.705905942939], [65,88,0.001462619430], [74,88,0.707026475448], [77,88,-0.702293603903], [83,88,-0.999997596832], [84,88,-0.999999779220], [85,88,0.999999944925], [88,88,2.000000000000], [89,88,-0.704775277014], [90,88,0.007146503801], [91,88,0.707390021968], [92,88,0.704244902317], [93,88,-0.001422803813], [83,89,0.706328892527], [84,89,0.705246537557], [86,89,0.709823348034], [88,89,-0.704775277014], [89,89,2.000000000000], [90,89,0.704375827411], [91,89,0.002891185440], [98,89,-0.707336192099], [100,89,0.707653530853], [83,90,-0.004954208145], [84,90,-0.006482019905], [87,90,0.710477263653], [88,90,0.007146503801], [89,90,0.704375827411], [90,90,2.000000000000], [91,90,0.711860742529], [92,90,0.704906104997], [99,90,0.006410443156], [100,90,0.003081207031], [75,91,0.706966179389], [83,91,-0.705838728630], [84,91,-0.706920182127], [88,91,0.707390021968], [89,91,0.002891185440], [90,91,0.711860742529], [91,91,2.000000000000], [93,91,0.707829188688], [94,91,0.002226512087], [101,91,-0.702373038838], [65,92,-0.708926322080], [74,92,-0.004152712573], [77,92,-0.999996233202], [85,92,0.704480490749], [87,92,0.001670610968], [88,92,0.704244902317], [90,92,0.704906104997], [92,92,2.000000000000], [93,92,0.708954402807], [99,92,-0.704767295003], [100,92,-0.707125300944], [65,93,-0.999999999207], [74,93,-0.708192321966], [75,93,0.999999254601], [77,93,-0.710887470022], [85,93,-0.001090914706], [88,93,-0.001422803813], [91,93,0.707829188688], [92,93,0.708954402807], [93,93,2.000000000000], [94,93,0.707957874236], [101,93,0.005650121212], [68,94,-0.705315870826], [75,94,0.708819670735], [78,94,-0.703647904794], [91,94,0.002226512087], [93,94,0.707957874236], [94,94,2.000000000000], [101,94,0.710243437025], [79,95,0.003917892371], [80,95,0.704576048993], [95,95,2.000000000000], [96,95,0.707790363537], [102,95,0.708185363800], [79,96,-0.703644069119], [95,96,0.707790363537], [96,96,2.000000000000], [101,96,-0.008102012682], [102,96,-0.002493708606], [81,97,0.013226920288], [97,97,2.000000000000], [98,97,0.999980816849], [99,97,-0.999958828755], [81,98,0.007033184367], [86,98,-0.004173699993], [89,98,-0.707336192099], [97,98,0.999980816849], [98,98,2.000000000000], [100,98,-0.999999899185], [87,99,0.708260170611], [90,99,0.006410443156], [92,99,-0.704767295003], [97,99,-0.999958828755], [99,99,2.000000000000], [100,99,0.999994457969], [86,100,0.004622727008], [87,100,0.705905942939], [89,100,0.707653530853], [90,100,0.003081207031], [92,100,-0.707125300944], [98,100,-0.999999899185], [99,100,0.999994457969], [100,100,2.000000000000], [75,101,0.006871079483], [91,101,-0.702373038838], [93,101,0.005650121212], [94,101,0.710243437025], [96,101,-0.008102012682], [101,101,2.000000000000], [102,101,0.999984273021], [80,102,-0.002046108286], [95,102,0.708185363800], [96,102,-0.002493708606], [101,102,0.999984273021], [102,102,2.000000000000], ]
},
"Minv": {
"shape": [147, 147],
"data": [[0,0,1.000000000000], [1,1,1.000000000000], [2,2,2.000000000000], [3,3,1.000000000000], [4,4,1.000000000000], [5,5,2.000000000000], [6,6,1.000000000000], [7,7,1.000000000000], [8,8,2.000000000000], [9,9,1.000000000000], [10,10,1.000000000000], [11,11,2.000000000000], [12,12,1.000000000000], [13,13,1.000000000000], [14,14,2.000000000000], [15,15,1.000000000000], [16,16,1.000000000000], [17,17,2.000000000000], [18,18,1.000000000000], [19,19,1.000000000000], [20,20,2.000000000000], [21,21,1.000000000000], [22,22,1.000000000000], [23,23,2.000000000000], [24,24,1.000000000000], [25,25,1.000000000000], [26,26,2.000000000000], [27,27,1.000000000000], [28,28,1.000000000000], [29,29,2.000000000000], [30,30,1.000000000000], [31,31,1.000000000000], [32,32,2.000000000000], [33,33,1.000000000000], [34,34,1.000000000000], [35,35,2.000000000000], [36,36,1.000000000000], [37,37,1.000000000000], [38,38,2.000000000000], [39,39,1.000000000000], [40,40,1.000000000000], [41,41,2.000000000000], [42,42,1.000000000000], [43,43,1.000000000000], [44,44,2.000000000000], [45,45,1.000000000000], [46,46,1.000000000000], [47,47,2.000000000000], [48,48,1.000000000000], [49,49,1.000000000000], [50,50,2.000000000000], [51,51,1.000000000000], [52,52,1.000000000000], [53,53,2.000000000000], [54,54,1.000000000000], [55,55,1.000000000000], [56,56,2.000000000000], [57,57,1.000000000000], [58,58,1.000000000000], [59,59,2.000000000000], [60,60,1.000000000000], [61,61,1.000000000000], [62,62,2.000000000000], [63,63,1.000000000000], [64,64,1.000000000000], [65,65,2.000000000000], [66,66,1.000000000000], [67,67,1.000000000000], [68,68,2.000000000000], [69,69,1.000000000000], [70,70,1.000000000000], [71,71,2.000000000000], [72,72,1.000000000000], [73,73,1.000000000000], [74,74,2.000000000000], [75,75,1.000000000000], [76,76,1.000000000000], [77,77,2.000000000000], [78,78,1.000000000000], [79,79,1.000000000000], [80,80,2.000000000000], [81,81,1.000000000000], [82,82,1.000000000000], [83,83,2.000000000000], [84,84,1.000000000000], [85,85,1.000000000000], [86,86,2.000000000000], [87,87,1.000000000000], [88,88,1.000000000000], [89,89,2.000000000000], [90,90,1.000000000000], [91,91,1.000000000000], [92,92,2.000000000000], [93,93,1.000000000000], [94,94,1.000000000000], [95,95,2.000000000000], [96,96,1.000000000000], [97,97,1.000000000000], [98,98,2.000000000000], [99,99,1.000000000000], [100,100,1.000000000000], [101,101,2.000000000000], [102,102,1.000000000000], [103,103,1.000000000000], [104,104,2.000000000000], [105,105,1.000000000000], [106,106,1.000000000000], [107,107,2.000000000000], [108,108,1.000000000000], [109,109,1.000000000000], [110,110,2.000000000000], [111,111,1.000000000000], [112,112,1.000000000000], [113,113,2.000000000000], [114,114,1.000000000000], [115,115,1.000000000000], [116,116,2.000000000000], [117,117,1.000000000000], [118,118,1.000000000000], [119,119,2.000000000000], [120,120,1.000000000000], [121,121,1.000000000000], [122,122,2.000000000000], [123,123,1.000000000000], [124,124,1.000000000000], [125,125,2.000000000000], [126,126,1.000000000000], [127,127,1.000000000000], [128,128,2.000000000000], [129,129,1.000000000000], [130,130,1.000000000000], [131,131,2.000000000000], [132,132,1.000000000000], [133,133,1.000000000000], [134,134,2.000000000000], [135,135,1.000000000000], [136,136,1.000000000000], [137,137,2.000000000000], [138,138,1.000000000000], [139,139,1.000000000000], [140,140,2.000000000000], [141,141,1.000000000000], [142,142,1.000000000000], [143,143,2.000000000000], [144,144,1.000000000000], [145,145,1.000000000000], [146,146,2.000000000000], ]
},
"v0": {
"shape": [147, 1],
"data": [[0,0,0.598305038390], [1,0,-0.813449778818], [2,0,0.000000000000], [3,0,-0.709146904338], [4,0,0.332142538584], [5,0,0.000000000000], [6,0,0.315337175671], [7,0,0.015528811703], [8,0,0.000000000000], [9,0,-0.922698372970], [10,0,0.535382425686], [11,0,0.000000000000], [12,0,-0.748436635867], [13,0,-0.658988297755], [14,0,0.000000000000], [15,0,0.703351870927], [16,0,0.989174109176], [17,0,0.000000000000], [18,0,0.037160821793], [19,0,0.117517093006], [20,0,0.000000000000], [21,0,0.028790060314], [22,0,0.384573971523], [23,0,0.000000000000], [24,0,0.613959418244], [25,0,0.323254862997], [26,0,0.000000000000], [27,0,0.224650078780], [28,0,0.452762275347], [29,0,0.000000000000], [30,0,-0.589651265094], [31,0,-0.571047434180], [32,0,0.000000000000], [33,0,-0.373223955068], [34,0,-0.982474026762], [35,0,0.000000000000], [36,0,-0.599011594786], [37,0,-0.133686044279], [38,0,0.000000000000], [39,0,-0.015888033521], [40,0,0.695951733108], [41,0,0.000000000000], [42,0,0.436563239392], [43,0,-0.471797553300], [44,0,0.000000000000], [45,0,-0.840013159768], [46,0,-0.226349557608], [47,0,0.000000000000], [48,0,0.901723834971], [49,0,-0.222802307110], [50,0,0.000000000000], [51,0,-0.890837577096], [52,0,-0.965384477133], [53,0,0.000000000000], [54,0,0.139819702931], [55,0,-0.699572583126], [56,0,0.000000000000], [57,0,0.498265819873], [58,0,0.810093575638], [59,0,0.000000000000], [60,0,0.328034057987], [61,0,0.420556715327], [62,0,0.000000000000], [63,0,-0.237417052683], [64,0,0.844587414993], [65,0,0.000000000000], [66,0,0.651532325539], [67,0,0.119760734742], [68,0,0.000000000000], [69,0,0.828771501416], [70,0,0.727571052360], [71,0,0.000000000000], [72,0,-0.081552925361], [73,0,-0.726690238001], [74,0,0.000000000000], [75,0,0.517523009037], [76,0,0.488229282471], [77,0,0.000000000000], [78,0,-0.146154036263], [79,0,-0.842129306999], [80,0,0.000000000000], [81,0,-0.989438944919], [82,0,0.528884285093], [83,0,0.000000000000], [84,0,-0.329129044312], [85,0,-0.949017612414], [86,0,0.000000000000], [87,0,0.216625378354], [88,0,0.270006478975], [89,0,0.000000000000], [90,0,-0.603348396961], [91,0,-0.686587934732], [92,0,0.000000000000], [93,0,-0.692200761907], [94,0,0.405395661508], [95,0,0.000000000000], [96,0,-0.760506509940], [97,0,-0.472795151781], [98,0,0.000000000000], [99,0,0.852176380996], [100,0,0.476211572610], [101,0,0.000000000000], [102,0,-0.859991222777], [103,0,-0.173601036472], [104,0,0.000000000000], [105,0,0.508948145076], [106,0,-0.357566749620], [107,0,0.000000000000], [108,0,-0.701924399514], [109,0,0.538707501011], [110,0,0.000000000000], [111,0,0.562775060301], [112,0,-0.094108183266], [113,0,0.000000000000], [114,0,0.600331783070], [115,0,-0.458533874284], [116,0,0.000000000000], [117,0,-0.678506665460], [118,0,-0.793918888025], [119,0,0.000000000000], [120,0,-0.552780358842], [121,0,0.035377212829], [122,0,0.000000000000], [123,0,0.579503125403], [124,0,0.253436883452], [125,0,0.000000000000], [126,0,0.012355602041], [127,0,0.158434572173], [128,0,0.000000000000], [129,0,0.699659912752], [130,0,-0.090244450951], [131,0,0.000000000000], [132,0,0.408814464573], [133,0,0.026608388229], [134,0,0.000000000000], [135,0,-0.496678452321], [136,0,-0.458690796721], [137,0,0.000000000000], [138,0,-0.774865009830], [139,0,0.649671466766], [140,0,0.000000000000], [141,0,0.599125230286], [142,0,0.818057808543], [143,0,0.000000000000], [144,0,0.515438707584], [145,0,-0.475136902025], [146,0,0.000000000000], ]
},
"b": {
"shape": [103, 1],
