{
"N": {
"shape": [147, 113],
"data": [[0,0,-0.002718312000], [1,0,-0.999996305383], [6,0,0.002718312000], [7,0,0.999996305383], [0,1,-0.999994338199], [1,1,0.003365051312], [21,1,0.999994338199], [22,1,-0.003365051312], [0,2,-0.708123086994], [1,2,-0.706089012566], [24,2,0.708123086994], [25,2,0.706089012566], [3,3,0.002696311758], [4,3,-0.999996364945], [6,3,-0.002696311758], [7,3,0.999996364945], [3,4,0.000557122061], [4,4,-0.999999844807], [9,4,-0.000557122061], [10,4,0.999999844807], [3,5,-0.706730481982], [4,5,-0.707482880243], [27,5,0.706730481982], [28,5,0.707482880243], [6,6,-0.999998697926], [7,6,-0.001613736721], [27,6,0.999998697926], [28,6,0.001613736721], [6,7,-0.706074190773], [7,7,-0.708137865902], [30,7,0.706074190773], [31,7,0.708137865902], [6,8,-0.999998989119], [7,8,-0.001421886539], [48,8,0.999998989119], [49,8,0.001421886539], [9,9,0.000092735250], [10,9,-0.999999995700], [15,9,-0.000092735250], [16,9,0.999999995700], [9,10,-0.707093539025], [10,10,-0.707120023100], [33,10,0.707093539025], [34,10,0.707120023100], [12,11,0.001554430778], [13,11,-0.999998791872], [15,11,-0.001554430778], [16,11,0.999998791872], [12,12,-0.999998534965], [13,12,0.001711744014], [33,12,0.999998534965], [34,12,-0.001711744014], [12,13,-0.704925286967], [13,13,-0.709281565948], [36,13,0.704925286967], [37,13,0.709281565948], [15,14,-0.707926487256], [16,14,-0.706286123778], [39,14,0.707926487256], [40,14,0.706286123778], [15,15,-0.999999848502], [16,15,-0.000550449958], [57,15,0.999999848502], [58,15,0.000550449958], [18,16,-0.999999367825], [19,16,-0.001124432874], [39,16,0.999999367825], [40,16,0.001124432874], [21,17,0.001346148807], [22,17,-0.999999093941], [24,17,-0.001346148807], [25,17,0.999999093941], [24,18,-0.709781713060], [25,18,0.704421691749], [42,18,0.709781713060], [43,18,-0.704421691749], [24,19,-0.999987945219], [25,19,0.004910134110], [45,19,0.999987945219], [46,19,-0.004910134110], [27,20,-0.705066464760], [28,20,0.709141227310], [45,20,0.705066464760], [46,20,-0.709141227310], [30,21,0.004321988380], [31,21,-0.999990660165], [33,21,-0.004321988380], [34,21,0.999990660165], [30,22,0.001196204857], [31,22,-0.999999284547], [36,22,-0.001196204857], [37,22,0.999999284547], [30,23,-0.707814236761], [31,23,0.706398617098], [48,23,0.707814236761], [49,23,-0.706398617098], [30,24,-0.999994724785], [31,24,0.003248138331], [51,24,0.999994724785], [52,24,-0.003248138331], [30,25,-0.999998243957], [31,25,0.001874055024], [72,25,0.999998243957], [73,25,-0.001874055024], [33,26,-0.708589719663], [34,26,0.705620726161], [51,26,0.708589719663], [52,26,-0.705620726161], [33,27,-0.706141431024], [34,27,-0.708070815238], [57,27,0.706141431024], [58,27,0.708070815238], [36,28,-0.710230403069], [37,28,0.703969299442], [54,28,0.710230403069], [55,28,-0.703969299442], [36,29,-0.999994942467], [37,29,-0.003180415233], [57,29,0.999994942467], [58,29,0.003180415233], [36,30,-0.999999900999], [37,30,-0.000444973954], [78,30,0.999999900999], [79,30,0.000444973954], [42,31,0.002439220144], [43,31,-0.999997025098], [45,31,-0.002439220144], [46,31,0.999997025098], [42,32,-0.001382060377], [43,32,-0.999999044954], [48,32,0.001382060377], [49,32,0.999999044954], [42,33,-0.708121310515], [43,33,-0.706090794158], [66,33,0.708121310515], [67,33,0.706090794158], [45,34,-0.001976053244], [46,34,-0.999998047605], [51,34,0.001976053244], [52,34,0.999998047605], [48,35,0.001229320874], [49,35,-0.999999244385], [51,35,-0.001229320874], [52,35,0.999999244385], [48,36,-0.706145392720], [49,36,-0.708066864314], [72,36,0.706145392720], [73,36,0.708066864314], [51,37,0.001102459501], [52,37,-0.999999392291], [57,37,-0.001102459501], [58,37,0.999999392291], [51,38,-0.999999879126], [52,38,0.000491677862], [72,38,0.999999879126], [73,38,-0.000491677862], [51,39,-0.706371092831], [52,39,-0.707841704912], [75,39,0.706371092831], [76,39,0.707841704912], [54,40,0.004357420338], [55,40,-0.999990506399], [57,40,-0.004357420338], [58,40,0.999990506399], [54,41,0.001418971878], [55,41,-0.999998993259], [60,41,-0.001418971878], [61,41,0.999998993259], [54,42,-0.706156259387], [55,42,-0.708056026970], [78,42,0.706156259387], [79,42,0.708056026970], [54,43,-0.999999971222], [55,43,0.000239909882], [96,43,0.999999971222], [97,43,-0.000239909882], [60,44,-0.999996243739], [61,44,-0.002740895437], [81,44,0.999996243739], [82,44,0.002740895437], [60,45,-0.999999937679], [61,45,-0.000353046359], [102,45,0.999999937679], [103,45,0.000353046359], [63,46,-0.999999906591], [64,46,0.000432224520], [105,46,0.999999906591], [106,46,-0.000432224520], [66,47,0.003183265103], [67,47,-0.999994933399], [72,47,-0.003183265103], [73,47,0.999994933399], [66,48,-0.705611284890], [67,48,0.708599121250], [84,48,0.705611284890], [85,48,-0.708599121250], [66,49,-0.999984863833], [67,49,0.005502009192], [87,49,0.999984863833], [88,49,-0.005502009192], [69,50,-0.001220437744], [70,50,-0.999999255266], [72,50,0.001220437744], [73,50,0.999999255266], [69,51,-0.004430692266], [70,51,-0.999990184435], [75,51,0.004430692266], [76,51,0.999990184435], [69,52,-0.706641526748], [70,52,0.707571729703], [87,52,0.706641526748], [88,52,-0.707571729703], [69,53,-0.708861543143], [70,53,-0.705347653752], [93,53,0.708861543143], [94,53,0.705347653752], [69,54,-0.999999848428], [70,54,-0.000550584626], [111,54,0.999999848428], [112,54,0.000550584626], [72,55,-0.007621317000], [73,55,-0.999970957342], [75,55,0.007621317000], [76,55,0.999970957342], [72,56,-0.707234203176], [73,56,-0.706979336231], [96,56,0.707234203176], [97,56,0.706979336231], [75,57,-0.705133743812], [76,57,0.709074328500], [93,57,0.705133743812], [94,57,-0.709074328500], [75,58,-0.999998281580], [76,58,-0.001853870676], [96,58,0.999998281580], [97,58,0.001853870676], [75,59,-0.999999976131], [76,59,-0.000218488688], [117,59,0.999999976131], [118,59,0.000218488688], [78,60,-0.003407695435], [79,60,-0.999994193789], [81,60,0.003407695435], [82,60,0.999994193789], [78,61,-0.709708451391], [79,61,0.704495503197], [96,61,0.709708451391], [97,61,-0.704495503197], [78,62,-0.999999882050], [79,62,0.000485695586], [120,62,0.999999882050], [121,62,-0.000485695586], [81,63,-0.999998235849], [82,63,0.001878376769], [123,63,0.999998235849], [124,63,-0.001878376769], [84,64,-0.001967362143], [85,64,-0.999998064741], [90,64,0.001967362143], [91,64,0.999998064741], [84,65,-0.999978968568], [85,65,0.006485554851], [105,65,0.999978968568], [106,65,-0.006485554851], [84,66,-0.706300389404], [85,66,-0.707912254398], [108,66,0.706300389404], [109,66,0.707912254398], [87,67,-0.007675014581], [88,67,-0.999970546642], [90,67,0.007675014581], [91,67,0.999970546642], [87,68,-0.003441803542], [88,68,-0.999994076977], [93,68,0.003441803542], [94,68,0.999994076977], [87,69,-0.709664616740], [88,69,0.704539659456], [105,69,0.709664616740], [106,69,-0.704539659456], [87,70,-0.706810099869], [88,70,-0.707403338078], [111,70,0.706810099869], [112,70,0.707403338078], [87,71,-0.999994369556], [88,71,-0.003355719799], [129,71,0.999994369556], [130,71,0.003355719799], [90,72,0.000798884311], [91,72,-0.999999680892], [93,72,-0.000798884311], [94,72,0.999999680892], [90,73,-0.000768787712], [91,73,-0.999999704483], [96,73,0.000768787712], [97,73,0.999999704483], [90,74,-0.705738736012], [91,74,0.708472184699], [108,74,0.705738736012], [109,74,-0.708472184699], [90,75,-0.999999998558], [91,75,0.000053697230], [111,75,0.999999998558], [112,75,-0.000053697230], [90,76,-0.705334082458], [91,76,-0.708875046904], [114,76,0.705334082458], [115,76,0.708875046904], [90,77,-0.999997092878], [91,77,-0.002411272759], [132,77,0.999997092878], [133,77,0.002411272759], [93,78,-0.704935395942], [94,78,0.709271518918], [111,78,0.704935395942], [112,78,-0.709271518918], [93,79,-0.999998668421], [94,79,0.001631918086], [114,79,0.999998668421], [115,79,-0.001631918086], [93,80,-0.999999600239], [94,80,0.000894160232], [135,80,0.999999600239], [136,80,-0.000894160232], [96,81,-0.701970482840], [97,81,0.712206038461], [114,81,0.701970482840], [115,81,-0.712206038461], [99,82,-0.708726895310], [100,82,0.705482946544], [117,82,0.708726895310], [118,82,-0.705482946544], [99,83,-0.999994217078], [100,83,0.003400854272], [120,83,0.999994217078], [121,83,-0.003400854272], [99,84,-0.712548594763], [100,84,-0.701622761961], [123,84,0.712548594763], [124,84,0.701622761961], [99,85,-0.999994304593], [100,85,0.003375023187], [141,85,0.999994304593], [142,85,-0.003375023187], [102,86,-0.999998520469], [103,86,0.001720191811], [123,86,0.999998520469], [124,86,-0.001720191811], [102,87,-0.999999995496], [103,87,-0.000094909122], [144,87,0.999999995496], [145,87,0.000094909122], [105,88,0.007328153828], [106,88,-0.999973148720], [108,88,-0.007328153828], [109,88,0.999973148720], [105,89,0.003580565783], [106,89,-0.999993589754], [111,89,-0.003580565783], [112,89,0.999993589754], [105,90,-0.704056435212], [106,90,-0.710144024855], [129,90,0.704056435212], [130,90,0.710144024855], [108,91,-0.000200721633], [109,91,-0.999999979855], [111,91,0.000200721633], [112,91,0.999999979855], [108,92,-0.707827954131], [109,92,0.706384871972], [126,92,0.707827954131], [127,92,-0.706384871972], [108,93,-0.999998402863], [109,93,-0.001787252250], [129,93,0.999998402863], [130,93,0.001787252250], [108,94,-0.706873882667], [109,94,-0.707339603022], [132,94,0.706873882667], [133,94,0.707339603022], [111,95,-0.711001781176], [112,95,0.703190206960], [129,95,0.711001781176], [130,95,-0.703190206960], [111,96,-0.999988202306], [112,96,-0.004857494093], [132,96,0.999988202306], [133,96,0.004857494093], [111,97,-0.709761826603], [112,97,-0.704441728958], [135,97,0.709761826603], [136,97,0.704441728958], [114,98,-0.005089573329], [115,98,-0.999987048038], [117,98,0.005089573329], [118,98,0.999987048038], [114,99,-0.000516465852], [115,99,-0.999999866632], [120,99,0.000516465852], [121,99,0.999999866632], [114,100,-0.709554640323], [115,100,0.704650418573], [132,100,0.709554640323], [133,100,-0.704650418573], [114,101,-0.999999986430], [115,101,0.000164739346], [135,101,0.999999986430], [136,101,-0.000164739346], [117,102,0.004086895278], [118,102,-0.999991648609], [120,102,-0.004086895278], [121,102,0.999991648609], [117,103,-0.001595707193], [118,103,-0.999998726858], [123,103,0.001595707193], [124,103,0.999998726858], [120,104,-0.710241315383], [121,104,0.703958289903], [138,104,0.710241315383], [139,104,-0.703958289903], [120,105,-0.999994391730], [121,105,0.003349105535], [141,105,0.999994391730], [142,105,-0.003349105535], [120,106,-0.707640520157], [121,106,-0.706572639034], [144,106,0.707640520157], [145,106,0.706572639034], [126,107,0.000895096467], [127,107,-0.999999599401], [129,107,-0.000895096467], [130,107,0.999999599401], [132,108,-0.005103288356], [133,108,-0.999986978139], [135,108,0.005103288356], [136,108,0.999986978139], [132,109,-0.003788995631], [133,109,-0.999992821730], [138,109,0.003788995631], [139,109,0.999992821730], [138,110,0.008180934036], [139,110,-0.999966535599], [141,110,-0.008180934036], [142,110,0.999966535599], [138,111,0.003090938287], [139,111,-0.999995223039], [144,111,-0.003090938287], [145,111,0.999995223039], [141,112,-0.001959117234], [142,112,-0.999998080928], [144,112,0.001959117234], [145,112,0.999998080928], ]
},
"Q": {
"shape": [113, 113],
"data": [[0,0,2.000000000000], [1,0,-0.000646742269], [2,0,0.708011303323], [3,0,0.999985340925], [6,0,-0.004332039220], [7,0,-0.710054579550], [8,0,-0.004140190538], [0,1,-0.000646742269], [1,1,2.000000000000], [2,1,0.705743051984], [17,1,0.004711189449], [0,2,0.708011303323], [1,2,0.705743051984], [2,2,2.000000000000], [17,2,0.705135133759], [18,2,-0.005228400987], [19,2,-0.704647558980], [0,3,0.999985340925], [3,3,2.000000000000], [4,3,0.999997711928], [5,3,0.705574742796], [6,3,0.001082577392], [7,3,-0.706231495640], [8,3,0.001274427662], [3,4,0.999997711928], [4,4,2.000000000000], [5,4,0.707089035304], [9,4,-0.999999892172], [10,4,-0.706725975950], [3,5,0.705574742796], [4,5,0.707089035304], [5,5,2.000000000000], [6,5,0.707871252870], [20,5,0.003413315527], [0,6,-0.004332039220], [3,6,0.001082577392], [5,6,0.707871252870], [6,6,2.000000000000], [7,6,0.707216019490], [8,6,0.999999981597], [20,6,-0.703921179472], [0,7,-0.710054579550], [3,7,-0.706231495640], [6,7,0.707216019490], [7,7,2.000000000000], [8,7,0.707080368715], [21,7,-0.705079607563], [22,7,-0.707292749886], [23,7,0.000458244750], [24,7,-0.703770336333], [25,7,-0.704745861551], [0,8,-0.004140190538], [3,8,0.001274427662], [6,8,0.999999981597], [7,8,0.707080368715], [8,8,2.000000000000], [23,8,0.706809102561], [32,8,0.002803944161], [35,8,-0.000192565833], [36,8,-0.707151469634], [4,9,-0.999999892172], [9,9,2.000000000000], [10,9,0.707054447563], [11,9,0.999998931722], [14,9,-0.706220471002], [15,9,-0.000457714720], [4,10,-0.706725975950], [9,10,0.707054447563], [10,10,2.000000000000], [12,10,0.705882094642], [21,10,0.704057368656], [26,10,-0.002080668410], [27,10,-0.999999094742], [9,11,0.999998931722], [11,11,2.000000000000], [12,11,-0.003266170446], [13,11,0.708184951483], [14,11,-0.705184847774], [15,11,0.001003981250], [10,12,0.705882094642], [11,12,-0.003266170446], [12,12,2.000000000000], [13,12,0.703710145753], [21,12,-0.006033710074], [26,12,-0.709796523608], [27,12,-0.704928360523], [11,13,0.708184951483], [12,13,0.703710145753], [13,13,2.000000000000], [22,13,0.708437823438], [28,13,-0.001346923609], [29,13,-0.707177531681], [30,13,-0.705240829002], [9,14,-0.706220471002], [11,14,-0.705184847774], [14,14,2.000000000000], [15,14,0.708315155174], [16,14,0.708720211058], [9,15,-0.000457714720], [11,15,0.001003981250], [14,15,0.708315155174], [15,15,2.000000000000], [27,15,0.706531081595], [29,15,0.999996541629], [37,15,-0.000552009711], [40,15,-0.003806974946], [14,16,0.708720211058], [16,16,2.000000000000], [1,17,0.004711189449], [2,17,0.705135133759], [17,17,2.000000000000], [18,17,0.705376525308], [19,17,0.006256262241], [2,18,-0.005228400987], [17,18,0.705376525308], [18,18,2.000000000000], [19,18,0.713231961773], [31,18,0.706150910016], [32,18,0.703440057812], [33,18,-0.005225885082], [2,19,-0.704647558980], [17,19,0.006256262241], [18,19,0.713231961773], [19,19,2.000000000000], [20,19,0.708539943867], [31,19,-0.007349310243], [34,19,0.002934095101], [5,20,0.003413315527], [6,20,-0.703921179472], [19,20,0.708539943867], [20,20,2.000000000000], [31,20,-0.710858930008], [34,20,0.707746593911], [7,21,-0.705079607563], [10,21,0.704057368656], [12,21,-0.006033710074], [21,21,2.000000000000], [22,21,0.999995114701], [23,21,-0.709451184358], [24,21,-0.007570073574], [25,21,-0.006196018311], [26,21,0.708676652314], [27,21,-0.705012266914], [7,22,-0.707292749886], [13,22,0.708437823438], [21,22,0.999995114701], [22,22,2.000000000000], [23,22,-0.707244802531], [24,22,-0.004444334554], [25,22,-0.003070256440], [28,22,0.704818376843], [29,22,-0.001984214150], [30,22,0.000751231103], [7,23,0.000458244750], [8,23,0.706809102561], [21,23,-0.709451184358], [22,23,-0.707244802531], [23,23,2.000000000000], [24,23,0.710104983314], [25,23,0.709136823686], [32,23,-0.705419700444], [35,23,0.707268214149], [36,23,0.000357691574], [7,24,-0.703770336333], [21,24,-0.007570073574], [22,24,-0.004444334554], [23,24,0.710104983314], [24,24,2.000000000000], [25,24,0.999999055941], [26,24,0.710877935427], [34,24,-0.001272089169], [35,24,-0.004477450266], [37,24,0.004350590042], [38,24,-0.999996200950], [39,24,-0.704068198798], [7,25,-0.704745861551], [21,25,-0.006196018311], [22,25,-0.003070256440], [23,25,0.709136823686], [24,25,0.999999055941], [25,25,2.000000000000], [36,25,0.704817196435], [38,25,0.999999044515], [47,25,-0.005057305042], [50,25,-0.000653618027], [55,25,-0.005747303020], [56,25,-0.705908043066], [10,26,-0.002080668410], [12,26,-0.709796523608], [21,26,0.708676652314], [24,26,0.710877935427], [26,26,2.000000000000], [27,26,0.000735115830], [34,26,-0.704219137497], [35,26,-0.706491277117], [37,26,0.706401488818], [38,26,-0.708936572103], [39,26,-0.001059516820], [10,27,-0.999999094742], [12,27,-0.704928360523], [15,27,0.706531081595], [21,27,-0.705012266914], [26,27,0.000735115830], [27,27,2.000000000000], [29,27,0.708389818897], [37,27,0.707291892607], [40,27,0.704987138063], [13,28,-0.001346923609], [22,28,0.704818376843], [28,28,2.000000000000], [29,28,0.707987896372], [30,28,0.709917084753], [40,28,0.707057388641], [41,28,0.704976387696], [42,28,-0.003083939462], [43,28,-0.710399271821], [13,29,-0.707177531681], [15,29,0.999996541629], [22,29,-0.001984214150], [27,29,0.708389818897], [28,29,0.707987896372], [29,29,2.000000000000], [30,29,0.999996258668], [37,29,0.002077959375], [40,29,-0.001177013261], [13,30,-0.705240829002], [22,30,0.000751231103], [28,30,0.709917084753], [29,30,0.999996258668], [30,30,2.000000000000], [42,30,0.706471255967], [60,30,-0.003852666468], [61,30,-0.709394898979], [62,30,-0.999999566927], [18,31,0.706150910016], [19,31,-0.007349310243], [20,31,-0.710858930008], [31,31,2.000000000000], [32,31,0.999992698906], [33,31,0.704361429842], [34,31,-0.999990252680], [8,32,0.002803944161], [18,32,0.703440057812], [23,32,-0.705419700444], [31,32,0.999992698906], [32,32,2.000000000000], [33,32,0.707068786214], [35,32,-0.999996590344], [36,32,-0.709042123645], [18,33,-0.005225885082], [31,33,0.704361429842], [32,33,0.707068786214], [33,33,2.000000000000], [47,33,-0.703833078821], [48,33,0.000676928492], [49,33,-0.704225674232], [19,34,0.002934095101], [20,34,0.707746593911], [24,34,-0.001272089169], [26,34,-0.704219137497], [31,34,-0.999990252680], [34,34,2.000000000000], [35,34,0.999994862788], [37,34,-0.999995261379], [38,34,-0.001484376103], [39,34,-0.709236149814], [8,35,-0.000192565833], [23,35,0.707268214149], [24,35,-0.004477450266], [26,35,-0.706491277117], [32,35,-0.999996590344], [34,35,0.999994862788], [35,35,2.000000000000], [36,35,0.707198250017], [37,35,-0.999999991953], [38,35,0.001720998216], [39,35,-0.706972813326], [8,36,-0.707151469634], [23,36,0.000357691574], [25,36,0.704817196435], [32,36,-0.709042123645], [35,36,0.707198250017], [36,36,2.000000000000], [38,36,0.705797166564], [47,36,0.705815428835], [50,36,0.708928143483], [55,36,-0.713428058056], [56,36,-0.999998815887], [15,37,-0.000552009711], [24,37,0.004350590042], [26,37,0.706401488818], [27,37,0.707291892607], [29,37,0.002077959375], [34,37,-0.999995261379], [35,37,-0.999999991953], [37,37,2.000000000000], [38,37,-0.001594136931], [39,37,0.707062529228], [40,37,0.999994702575], [24,38,-0.999996200950], [25,38,0.999999044515], [26,38,-0.708936572103], [34,38,-0.001484376103], [35,38,0.001720998216], [36,38,0.705797166564], [37,38,-0.001594136931], [38,38,2.000000000000], [39,38,0.706022977354], [47,38,-0.003674940089], [50,38,0.000728760101], [55,38,-0.007129652496], [56,38,-0.706886511601], [24,39,-0.704068198798], [26,39,-0.001059516820], [34,39,-0.709236149814], [35,39,-0.706972813326], [37,39,0.707062529228], [38,39,0.706022977354], [39,39,2.000000000000], [51,39,0.710964469983], [55,39,0.713204625325], [57,39,0.003826288386], [58,39,-0.707682125969], [59,39,-0.706525731377], [15,40,-0.003806974946], [27,40,0.704987138063], [28,40,0.707057388641], [29,40,-0.001177013261], [37,40,0.999994702575], [40,40,2.000000000000], [41,40,0.999995682724], [42,40,0.704972285322], [43,40,-0.004597327817], [28,41,0.704976387696], [40,41,0.999995682724], [41,41,2.000000000000], [42,41,0.707053298268], [43,41,-0.001658881477], [44,41,-0.001321926130], [45,41,0.001065925786], [28,42,-0.003083939462], [30,42,0.706471255967], [40,42,0.704972285322], [41,42,0.707053298268], [42,42,2.000000000000], [43,42,0.705986369427], [60,42,-0.710458281309], [61,42,-0.002342778277], [62,42,-0.705812276408], [28,43,-0.710399271821], [40,43,-0.004597327817], [41,43,-0.001658881477], [42,43,0.705986369427], [43,43,2.000000000000], [56,43,0.707064571494], [58,43,0.999997808040], [61,43,0.709877446400], [73,43,0.000528877879], [81,43,-0.702141327905], [41,44,-0.001321926130], [44,44,2.000000000000], [45,44,0.999997149082], [60,44,0.006148562158], [63,44,-0.999989331160], [41,45,0.001065925786], [44,45,0.999997149082], [45,45,2.000000000000], [86,45,-0.999997850841], [87,45,-0.999999966683], [46,46,2.000000000000], [65,46,0.999981678377], [69,46,0.709969069767], [88,46,0.007760366058], [89,46,0.004012787198], [90,46,-0.703749427786], [25,47,-0.005057305042], [33,47,-0.703833078821], [36,47,0.705815428835], [38,47,-0.003674940089], [47,47,2.000000000000], [48,47,-0.710841678840], [49,47,-0.008685198237], [50,47,0.999990303691], [55,47,-0.999941630215], [56,47,-0.704724440290], [33,48,0.000676928492], [47,48,-0.710841678840], [48,48,2.000000000000], [49,48,0.709499323519], [64,48,0.707209556997], [65,48,-0.710192103342], [66,48,0.003252476102], [33,49,-0.704225674232], [47,49,-0.008685198237], [48,49,0.709499323519], [49,49,2.000000000000], [52,49,0.710523897065], [67,49,-0.002173051271], [68,49,0.002060225158], [69,49,-0.713530258821], [70,49,-0.702907261804], [71,49,-0.999960770273], [25,50,-0.000653618027], [36,50,0.708928143483], [38,50,0.000728760101], [47,50,0.999990303691], [50,50,2.000000000000], [51,50,0.999994847092], [52,50,-0.706708790759], [53,50,0.706212249838], [54,50,0.001771021775], [55,50,-0.999979513972], [56,50,-0.707841945035], [39,51,0.710964469983], [50,51,0.999994847092], [51,51,2.000000000000], [52,51,-0.704433873339], [53,51,0.708481477723], [54,51,0.004981270816], [55,51,0.999994909772], [57,51,0.705943137909], [58,51,-0.006284537132], [59,51,-0.004649178704], [49,52,0.710523897065], [50,52,-0.706708790759], [51,52,-0.704433873339], [52,52,2.000000000000], [53,52,0.001826943693], [54,52,0.706251841525], [67,52,0.702127405318], [68,52,0.705135417430], [69,52,-0.999990833738], [70,52,0.001077235429], [71,52,-0.704263135581], [50,53,0.706212249838], [51,53,0.708481477723], [52,53,0.001826943693], [53,53,2.000000000000], [54,53,0.709249789274], [57,53,-0.000301720182], [68,53,0.707783238131], [72,53,0.704781130304], [78,53,0.000581409158], [79,53,-0.707709529644], [80,53,-0.708230565945], [50,54,0.001771021775], [51,54,0.004981270816], [52,54,0.706251841525], [53,54,0.709249789274], [54,54,2.000000000000], [70,54,0.707199478139], [75,54,0.999999817422], [78,54,0.704544775100], [89,54,-0.003029984144], [91,54,0.000751306218], [95,54,-0.710614507691], [96,54,-0.999990725198], [97,54,-0.710149573809], [25,55,-0.005747303020], [36,55,-0.713428058056], [38,55,-0.007129652496], [39,55,0.713204625325], [47,55,-0.999941630215], [50,55,-0.999979513972], [51,55,0.999994909772], [55,55,2.000000000000], [56,55,0.712348859728], [57,55,0.703679687308], [58,55,-0.009475120738], [59,55,-0.007839799160], [25,56,-0.705908043066], [36,56,-0.999998815887], [38,56,-0.706886511601], [43,56,0.707064571494], [47,56,-0.704724440290], [50,56,-0.707841945035], [55,56,0.712348859728], [56,56,2.000000000000], [58,56,0.708543636111], [61,56,0.003866327879], [73,56,0.707522840272], [81,56,0.007057417247], [39,57,0.003826288386], [51,57,0.705943137909], [53,57,-0.000301720182], [55,57,0.703679687308], [57,57,2.000000000000], [58,57,0.703817999992], [59,57,0.704978802262], [68,57,-0.706643196819], [72,57,-0.709637422514], [78,57,-0.999999960887], [79,57,-0.706289956092], [80,57,-0.705767487993], [39,58,-0.707682125969], [43,58,0.999997808040], [51,58,-0.006284537132], [55,58,-0.009475120738], [56,58,0.708543636111], [57,58,0.703817999992], [58,58,2.000000000000], [59,58,0.999998662761], [61,58,0.708401188259], [73,58,0.002622656519], [81,58,-0.700648938671], [39,59,-0.706525731377], [51,59,-0.004649178704], [55,59,-0.007839799160], [57,59,0.704978802262], [58,59,0.999998662761], [59,59,2.000000000000], [82,59,0.708572738350], [98,59,0.005308059065], [102,59,0.003868408317], [103,59,-0.001814195564], [30,60,-0.003852666468], [42,60,-0.710458281309], [44,60,0.006148562158], [60,60,2.000000000000], [61,60,-0.702072942497], [62,60,0.002922002267], [63,60,-0.001529323560], [30,61,-0.709394898979], [42,61,-0.002342778277], [43,61,0.709877446400], [56,61,0.003866327879], [58,61,0.708401188259], [60,61,-0.702072942497], [61,61,2.000000000000], [62,61,0.710050538037], [73,61,-0.703949679869], [81,61,-0.999940335744], [30,62,-0.999999566927], [42,62,-0.705812276408], [60,62,0.002922002267], [61,62,0.710050538037], [62,62,2.000000000000], [83,62,0.999995750909], [99,62,0.000030770270], [102,62,-0.004572586325], [104,62,-0.710583141044], [105,62,-0.999995900427], [106,62,-0.707297257479], [44,63,-0.999989331160], [60,63,-0.001529323560], [63,63,2.000000000000], [84,63,0.711229425823], [86,63,0.999999987489], [103,63,-0.000282670000], [48,64,0.707209556997], [64,64,2.000000000000], [65,64,-0.004518221533], [66,64,0.709300433053], [67,64,0.999983710973], [72,64,-0.999996173939], [73,64,-0.999999281708], [74,64,0.707082369949], [75,64,-0.001913665015], [76,64,-0.710261322619], [77,64,-0.004378624516], [46,65,0.999981678377], [48,65,-0.710192103342], [64,65,-0.004518221533], [65,65,2.000000000000], [66,65,0.701694331140], [69,65,0.714219022083], [88,65,0.013813380412], [89,65,0.010066003755], [90,65,-0.699435949871], [48,66,0.003252476102], [64,66,0.709300433053], [65,66,0.701694331140], [66,66,2.000000000000], [74,66,-0.003072597385], [88,66,0.702717368146], [91,66,-0.708054009905], [92,66,0.000119347557], [93,66,-0.707564479116], [94,66,-0.999999671588], [49,67,-0.002173051271], [52,67,0.702127405318], [64,67,0.999983710973], [67,67,2.000000000000], [68,67,0.999991039685], [69,67,-0.699072222116], [70,67,0.712807280497], [71,67,0.011030592329], [72,67,-0.999964096094], [73,67,-0.999976151590], [74,67,0.703034762724], [75,67,-0.007621318922], [76,67,-0.714267617521], [77,67,-0.010086194008], [49,68,0.002060225158], [52,68,0.705135417430], [53,68,0.707783238131], [57,68,-0.706643196819], [67,68,0.999991039685], [68,68,2.000000000000], [69,68,-0.702092960260], [70,68,0.709831849616], [71,68,0.006797484086], [72,68,0.999991008268], [78,68,0.706841068743], [79,68,-0.001809890538], [80,68,-0.002547647229], [46,69,0.709969069767], [49,69,-0.713530258821], [52,69,-0.999990833738], [65,69,0.714219022083], [67,69,-0.699072222116], [68,69,-0.702092960260], [69,69,2.000000000000], [70,69,0.003204411724], [71,69,0.707296383329], [88,69,0.709721273143], [89,69,0.707076144028], [90,69,0.000680689179], [49,70,-0.702907261804], [52,70,0.001077235429], [54,70,0.707199478139], [67,70,0.712807280497], [68,70,0.709831849616], [69,70,0.003204411724], [70,70,2.000000000000], [71,70,0.709179967602], [75,70,0.706772113250], [78,70,-0.003485582479], [89,70,0.704868023390], [91,70,0.707545195905], [95,70,-0.005104140252], [96,70,-0.710237968675], [97,70,-0.999991258090], [49,71,-0.999960770273], [52,71,-0.704263135581], [67,71,0.011030592329], [68,71,0.006797484086], [69,71,0.707296383329], [70,71,0.709179967602], [71,71,2.000000000000], [90,71,0.706435515426], [93,71,0.999998769947], [95,71,0.708638068620], [107,71,0.002460627028], [53,72,0.704781130304], [57,72,-0.709637422514], [64,72,-0.999996173939], [67,72,-0.999964096094], [68,72,0.999991008268], [72,72,2.000000000000], [73,72,0.999998771202], [74,72,-0.709035762224], [75,72,-0.000852581523], [76,72,0.708311340363], [77,72,0.001612390001], [78,72,0.709834454411], [79,72,0.002430800813], [80,72,0.001693043939], [43,73,0.000528877879], [56,73,0.707522840272], [58,73,0.002622656519], [61,73,-0.703949679869], [64,73,-0.999999281708], [67,73,-0.999976151590], [72,73,0.999998771202], [73,73,2.000000000000], [74,73,-0.707929412065], [75,73,0.000715090497], [76,73,0.709417089594], [77,73,0.003180057523], [81,73,0.711666161711], [64,74,0.707082369949], [66,74,-0.003072597385], [67,74,0.703034762724], [72,74,-0.709035762224], [73,74,-0.707929412065], [74,74,2.000000000000], [75,74,0.705776777988], [76,74,-0.004436669338], [77,74,0.704028364664], [88,74,-0.713624923334], [91,74,0.708330513395], [92,74,-0.999995639147], [93,74,-0.704471390345], [94,74,0.002262153403], [54,75,0.999999817422], [64,75,-0.001913665015], [67,75,-0.007621318922], [70,75,0.706772113250], [72,75,-0.000852581523], [73,75,0.000715090497], [74,75,0.705776777988], [75,75,2.000000000000], [76,75,0.705296016815], [77,75,0.999996961957], [78,75,0.704973480842], [89,75,-0.003634262663], [91,75,0.000147024404], [95,75,-0.711039539517], [96,75,-0.999987940030], [97,75,-0.709723999011], [64,76,-0.710261322619], [67,76,-0.714267617521], [72,76,0.708311340363], [73,76,0.709417089594], [74,76,-0.004436669338], [75,76,0.705296016815], [76,76,2.000000000000], [77,76,0.707041323056], [79,76,0.704176317240], [81,76,-0.009741382492], [98,76,-0.712455715115], [99,76,-0.709239233330], [100,76,-0.000963972670], [101,76,-0.705217293275], [64,77,-0.004378624516], [67,77,-0.010086194008], [72,77,0.001612390001], [73,77,0.003180057523], [74,77,0.704028364664], [75,77,0.999996961957], [76,77,0.707041323056], [77,77,2.000000000000], [94,77,0.708577416414], [96,77,0.999997007961], [100,77,0.707853473202], [108,77,-0.007514514879], [109,77,-0.006200240066], [53,78,0.000581409158], [54,78,0.704544775100], [57,78,-0.999999960887], [68,78,0.706841068743], [70,78,-0.003485582479], [72,78,0.709834454411], [75,78,0.704973480842], [78,78,2.000000000000], [79,78,0.706091930285], [80,78,0.705569316523], [89,78,-0.711791039870], [91,78,-0.709130008846], [95,78,-0.999963108308], [96,78,-0.701481797117], [97,78,-0.000695779175], [53,79,-0.707709529644], [57,79,-0.706289956092], [68,79,-0.001809890538], [72,79,0.002430800813], [76,79,0.704176317240], [78,79,0.706091930285], [79,79,2.000000000000], [80,79,0.999999727856], [81,79,0.703131810027], [98,79,-0.003457669602], [99,79,0.001115452704], [100,79,-0.710703627258], [101,79,-0.999998923692], [53,80,-0.708230565945], [57,80,-0.705767487993], [68,80,-0.002547647229], [72,80,0.001693043939], [78,80,0.705569316523], [79,80,0.999999727856], [80,80,2.000000000000], [97,80,0.709131659088], [101,80,0.999999733973], [108,80,0.004209137727], [43,81,-0.702141327905], [56,81,0.007057417247], [58,81,-0.700648938671], [61,81,-0.999940335744], [73,81,0.711666161711], [76,81,-0.009741382492], [79,81,0.703131810027], [81,81,2.000000000000], [98,81,0.708624083749], [99,81,0.711843399692], [100,81,-0.999942696582], [101,81,-0.702087801672], [59,82,0.708572738350], [82,82,2.000000000000], [83,82,0.711122041491], [84,82,0.010019459854], [85,82,0.711103880124], [98,82,-0.701866691652], [102,82,0.708373547381], [103,82,0.704351127760], [62,83,0.999995750909], [82,83,0.711122041491], [83,83,2.000000000000], [84,83,0.710158357383], [85,83,0.999999999666], [99,83,-0.002884390953], [102,83,-0.007487697514], [104,83,-0.712631267671], [105,83,-0.999999998661], [106,83,-0.705233477349], [63,84,0.711229425823], [82,84,0.010019459854], [83,84,0.710158357383], [84,84,2.000000000000], [85,84,0.710176543419], [86,84,0.711340614796], [103,84,0.702758887613], [82,85,0.711103880124], [83,85,0.999999999666], [84,85,0.710176543419], [85,85,2.000000000000], [105,85,0.999999999664], [110,85,-0.011555797686], [112,85,0.001415910634], [45,86,-0.999997850841], [63,86,0.999999987489], [84,86,0.711340614796], [86,86,2.000000000000], [87,86,0.999998352703], [103,86,-0.000124484789], [45,87,-0.999999966683], [86,87,0.999998352703], [87,87,2.000000000000], [106,87,0.707707577159], [111,87,-0.002996029605], [112,87,0.002054026164], [46,88,0.007760366058], [65,88,0.013813380412], [66,88,0.702717368146], [69,88,0.709721273143], [74,88,-0.713624923334], [88,88,2.000000000000], [89,88,0.999992977583], [90,88,0.704965522718], [91,88,-0.999971657657], [92,88,0.711552976766], [93,88,0.005540937865], [94,88,-0.702140529499], [46,89,0.004012787198], [54,89,-0.003029984144], [65,89,0.010066003755], [69,89,0.707076144028], [70,89,0.704868023390], [75,89,-0.003634262663], [78,89,-0.711791039870], [88,89,0.999992977583], [89,89,2.000000000000], [90,89,0.707618552276], [91,89,0.999992850912], [95,89,0.705731487987], [96,89,-0.001276939414], [97,89,-0.701895864402], [46,90,-0.703749427786], [65,90,-0.699435949871], [69,90,0.000680689179], [71,90,0.706435515426], [88,90,0.704965522718], [89,90,0.707618552276], [90,90,2.000000000000], [93,90,0.705324517243], [95,90,0.001219055674], [107,90,0.709513541945], [54,91,0.000751306218], [66,91,-0.708054009905], [70,91,0.707545195905], [74,91,0.708330513395], [75,91,0.000147024404], [78,91,-0.709130008846], [88,91,-0.999971657657], [89,91,0.999992850912], [91,91,2.000000000000], [92,91,-0.706242781359], [93,91,0.001987973526], [94,91,0.707481473653], [95,91,0.703047479356], [96,91,-0.005058213260], [97,91,-0.704584179320], [66,92,0.000119347557], [74,92,-0.999995639147], [88,92,0.711552976766], [91,92,-0.706242781359], [92,92,2.000000000000], [93,92,0.706564335681], [94,92,0.000691099276], [107,92,0.707018163296], [66,93,-0.707564479116], [71,93,0.999998769947], [74,93,-0.704471390345], [88,93,0.005540937865], [90,93,0.705324517243], [91,93,0.001987973526], [92,93,0.706564335681], [93,93,2.000000000000], [94,93,0.708136947990], [95,93,0.709743867329], [107,93,0.000892156497], [66,94,-0.999999671588], [74,94,0.002262153403], [77,94,0.708577416414], [88,94,-0.702140529499], [91,94,0.707481473653], [92,94,0.000691099276], [93,94,0.708136947990], [94,94,2.000000000000], [96,94,0.710301441129], [100,94,0.003138496227], [108,94,-0.710937773398], [109,94,-0.710012867600], [54,95,-0.710614507691], [70,95,-0.005104140252], [71,95,0.708638068620], [75,95,-0.711039539517], [78,95,-0.999963108308], [89,95,0.705731487987], [90,95,0.001219055674], [91,95,0.703047479356], [93,95,0.709743867329], [95,95,2.000000000000], [96,95,0.707577650718], [97,95,0.009285397748], [107,95,-0.703826340445], [54,96,-0.999990725198], [70,96,-0.710237968675], [75,96,-0.999987940030], [77,96,0.999997007961], [78,96,-0.701481797117], [89,96,-0.001276939414], [91,96,-0.005058213260], [94,96,0.710301441129], [95,96,0.707577650718], [96,96,2.000000000000], [97,96,0.713175274587], [100,96,0.706123433969], [108,96,-0.009960658988], [109,96,-0.008646410154], [54,97,-0.710149573809], [70,97,-0.999991258090], [75,97,-0.709723999011], [78,97,-0.000695779175], [80,97,0.709131659088], [89,97,-0.701895864402], [91,97,-0.704584179320], [95,97,0.009285397748], [96,97,0.713175274587], [97,97,2.000000000000], [101,97,0.709645767702], [108,97,0.708054675081], [59,98,0.005308059065], [76,98,-0.712455715115], [79,98,-0.003457669602], [81,98,0.708624083749], [82,98,-0.701866691652], [98,98,2.000000000000], [99,98,0.999989543262], [100,98,-0.701029961595], [101,98,0.004924836047], [102,98,-0.999957896201], [103,98,-0.999993896382], [62,99,0.000030770270], [76,99,-0.709239233330], [79,99,0.001115452704], [81,99,0.711843399692], [83,99,-0.002884390953], [98,99,0.999989543262], [99,99,2.000000000000], [100,99,-0.704283863853], [101,99,0.000351726521], [102,99,0.999989404499], [104,99,0.703591380630], [105,99,0.002832642133], [106,99,-0.706938016964], [76,100,-0.000963972670], [77,100,0.707853473202], [79,100,-0.710703627258], [81,100,-0.999942696582], [94,100,0.003138496227], [96,100,0.706123433969], [98,100,-0.701029961595], [99,100,-0.704283863853], [100,100,2.000000000000], [101,100,0.709670714344], [108,100,0.701020180780], [109,100,0.701956860970], [76,101,-0.705217293275], [79,101,-0.999998923692], [80,101,0.999999733973], [81,101,-0.702087801672], [97,101,0.709645767702], [98,101,0.004924836047], [99,101,0.000351726521], [100,101,0.709670714344], [101,101,2.000000000000], [108,101,0.004938551086], [59,102,0.003868408317], [62,102,-0.004572586325], [82,102,0.708373547381], [83,102,-0.007487697514], [98,102,-0.999957896201], [99,102,0.999989404499], [102,102,2.000000000000], [103,102,0.999983853990], [104,102,0.706855092749], [105,102,0.007435949923], [106,102,-0.703674685469], [59,103,-0.001814195564], [63,103,-0.000282670000], [82,103,0.704351127760], [84,103,0.702758887613], [86,103,-0.000124484789], [98,103,-0.999993896382], [102,103,0.999983853990], [103,103,2.000000000000], [62,104,-0.710583141044], [83,104,-0.712631267671], [99,104,0.703591380630], [102,104,0.706855092749], [104,104,2.000000000000], [105,104,0.712594962764], [106,104,0.005197867189], [109,104,-0.701262135459], [110,104,0.709745169711], [111,104,0.706150239196], [62,105,-0.999995900427], [83,105,-0.999999998661], [85,105,0.999999999664], [99,105,0.002832642133], [102,105,0.007435949923], [104,105,0.712594962764], [105,105,2.000000000000], [106,105,0.705270165182], [110,105,-0.011529881615], [112,105,0.001389992862], [62,106,-0.707297257479], [83,106,-0.705233477349], [87,106,0.707707577159], [99,106,-0.706938016964], [102,106,-0.703674685469], [104,106,0.005197867189], [105,106,0.705270165182], [106,106,2.000000000000], [111,106,0.704381990587], [112,106,0.707957633809], [71,107,0.002460627028], [90,107,0.709513541945], [92,107,0.707018163296], [93,107,0.000892156497], [95,107,-0.703826340445], [107,107,2.000000000000], [77,108,-0.007514514879], [80,108,0.004209137727], [94,108,-0.710937773398], [96,108,-0.009960658988], [97,108,0.708054675081], [100,108,0.701020180780], [101,108,0.004938551086], [108,108,2.000000000000], [109,108,0.999999136300], [77,109,-0.006200240066], [94,109,-0.710012867600], [96,109,-0.008646410154], [100,109,0.701956860970], [104,109,-0.701262135459], [108,109,0.999999136300], [109,109,2.000000000000], [110,109,-0.999928360046], [111,109,-0.999976333252], [85,110,-0.011555797686], [104,110,0.709745169711], [105,110,-0.011529881615], [109,110,-0.999928360046], [110,110,2.000000000000], [111,110,0.999987045560], [112,110,-0.999948589183], [87,111,-0.002996029605], [104,111,0.706150239196], [106,111,0.704381990587], [109,111,-0.999976333252], [110,111,0.999987045560], [111,111,2.000000000000], [112,111,0.999987248466], [85,112,0.001415910634], [87,112,0.002054026164], [105,112,0.001389992862], [106,112,0.707957633809], [110,112,-0.999948589183], [111,112,0.999987248466], [112,112,2.000000000000], ]
},
"Minv": {
"shape": [147, 147],
