{
"N": {
"shape": [147, 115],
"data": [[0,0,-0.999999518366], [1,0,0.000981461991], [21,0,0.999999518366], [22,0,-0.000981461991], [0,1,-0.999999861947], [1,1,0.000525458563], [42,1,0.999999861947], [43,1,-0.000525458563], [3,2,0.000176170945], [4,2,-0.999999984482], [9,2,-0.000176170945], [10,2,0.999999984482], [3,3,-0.706492505990], [4,3,0.707720523215], [21,3,0.706492505990], [22,3,-0.707720523215], [3,4,-0.999999272880], [4,4,-0.001205918301], [24,4,0.999999272880], [25,4,0.001205918301], [3,5,-0.708398097843], [4,5,-0.705813102013], [27,5,0.708398097843], [28,5,0.705813102013], [3,6,-0.999998325952], [4,6,0.001829779359], [45,6,0.999998325952], [46,6,-0.001829779359], [6,7,0.002377699337], [7,7,-0.999997173269], [9,7,-0.002377699337], [10,7,0.999997173269], [6,8,0.000931726427], [7,8,-0.999999565943], [12,8,-0.000931726427], [13,8,0.999999565943], [6,9,-0.708437212812], [7,9,0.705773841611], [24,9,0.708437212812], [25,9,-0.705773841611], [6,10,-0.999999831983], [7,10,0.000579684474], [27,10,0.999999831983], [28,10,-0.000579684474], [6,11,-0.705031469466], [7,11,-0.709176019802], [30,11,0.705031469466], [31,11,0.709176019802], [9,12,-0.000507863936], [10,12,-0.999999871037], [12,12,0.000507863936], [13,12,0.999999871037], [9,13,-0.002926553357], [10,13,-0.999995717634], [15,13,0.002926553357], [16,13,0.999995717634], [9,14,-0.999965791223], [10,14,-0.008271419675], [30,14,0.999965791223], [31,14,0.008271419675], [9,15,-0.704343181791], [10,15,-0.709859621520], [33,15,0.704343181791], [34,15,0.709859621520], [9,16,-0.999998578663], [10,16,-0.001686022590], [51,16,0.999998578663], [52,16,0.001686022590], [12,17,-0.005359535072], [13,17,-0.999985637589], [15,17,0.005359535072], [16,17,0.999985637589], [12,18,-0.709985255894], [13,18,0.704216540855], [30,18,0.709985255894], [31,18,-0.704216540855], [12,19,-0.999982047800], [13,19,-0.005992001072], [33,19,0.999982047800], [34,19,0.005992001072], [12,20,-0.705148731024], [13,20,-0.709059424262], [36,20,0.705148731024], [37,20,0.709059424262], [15,21,-0.708604122226], [16,21,0.705606262702], [33,21,0.708604122226], [34,21,-0.705606262702], [15,22,-0.999961689902], [16,22,-0.008753212439], [36,22,0.999961689902], [37,22,0.008753212439], [15,23,-0.999991298414], [16,23,-0.004171701887], [57,23,0.999991298414], [58,23,0.004171701887], [18,24,-0.999998900270], [19,24,-0.001483057399], [39,24,0.999998900270], [40,24,0.001483057399], [18,25,-0.999999972857], [19,25,-0.000232994769], [60,25,0.999999972857], [61,25,0.000232994769], [21,26,0.000267054174], [22,26,-0.999999964341], [27,26,-0.000267054174], [28,26,0.999999964341], [21,27,-0.707135820010], [22,27,-0.707077741170], [45,27,0.707135820010], [46,27,0.707077741170], [24,28,0.001506466310], [25,28,-0.999998865279], [27,28,-0.001506466310], [28,28,0.999998865279], [24,29,-0.000100793846], [25,29,-0.999999994920], [30,29,0.000100793846], [31,29,0.999999994920], [24,30,-0.999988107901], [25,30,0.004876890059], [45,30,0.999988107901], [46,30,-0.004876890059], [24,31,-0.708506105344], [25,31,-0.705704682350], [48,31,0.708506105344], [49,31,0.705704682350], [27,32,-0.706831339913], [28,32,0.707382115209], [45,32,0.706831339913], [46,32,-0.707382115209], [27,33,-0.707760860961], [28,33,-0.706452095822], [51,33,0.707760860961], [52,33,0.706452095822], [27,34,-0.999999984018], [28,34,0.000178785479], [69,34,0.999999984018], [70,34,-0.000178785479], [30,35,0.001299887221], [31,35,-0.999999155146], [36,35,-0.001299887221], [37,35,0.999999155146], [30,36,-0.999987975226], [31,36,0.004904019051], [51,36,0.999987975226], [52,36,-0.004904019051], [30,37,-0.999994555115], [31,37,0.003299960601], [72,37,0.999994555115], [73,37,-0.003299960601], [33,38,0.000397225233], [34,38,-0.999999921106], [36,38,-0.000397225233], [37,38,0.999999921106], [33,39,0.000349993653], [34,39,-0.999999938752], [39,39,-0.000349993653], [40,39,0.999999938752], [33,40,-0.706849092135], [34,40,-0.707364376363], [57,40,0.706849092135], [58,40,0.707364376363], [39,41,-0.708993073399], [40,41,0.705215443586], [57,41,0.708993073399], [58,41,-0.705215443586], [39,42,-0.999999491183], [40,42,0.001008778727], [60,42,0.999999491183], [61,42,-0.001008778727], [42,43,-0.003183993288], [43,43,-0.999994931081], [45,43,0.003183993288], [46,43,0.999994931081], [42,44,-0.003566837765], [43,44,-0.999993638814], [48,44,0.003566837765], [49,44,0.999993638814], [42,45,-0.705834478340], [43,45,-0.708376798877], [66,45,0.705834478340], [67,45,0.708376798877], [42,46,-0.999987554180], [43,46,-0.004989136679], [84,46,0.999987554180], [85,46,0.004989136679], [45,47,-0.003948186417], [46,47,-0.999992205882], [48,47,0.003948186417], [49,47,0.999992205882], [45,48,-0.001923657079], [46,48,-0.999998149770], [51,48,0.001923657079], [52,48,0.999998149770], [48,49,-0.703994051130], [49,49,0.710205868727], [66,49,0.703994051130], [67,49,-0.710205868727], [48,50,-0.999995634565], [49,50,0.002954801307], [69,50,0.999995634565], [70,50,-0.002954801307], [48,51,-0.706720115717], [49,51,-0.707493235333], [72,51,0.706720115717], [73,51,0.707493235333], [51,52,-0.705210312106], [52,52,0.708998177501], [69,52,0.705210312106], [70,52,-0.708998177501], [51,53,-0.999998576714], [52,53,0.001687178046], [72,53,0.999998576714], [73,53,-0.001687178046], [54,54,0.002799807510], [55,54,-0.999996080531], [57,54,-0.002799807510], [58,54,0.999996080531], [54,55,-0.707783747411], [55,55,0.706429166230], [72,55,0.707783747411], [73,55,-0.706429166230], [54,56,-0.999991354741], [55,56,-0.004158177951], [75,56,0.999991354741], [76,56,0.004158177951], [57,57,-0.705313744008], [58,57,0.708895283179], [75,57,0.705313744008], [76,57,-0.708895283179], [57,58,-0.999990496771], [58,58,0.004359629334], [78,58,0.999990496771], [79,58,-0.004359629334], [63,59,0.002279706735], [64,59,-0.999997401465], [66,59,-0.002279706735], [67,59,0.999997401465], [63,60,-0.001485173027], [64,60,-0.999998897130], [69,60,0.001485173027], [70,60,0.999998897130], [63,61,-0.999997129585], [64,61,-0.002396001086], [84,61,0.999997129585], [85,61,0.002396001086], [63,62,-0.709056276328], [64,62,-0.705151896402], [87,62,0.709056276328], [88,62,0.705151896402], [66,63,-0.709301381752], [67,63,0.704905348146], [84,63,0.709301381752], [85,63,-0.704905348146], [66,64,-0.999999233276], [67,64,-0.001238324390], [108,64,0.999999233276], [109,64,0.001238324390], [69,65,-0.999998597738], [70,65,-0.001674670684], [111,65,0.999998597738], [112,65,0.001674670684], [75,66,0.001466348723], [76,66,-0.999998924910], [78,66,-0.001466348723], [79,66,0.999998924910], [75,67,-0.000619567884], [76,67,-0.999999808068], [81,67,0.000619567884], [82,67,0.999999808068], [75,68,-0.708287056805], [76,68,-0.705924532200], [99,68,0.708287056805], [100,68,0.705924532200], [78,69,-0.002708244919], [79,69,-0.999996332698], [81,69,0.002708244919], [82,69,0.999996332698], [78,70,-0.999996233799], [79,70,-0.002744519438], [99,70,0.999996233799], [100,70,0.002744519438], [78,71,-0.708576841213], [79,71,-0.705633658563], [102,71,0.708576841213], [103,71,0.705633658563], [81,72,-0.999997927655], [82,72,-0.002035849899], [102,72,0.999997927655], [103,72,0.002035849899], [81,73,-0.999993978779], [82,73,-0.003470216887], [123,73,0.999993978779], [124,73,0.003470216887], [87,74,-0.002519653210], [88,74,-0.999996825669], [90,74,0.002519653210], [91,74,0.999996825669], [87,75,-0.713322440309], [88,75,0.700835998043], [105,75,0.713322440309], [106,75,-0.700835998043], [87,76,-0.999985442286], [88,76,-0.005395851743], [108,76,0.999985442286], [109,76,0.005395851743], [87,77,-0.707411911032], [88,77,-0.706801519615], [111,77,0.707411911032], [112,77,0.706801519615], [87,78,-0.999997012356], [88,78,-0.002444438588], [129,78,0.999997012356], [130,78,0.002444438588], [90,79,-0.708839330720], [91,79,0.705369976129], [108,79,0.708839330720], [109,79,-0.705369976129], [90,80,-0.999999999976], [91,80,0.000006884113], [111,80,0.999999999976], [112,80,-0.000006884113], [90,81,-0.708541432396], [91,81,-0.705669213285], [114,81,0.708541432396], [115,81,0.705669213285], [90,82,-0.999999222681], [91,82,0.001246850736], [132,82,0.999999222681], [133,82,-0.001246850736], [93,83,-0.006406137706], [94,83,-0.999979480489], [96,83,0.006406137706], [97,83,0.999979480489], [93,84,-0.003650368941], [94,84,-0.999993337381], [99,84,0.003650368941], [100,84,0.999993337381], [93,85,-0.999994368070], [94,85,0.003356162611], [114,85,0.999994368070], [115,85,-0.003356162611], [96,86,-0.000883329727], [97,86,-0.999999609864], [99,86,0.000883329727], [100,86,0.999999609864], [96,87,-0.706118558305], [97,87,0.708093624895], [114,87,0.706118558305], [115,87,-0.708093624895], [96,88,-0.999965788832], [97,88,0.008271708761], [117,88,0.999965788832], [118,88,-0.008271708761], [96,89,-0.708139411544], [97,89,-0.706072640611], [120,89,0.708139411544], [121,89,0.706072640611], [96,90,-0.999999604452], [97,90,0.000889435859], [138,90,0.999999604452], [139,90,-0.000889435859], [99,91,-0.705260604739], [100,91,0.708948150011], [117,91,0.705260604739], [118,91,-0.708948150011], [99,92,-0.999997753343], [100,92,0.002119742448], [120,92,0.999997753343], [121,92,-0.002119742448], [99,93,-0.999999573653], [100,93,-0.000923414563], [141,93,0.999999573653], [142,93,0.000923414563], [102,94,-0.999987930416], [103,94,-0.004913147828], [123,94,0.999987930416], [124,94,0.004913147828], [102,95,-0.999997781811], [103,95,-0.002106270047], [144,95,0.999997781811], [145,95,0.002106270047], [105,96,0.001461915469], [106,96,-0.999998931401], [108,96,-0.001461915469], [109,96,0.999998931401], [105,97,0.001307872744], [106,97,-0.999999144734], [111,97,-0.001307872744], [112,97,0.999999144734], [105,98,-0.708666365410], [106,98,-0.705543749555], [129,98,0.708666365410], [130,98,0.705543749555], [111,99,-0.705483996746], [112,99,-0.708725849913], [135,99,0.705483996746], [136,99,0.708725849913], [114,100,0.000700005420], [115,100,-0.999999754996], [117,100,-0.000700005420], [118,100,0.999999754996], [114,101,0.001915570458], [115,101,-0.999998165293], [120,101,-0.001915570458], [121,101,0.999998165293], [117,102,0.003122625921], [118,102,-0.999995124592], [120,102,-0.003122625921], [121,102,0.999995124592], [117,103,-0.999978814538], [118,103,-0.006509260770], [138,103,0.999978814538], [139,103,0.006509260770], [117,104,-0.702104676317], [118,104,-0.712073748634], [141,104,0.702104676317], [142,104,0.712073748634], [120,105,-0.708942925826], [121,105,0.705265856200], [138,105,0.708942925826], [139,105,-0.705265856200], [120,106,-0.999992123949], [121,106,-0.003968883959], [141,106,0.999992123949], [142,106,0.003968883959], [120,107,-0.706878985579], [121,107,-0.707334503433], [144,107,0.706878985579], [145,107,0.707334503433], [123,108,-0.707374934166], [124,108,0.706838526478], [141,108,0.707374934166], [142,108,-0.706838526478], [123,109,-0.999999777245], [124,109,0.000667464851], [144,109,0.999999777245], [145,109,-0.000667464851], [129,110,0.002246043522], [130,110,-0.999997477641], [132,110,-0.002246043522], [133,110,0.999997477641], [129,111,0.003567238441], [130,111,-0.999993637385], [135,111,-0.003567238441], [136,111,0.999993637385], [138,112,0.005705161473], [139,112,-0.999983725434], [141,112,-0.005705161473], [142,112,0.999983725434], [138,113,-0.000332784828], [139,113,-0.999999944627], [144,113,0.000332784828], [145,113,0.999999944627], [141,114,-0.006379150398], [142,114,-0.999979653013], [144,114,0.006379150398], [145,114,0.999979653013], ]
},
"Q": {
"shape": [115, 115],
"data": [[0,0,2.000000000000], [1,0,0.999999896030], [3,0,0.707186766513], [26,0,0.001248516001], [27,0,-0.706441509503], [0,1,0.999999896030], [1,1,2.000000000000], [43,1,-0.002658536949], [44,1,-0.003041382053], [45,1,-0.705462158242], [46,1,-0.999984794544], [2,2,2.000000000000], [3,2,-0.707844975685], [4,2,0.001029747465], [5,2,0.705688291898], [6,2,-0.002005949981], [7,2,0.999997576632], [12,2,-0.999999766048], [13,2,-0.999995186542], [14,2,-0.008095254628], [15,2,-0.709735525701], [16,2,-0.001509851870], [0,3,0.707186766513], [2,3,-0.707844975685], [3,3,2.000000000000], [4,3,0.705638539155], [5,3,0.000959529535], [6,3,0.707786295694], [26,3,0.707909169751], [27,3,0.000827271380], [2,4,0.001029747465], [3,4,0.705638539155], [4,4,2.000000000000], [5,4,0.709248735689], [6,4,0.999995392269], [9,4,0.707585592102], [28,4,0.000300548282], [29,4,-0.001306712067], [30,4,-0.999981499659], [31,4,-0.709356612367], [2,5,0.705688291898], [3,5,0.000959529535], [4,5,0.709248735689], [5,5,2.000000000000], [6,5,0.707105429705], [10,5,0.707988829923], [26,5,0.705623896175], [28,5,0.704745123243], [32,5,-0.001438411646], [33,5,-0.999999592808], [34,5,-0.708271897387], [2,6,-0.002005949981], [3,6,0.707786295694], [4,6,0.999995392269], [5,6,0.707105429705], [6,6,2.000000000000], [27,6,0.705840839975], [30,6,0.999995357506], [32,6,0.708124509837], [43,6,0.001354217874], [47,6,-0.002118414710], [48,6,-0.000093877885], [2,7,0.999997576632], [7,7,2.000000000000], [8,7,0.999998954578], [9,7,-0.707456297270], [10,7,-0.002957381773], [11,7,0.707497662295], [12,7,-0.999995836759], [13,7,-0.999985932451], [14,7,-0.005893778295], [15,7,-0.708182898621], [16,7,0.000691678133], [7,8,0.999998954578], [8,8,2.000000000000], [9,8,-0.706433604938], [10,8,-0.001511410493], [11,8,0.708518815528], [12,8,0.999998963790], [17,8,-0.999980209917], [18,8,0.704877747210], [19,8,-0.005060288770], [20,8,-0.708402110782], [4,9,0.707585592102], [7,9,-0.707456297270], [8,9,-0.706433604938], [9,9,2.000000000000], [10,9,0.708846219921], [11,9,-0.001047354701], [28,9,0.706840277549], [29,9,0.705702431915], [30,9,-0.711870769439], [31,9,-0.003864185826], [5,10,0.707988829923], [7,10,-0.002957381773], [8,10,-0.001511410493], [9,10,0.708846219921], [10,10,2.000000000000], [11,10,0.704620252680], [26,10,-0.000846738583], [28,10,-0.002086149873], [32,10,-0.707241279583], [33,10,-0.707351222733], [34,10,-0.999999919640], [7,11,0.707497662295], [8,11,0.708518815528], [9,11,-0.001047354701], [10,11,0.704620252680], [11,11,2.000000000000], [14,11,0.710873243685], [18,11,0.001148464739], [29,11,0.709247079033], [35,11,-0.708258959255], [36,11,-0.701545178910], [37,11,-0.702687377726], [2,12,-0.999999766048], [7,12,-0.999995836759], [8,12,0.999998963790], [12,12,2.000000000000], [13,12,0.999997074962], [14,12,0.008779265171], [15,12,0.710217240475], [16,12,0.002193885587], [17,12,-0.999988230542], [18,12,0.703855874130], [19,12,-0.006499855118], [20,12,-0.709417452430], [2,13,-0.999995186542], [7,13,-0.999985932451], [12,13,0.999997074962], [13,13,2.000000000000], [14,13,0.011197837496], [15,13,0.711917879544], [16,13,0.004612564567], [17,13,0.999997040249], [21,13,0.703529473265], [22,13,-0.011679616195], [23,13,-0.007098211913], [2,14,-0.008095254628], [7,14,-0.005893778295], [11,14,0.710873243685], [12,14,0.008779265171], [13,14,0.011197837496], [14,14,2.000000000000], [15,14,0.710190633912], [16,14,0.999978315735], [18,14,0.704136097615], [29,14,0.008372210030], [35,14,-0.006971569934], [36,14,-0.999913203661], [37,14,-0.999933051166], [2,15,-0.709735525701], [7,15,-0.708182898621], [12,15,0.710217240475], [13,15,0.711917879544], [14,15,0.710190633912], [15,15,2.000000000000], [16,15,0.705539020039], [19,15,0.708584016894], [21,15,-0.001780912505], [38,15,-0.709579782632], [39,15,-0.709613062400], [40,15,-0.999993747082], [2,16,-0.001509851870], [7,16,0.000691678133], [12,16,0.002193885587], [13,16,0.004612564567], [14,16,0.999978315735], [15,16,0.705539020039], [16,16,2.000000000000], [33,16,0.708950949187], [36,16,0.999978285619], [48,16,0.003609673815], [52,16,-0.704013922821], [53,16,-0.999994310759], [8,17,-0.999980209917], [12,17,-0.999988230542], [13,17,0.999997040249], [17,17,2.000000000000], [18,17,-0.700401235728], [19,17,0.011351353868], [20,17,0.712828509814], [21,17,0.701798339850], [22,17,-0.014112416470], [23,17,-0.009531130406], [8,18,0.704877747210], [11,18,0.001148464739], [12,18,0.703855874130], [14,18,0.704136097615], [17,18,-0.700401235728], [18,18,2.000000000000], [19,18,0.705752843829], [20,18,0.001313827225], [29,18,-0.704144975133], [35,18,0.705138846656], [36,18,-0.713430209814], [37,18,-0.712305276945], [8,19,-0.005060288770], [12,19,-0.006499855118], [15,19,0.708584016894], [17,19,0.011351353868], [18,19,0.705752843829], [19,19,2.000000000000], [20,19,0.709384756884], [21,19,0.704363407741], [38,19,-0.005594782498], [39,19,-0.005642013335], [40,19,-0.711074930740], [8,20,-0.708402110782], [12,20,-0.709417452430], [17,20,0.712828509814], [18,20,0.001313827225], [19,20,0.709384756884], [20,20,2.000000000000], [22,20,0.711328264480], [35,20,0.708142211387], [38,20,0.708779265453], [13,21,0.703529473265], [15,21,-0.001780912505], [17,21,0.701798339850], [19,21,0.704363407741], [21,21,2.000000000000], [22,21,0.702400654017], [23,21,0.705654377269], [38,21,0.705887682471], [39,21,0.705854226431], [40,21,-0.001755446504], [13,22,-0.011679616195], [17,22,-0.014112416470], [20,22,0.711328264480], [21,22,0.702400654017], [22,22,2.000000000000], [23,22,0.999989504442], [35,22,0.007453367622], [38,22,0.008356001734], [13,23,-0.007098211913], [17,23,-0.009531130406], [21,23,0.705654377269], [22,23,0.999989504442], [23,23,2.000000000000], [40,23,0.709793854730], [41,23,0.706044955439], [54,23,0.001371902389], [57,23,-0.702350306869], [58,23,-0.999963608193], [24,24,2.000000000000], [25,24,0.999999218671], [39,24,0.001133064040], [41,24,-0.707946418717], [42,24,-0.999996895376], [24,25,0.999999218671], [25,25,2.000000000000], [42,25,0.999999228999], [0,26,0.001248516001], [3,26,0.707909169751], [5,26,0.705623896175], [10,26,-0.000846738583], [26,26,2.000000000000], [27,26,0.706888872384], [28,26,0.999999231928], [32,26,0.707570852244], [33,26,-0.706263060139], [34,26,0.000445839643], [0,27,-0.706441509503], [3,27,0.000827271380], [6,27,0.705840839975], [26,27,0.706888872384], [27,27,2.000000000000], [30,27,0.703679070274], [32,27,-0.000348389008], [43,27,0.709325672754], [47,27,-0.709864134162], [48,27,-0.708436719740], [4,28,0.000300548282], [5,28,0.704745123243], [9,28,0.706840277549], [10,28,-0.002086149873], [26,28,0.999999231928], [28,28,2.000000000000], [29,28,0.999998708357], [30,28,-0.006383332920], [31,28,0.704636540994], [32,28,0.708446130128], [33,28,-0.705385076304], [34,28,0.001685251562], [4,29,-0.001306712067], [9,29,0.705702431915], [11,29,0.709247079033], [14,29,0.008372210030], [18,29,-0.704144975133], [28,29,0.999998708357], [29,29,2.000000000000], [30,29,-0.004776097387], [31,29,0.705776091820], [35,29,-0.999999019046], [36,29,0.004803226392], [37,29,0.003199167287], [4,30,-0.999981499659], [6,30,0.999995357506], [9,30,-0.711870769439], [27,30,0.703679070274], [28,30,-0.006383332920], [29,30,-0.004776097387], [30,30,2.000000000000], [31,30,0.705056035569], [32,30,0.710272759010], [43,30,-0.001692909915], [47,30,0.000928712583], [48,30,0.002953246833], [4,31,-0.709356612367], [9,31,-0.003864185826], [28,31,0.704636540994], [29,31,0.705776091820], [30,31,0.705056035569], [31,31,2.000000000000], [44,31,0.708227319564], [47,31,0.708496496185], [49,31,0.002411523641], [50,31,-0.706417795289], [51,31,-0.999996805660], [5,32,-0.001438411646], [6,32,0.708124509837], [10,32,-0.707241279583], [26,32,0.707570852244], [27,32,-0.000348389008], [28,32,0.708446130128], [30,32,0.710272759010], [32,32,2.000000000000], [33,32,0.000535979854], [34,32,0.706957798267], [43,32,-0.705127983304], [47,32,0.704585899893], [48,32,0.706021105279], [5,33,-0.999999592808], [10,33,-0.707351222733], [16,33,0.708950949187], [26,33,-0.706263060139], [28,33,-0.705385076304], [32,33,0.000535979854], [33,33,2.000000000000], [34,33,0.707634546273], [36,33,0.704287895760], [48,33,0.707812277914], [52,33,0.001752990775], [53,33,-0.706567943148], [5,34,-0.708271897387], [10,34,-0.999999919640], [26,34,0.000445839643], [28,34,0.001685251562], [32,34,0.706957798267], [33,34,0.707634546273], [34,34,2.000000000000], [50,34,0.999996146859], [52,34,0.705337059414], [60,34,0.001306387721], [65,34,-0.999998282349], [11,35,-0.708258959255], [14,35,-0.006971569934], [18,35,0.705138846656], [20,35,0.708142211387], [22,35,0.007453367622], [29,35,-0.999999019046], [35,35,2.000000000000], [36,35,-0.006203886497], [37,35,-0.004599837955], [38,35,0.999999592600], [11,36,-0.701545178910], [14,36,-0.999913203661], [16,36,0.999978285619], [18,36,-0.713430209814], [29,36,0.004803226392], [33,36,0.704287895760], [35,36,-0.006203886497], [36,36,2.000000000000], [37,36,0.999998713477], [48,36,-0.002980376030], [52,36,-0.708678772681], [53,36,-0.999994825911], [11,37,-0.702687377726], [14,37,-0.999933051166], [18,37,-0.712305276945], [29,37,0.003199167287], [35,37,-0.004599837955], [36,37,0.999998713477], [37,37,2.000000000000], [51,37,0.704381567905], [53,37,0.999998699458], [55,37,0.710111082026], [15,38,-0.709579782632], [19,38,-0.005594782498], [20,38,0.708779265453], [21,38,0.705887682471], [22,38,0.008356001734], [35,38,0.999999592600], [38,38,2.000000000000], [39,38,0.999999998885], [40,38,0.707083542262], [15,39,-0.709613062400], [19,39,-0.005642013335], [21,39,0.705854226431], [24,39,0.001133064040], [38,39,0.999999998885], [39,39,2.000000000000], [40,39,0.707116940343], [41,39,0.705463543468], [42,39,0.001358772140], [15,40,-0.999993747082], [19,40,-0.711074930740], [21,40,-0.001755446504], [23,40,0.709793854730], [38,40,0.707083542262], [39,40,0.707116940343], [40,40,2.000000000000], [41,40,0.002306827808], [54,40,0.705382562475], [57,40,0.002896890271], [58,40,-0.703758528301], [23,41,0.706044955439], [24,41,-0.707946418717], [39,41,0.705463543468], [40,41,0.002306827808], [41,41,2.000000000000], [42,41,0.709704118989], [54,41,-0.707197723647], [57,41,-0.999986460658], [58,41,-0.712060813610], [24,42,-0.999996895376], [25,42,0.999999228999], [39,42,0.001358772140], [41,42,0.709704118989], [42,42,2.000000000000], [1,43,-0.002658536949], [6,43,0.001354217874], [27,43,0.709325672754], [30,43,-0.001692909915], [32,43,-0.705127983304], [43,43,2.000000000000], [44,43,0.999999926714], [45,43,0.710620580413], [46,43,0.008173065049], [47,43,-0.999999708001], [48,43,-0.999999205771], [1,44,-0.003041382053], [31,44,0.708227319564], [43,44,0.999999926714], [44,44,2.000000000000], [45,44,0.710889889833], [46,44,0.008555898315], [47,44,0.999999927286], [49,44,0.707690318407], [50,44,-0.000612039684], [51,44,-0.710009490835], [1,45,-0.705462158242], [43,45,0.710620580413], [44,45,0.710889889833], [45,45,2.000000000000], [46,45,0.709359882321], [49,45,-0.006190085999], [59,45,0.706765862520], [63,45,-0.001310776744], [64,45,-0.706711137427], [1,46,-0.999984794544], [43,46,0.008173065049], [44,46,0.008555898315], [45,46,0.709359882321], [46,46,2.000000000000], [61,46,0.999996637778], [63,46,0.705775684787], [6,47,-0.002118414710], [27,47,-0.709864134162], [30,47,0.000928712583], [31,47,0.708496496185], [32,47,0.704585899893], [43,47,-0.999999708001], [44,47,0.999999927286], [47,47,2.000000000000], [48,47,0.999997950623], [49,47,0.707420833548], [50,47,-0.000993390905], [51,47,-0.710277983808], [6,48,-0.000093877885], [16,48,0.003609673815], [27,48,-0.708436719740], [30,48,0.002953246833], [32,48,0.706021105279], [33,48,0.707812277914], [36,48,-0.002980376030], [43,48,-0.999999205771], [47,48,0.999997950623], [48,48,2.000000000000], [52,48,0.707640282882], [53,48,-0.000236479416], [31,49,0.002411523641], [44,49,0.707690318407], [45,49,-0.006190085999], [47,49,0.707420833548], [49,49,2.000000000000], [50,49,0.706089495118], [51,49,-0.004939090540], [59,49,-0.711808923212], [63,49,-0.999971868362], [64,49,-0.703114046111], [31,50,-0.706417795289], [34,50,0.999996146859], [44,50,-0.000612039684], [47,50,-0.000993390905], [49,50,0.706089495118], [50,50,2.000000000000], [51,50,0.704626528640], [52,50,0.707302182298], [60,50,-0.001469631504], [65,50,-0.999989283990], [31,51,-0.999996805660], [37,51,0.704381567905], [44,51,-0.710009490835], [47,51,-0.710277983808], [49,51,-0.004939090540], [50,51,0.704626528640], [51,51,2.000000000000], [53,51,0.705525442797], [55,51,0.000411155524], [16,52,-0.704013922821], [33,52,0.001752990775], [34,52,0.705337059414], [36,52,-0.708678772681], [48,52,0.707640282882], [50,52,0.707302182298], [52,52,2.000000000000], [53,52,0.706405514550], [60,52,-0.707950036234], [65,52,-0.704021984753], [16,53,-0.999994310759], [33,53,-0.706567943148], [36,53,-0.999994825911], [37,53,0.999998699458], [48,53,-0.000236479416], [51,53,0.705525442797], [52,53,0.706405514550], [53,53,2.000000000000], [55,53,0.708974611813], [23,54,0.001371902389], [40,54,0.705382562475], [41,54,-0.707197723647], [54,54,2.000000000000], [55,54,-0.708408055654], [56,54,0.001358378348], [57,54,0.710867247403], [58,54,0.007159393149], [37,55,0.710111082026], [51,55,0.000411155524], [53,55,0.708974611813], [54,55,-0.708408055654], [55,55,2.000000000000], [56,55,0.704840170255], [54,56,0.001358378348], [55,56,0.704840170255], [56,56,2.000000000000], [57,56,0.702359933652], [66,56,-0.002691837435], [67,56,-0.004777739680], [68,56,-0.711216293304], [23,57,-0.702350306869], [40,57,0.002896890271], [41,57,-0.999986460658], [54,57,0.710867247403], [56,57,0.702359933652], [57,57,2.000000000000], [58,57,0.708397561921], [66,57,0.709928756960], [67,57,0.708458157375], [68,57,0.000861975290], [23,58,-0.999963608193], [40,58,-0.703758528301], [41,58,-0.712060813610], [54,58,0.007159393149], [57,58,0.708397561921], [58,58,2.000000000000], [66,58,-0.005825959435], [69,58,0.001651394164], [70,58,-0.999974765519], [71,58,-0.705493806248], [45,59,0.706765862520], [49,59,-0.711808923212], [59,59,2.000000000000], [60,59,0.999992912839], [61,59,0.000116294669], [62,59,0.703533623672], [63,59,0.706520515562], [64,59,0.001041383815], [34,60,0.001306387721], [50,60,-0.001469631504], [52,60,-0.707950036234], [59,60,0.999992912839], [60,60,2.000000000000], [61,60,0.003881167208], [62,60,0.706204189968], [65,60,-0.003159839782], [46,61,0.999996637778], [59,61,0.000116294669], [60,61,0.003881167208], [61,61,2.000000000000], [62,61,0.710743785752], [63,61,0.707610391783], [59,62,0.703533623672], [60,62,0.706204189968], [61,62,0.710743785752], [62,62,2.000000000000], [74,62,-0.706936233939], [75,62,-0.011589920260], [76,62,-0.712850849179], [77,62,-0.999997287403], [78,62,-0.710777858426], [45,63,-0.001310776744], [46,63,0.705775684787], [49,63,-0.999971868362], [59,63,0.706520515562], [61,63,0.707610391783], [63,63,2.000000000000], [64,63,0.708427936428], [45,64,-0.706711137427], [49,64,-0.703114046111], [59,64,0.001041383815], [63,64,0.708427936428], [64,64,2.000000000000], [76,64,0.999991357388], [79,64,0.707965310391], [96,64,-0.000223591282], [34,65,-0.999998282349], [50,65,-0.999989283990], [52,65,-0.704021984753], [60,65,-0.003159839782], [65,65,2.000000000000], [77,65,0.708594578840], [80,65,0.999998586186], [97,65,0.000366798342], [99,65,-0.706669889877], [56,66,-0.002691837435], [57,66,0.709928756960], [58,66,-0.005825959435], [66,66,2.000000000000], [67,66,0.999997824476], [68,66,0.704885177447], [69,66,-0.999991286381], [70,66,-0.001278173288], [71,66,-0.704593879197], [56,67,-0.004777739680], [57,67,0.708458157375], [66,67,0.999997824476], [67,67,2.000000000000], [68,67,0.706363228624], [69,67,0.999997818708], [72,67,-0.002655416108], [73,67,-0.004089780374], [56,68,-0.711216293304], [57,68,0.000861975290], [66,68,0.704885177447], [67,68,0.706363228624], [68,68,2.000000000000], [70,68,0.710221812855], [84,68,0.708505337968], [86,68,0.706549907807], [91,68,0.000936933140], [92,68,-0.706789087331], [93,68,-0.708938615822], [58,69,0.001651394164], [66,69,-0.999991286381], [67,69,0.999997818708], [69,69,2.000000000000], [70,69,0.005452744093], [71,69,0.707550070421], [72,69,-0.004744081740], [73,69,-0.006178432773], [58,70,-0.999974765519], [66,70,-0.001278173288], [68,70,0.710221812855], [69,70,0.005452744093], [70,70,2.000000000000], [71,70,0.710510797863], [84,70,0.006394856345], [86,70,0.003627844768], [91,70,-0.703312226607], [92,70,-0.999988169477], [93,70,-0.999998341783], [58,71,-0.705493806248], [66,71,-0.704593879197], [69,71,0.707550070421], [70,71,0.710510797863], [71,71,2.000000000000], [72,71,0.710011937010], [94,71,-0.712035171463], [95,71,-0.710061524495], [67,72,-0.002655416108], [69,72,-0.004744081740], [71,72,0.710011937010], [72,72,2.000000000000], [73,72,0.999998971288], [94,72,-0.999995860528], [95,72,-0.999999997520], [67,73,-0.004089780374], [69,73,-0.006178432773], [72,73,0.999998971288], [73,73,2.000000000000], [94,73,0.999998958957], [108,73,-0.704917791914], [109,73,-0.999991439778], [62,74,-0.706936233939], [74,74,2.000000000000], [75,74,-0.699036448180], [76,74,0.007915451144], [77,74,0.708581708685], [78,74,0.004964076511], [79,74,0.703581707756], [80,74,-0.002512769119], [81,74,-0.707452251952], [82,74,-0.001272804474], [62,75,-0.011589920260], [74,75,-0.699036448180], [75,75,2.000000000000], [76,75,0.709530448823], [77,75,0.009260842264], [78,75,0.711607158597], [96,75,0.701878066240], [97,75,0.701768333619], [98,75,-0.011037163257], [62,76,-0.712850849179], [64,76,0.999991357388], [74,76,0.007915451144], [75,76,0.709530448823], [76,76,2.000000000000], [77,76,0.711215408943], [78,76,0.999995644513], [79,76,0.705022939825], [96,76,0.003933951790], [62,77,-0.999997287403], [65,77,0.708594578840], [74,77,0.708581708685], [75,77,0.009260842264], [76,77,0.711215408943], [77,77,2.000000000000], [78,77,0.709137530445], [80,77,0.707407045314], [97,77,0.705875710354], [99,77,-0.999996290050], [62,78,-0.710777858426], [74,78,0.004964076511], [75,78,0.711607158597], [76,78,0.999995644513], [77,78,0.709137530445], [78,78,2.000000000000], [98,78,0.710388906534], [110,78,-0.000198395610], [111,78,0.001122804748], [64,79,0.707965310391], [74,79,0.703581707756], [76,79,0.705022939825], [79,79,2.000000000000], [80,79,0.708844186550], [81,79,0.004484158597], [82,79,0.709718270800], [96,79,-0.706405485554], [65,80,0.999998586186], [74,80,-0.002512769119], [77,80,0.707407045314], [79,80,0.708844186550], [80,80,2.000000000000], [81,80,0.708536574472], [82,80,0.999999231241], [97,80,-0.001314756852], [99,80,-0.705479117781], [74,81,-0.707452251952], [79,81,0.004484158597], [80,81,0.708536574472], [81,81,2.000000000000], [82,81,0.707661017455], [85,81,0.706169101311], [87,81,0.000634383530], [100,81,-0.705173057551], [101,81,-0.704310657553], [74,82,-0.001272804474], [79,82,0.709718270800], [80,82,0.999999231241], [81,82,0.707661017455], [82,82,2.000000000000], [110,82,-0.003492889367], [83,83,2.000000000000], [84,83,0.999996202773], [85,83,0.003050007883], [86,83,-0.999984749093], [87,83,0.703555602439], [88,83,0.001865620485], [89,83,-0.710594590931], [90,83,-0.005516717563], [68,84,0.708505337968], [70,84,0.006394856345], [83,84,0.999996202773], [84,84,2.000000000000], [85,84,0.000294208132], [86,84,0.999996171727], [91,84,0.706368965153], [92,84,-0.001530632414], [93,84,-0.004573775795], [81,85,0.706169101311], [83,85,0.003050007883], [84,85,0.000294208132], [85,85,2.000000000000], [87,85,0.708491058844], [100,85,0.004056163266], [101,85,0.005271716123], [68,86,0.706549907807], [70,86,0.003627844768], [83,86,-0.999984749093], [84,86,0.999996171727], [86,86,2.000000000000], [87,86,-0.707469613129], [88,86,-0.007388406026], [89,86,0.706697885739], [90,86,-0.000006106135], [91,86,0.708324895767], [92,86,0.001236413879], [93,86,-0.001806743554], [81,87,0.000634383530], [83,87,0.703555602439], [85,87,0.708491058844], [86,87,-0.707469613129], [87,87,2.000000000000], [88,87,0.711951545405], [89,87,0.000064844829], [90,87,0.706748082863], [100,87,0.708587738228], [101,87,0.709444945602], [83,88,0.001865620485], [86,88,-0.007388406026], [87,88,0.711951545405], [88,88,2.000000000000], [89,88,0.702274758020], [90,88,0.999972750452], [91,88,0.711100689573], [100,88,-0.008971688206], [102,88,0.011394187525], [103,88,-0.999890761385], [104,88,-0.696190589831], [83,89,-0.710594590931], [86,89,0.706697885739], [87,89,0.000064844829], [88,89,0.702274758020], [89,89,2.000000000000], [90,89,0.707511125114], [92,89,0.706641128450], [101,89,0.704714854237], [102,89,0.703857943736], [105,89,-0.004061500892], [106,89,-0.710936154579], [107,89,-0.999998409514], [83,90,-0.005516717563], [86,90,-0.000006106135], [87,90,0.706748082863], [88,90,0.999972750452], [89,90,0.707511125114], [90,90,2.000000000000], [103,90,0.999972629428], [105,90,0.709569934147], [112,90,0.006594580600], [113,90,0.000556651114], [68,91,0.000936933140], [70,91,-0.703312226607], [84,91,0.706368965153], [86,91,0.708324895767], [88,91,0.711100689573], [91,91,2.000000000000], [92,91,0.706761807748], [93,91,0.704605651006], [100,91,-0.709441662562], [102,91,0.711146958644], [103,91,-0.700630935086], [104,91,0.009656598156], [68,92,-0.706789087331], [70,92,-0.999988169477], [84,92,-0.001530632414], [86,92,0.001236413879], [89,92,0.706641128450], [91,92,0.706761807748], [92,92,2.000000000000], [93,92,0.999995369596], [101,92,-0.004035304714], [102,92,-0.005242351019], [105,92,-0.710436315047], [106,92,-0.999981464298], [107,92,-0.705378030492], [68,93,-0.708938615822], [70,93,-0.999998341783], [84,93,-0.004573775795], [86,93,-0.001806743554], [91,93,0.704605651006], [92,93,0.999995369596], [93,93,2.000000000000], [104,93,0.702761916247], [106,93,0.999995362530], [108,93,0.706721927589], [112,93,-0.004781759505], [114,93,-0.007302543452], [71,94,-0.712035171463], [72,94,-0.999995860528], [73,94,0.999998958957], [94,94,2.000000000000], [95,94,0.999996060670], [108,94,-0.703893594274], [109,94,-0.999984428311], [71,95,-0.710061524495], [72,95,-0.999999997520], [94,95,0.999996060670], [95,95,2.000000000000], [107,95,0.708367255066], [109,95,0.999996153195], [113,95,0.002439054020], [114,95,0.008485363439], [64,96,-0.000223591282], [75,96,0.701878066240], [76,96,0.003933951790], [79,96,-0.706405485554], [96,96,2.000000000000], [97,96,0.999999988135], [98,96,0.704506985290], [65,97,0.000366798342], [75,97,0.701768333619], [77,97,0.705875710354], [80,97,-0.001314756852], [96,97,0.999999988135], [97,97,2.000000000000], [98,97,0.704616300703], [99,97,-0.707802560473], [75,98,-0.011037163257], [78,98,0.710388906534], [96,98,0.704506985290], [97,98,0.704616300703], [98,98,2.000000000000], [110,98,-0.703950274421], [111,98,-0.703011278551], [65,99,-0.706669889877], [77,99,-0.999996290050], [80,99,-0.705479117781], [97,99,-0.707802560473], [99,99,2.000000000000], [111,99,0.706204710931], [81,100,-0.705173057551], [85,100,0.004056163266], [87,100,0.708587738228], [88,100,-0.008971688206], [91,100,-0.709441662562], [100,100,2.000000000000], [101,100,0.999999261200], [102,100,-0.999997065444], [103,100,-0.005809268586], [104,100,-0.711582097094], [81,101,-0.704310657553], [85,101,0.005271716123], [87,101,0.709444945602], [89,101,0.704714854237], [92,101,-0.004035304714], [100,101,0.999999261200], [101,101,2.000000000000], [102,101,0.999999271504], [105,101,0.706622592370], [106,101,-0.002053321306], [107,101,-0.705979129179], [88,102,0.011394187525], [89,102,0.703857943736], [91,102,0.711146958644], [92,102,-0.005242351019], [100,102,-0.999997065444], [101,102,0.999999271504], [102,102,2.000000000000], [103,102,0.003386669269], [104,102,0.709877866722], [105,102,0.707476181298], [106,102,-0.000846263283], [107,102,-0.705123736245], [88,103,-0.999890761385], [90,103,0.999972629428], [91,103,-0.700630935086], [100,103,-0.005809268586], [102,103,0.003386669269], [103,103,2.000000000000], [104,103,0.706724875623], [105,103,0.704337147171], [112,103,-0.000804114229], [113,103,-0.006842038187], [88,104,-0.696190589831], [91,104,0.009656598156], [93,104,0.702761916247], [100,104,-0.711582097094], [102,104,0.709877866722], [103,104,0.706724875623], [104,104,2.000000000000], [106,104,0.704925284584], [108,104,-0.006669910040], [112,104,0.708056539393], [114,104,-0.716538091404], [89,105,-0.004061500892], [90,105,0.709569934147], [92,105,-0.710436315047], [101,105,0.706622592370], [102,105,0.707476181298], [103,105,0.704337147171], [105,105,2.000000000000], [106,105,0.706138223811], [107,105,0.002277982057], [112,105,0.709299012171], [113,105,0.705029891698], [89,106,-0.710936154579], [92,106,-0.999981464298], [93,106,0.999995362530], [101,106,-0.002053321306], [102,106,-0.000846263283], [104,106,0.704925284584], [105,106,0.706138223811], [106,106,2.000000000000], [107,106,0.709680746729], [108,106,0.704564002755], [112,106,-0.001736297171], [114,106,-0.010347903360], [89,107,-0.999998409514], [92,107,-0.705378030492], [95,107,0.708367255066], [101,107,-0.705979129179], [102,107,-0.705123736245], [105,107,0.002277982057], [106,107,0.709680746729], [107,107,2.000000000000], [109,107,0.706406707200], [113,107,0.707569702867], [114,107,0.711829398669], [73,108,-0.704917791914], [93,108,0.706721927589], [94,108,-0.703893594274], [104,108,-0.006669910040], [106,108,0.704564002755], [108,108,2.000000000000], [109,108,0.707846566466], [112,108,-0.710862711209], [114,108,0.702311693351], [73,109,-0.999991439778], [94,109,-0.999984428311], [95,109,0.999996153195], [107,109,0.706406707200], [108,109,0.707846566466], [109,109,2.000000000000], [113,109,-0.000334680060], [114,109,0.005711697707], [78,110,-0.000198395610], [82,110,-0.003492889367], [98,110,-0.703950274421], [110,110,2.000000000000], [111,110,0.999999127215], [78,111,0.001122804748], [98,111,-0.703011278551], [99,111,0.706204710931], [110,111,0.999999127215], [111,111,2.000000000000], [90,112,0.006594580600], [93,112,-0.004781759505], [103,112,-0.000804114229], [104,112,0.708056539393], [105,112,0.709299012171], [106,112,-0.001736297171], [108,112,-0.710862711209], [112,112,2.000000000000], [113,112,0.999981771471], [114,112,-0.999926984695], [90,113,0.000556651114], [95,113,0.002439054020], [103,113,-0.006842038187], [105,113,0.705029891698], [107,113,0.707569702867], [109,113,-0.000334680060], [112,113,0.999981771471], [113,113,2.000000000000], [114,113,0.999981720526], [93,114,-0.007302543452], [95,114,0.008485363439], [104,114,-0.716538091404], [106,114,-0.010347903360], [107,114,0.711829398669], [108,114,0.702311693351], [109,114,0.005711697707], [112,114,-0.999926984695], [113,114,0.999981720526], [114,114,2.000000000000], ]
},
"Minv": {
"shape": [147, 147],
