{
"N": {
"shape": [147, 108],
"data": [[0,0,0.000788615436], [1,0,-0.999999689043], [3,0,-0.000788615436], [4,0,0.999999689043], [0,1,-0.705961292052], [1,1,-0.708250417666], [24,1,0.705961292052], [25,1,0.708250417666], [3,2,-0.999977603366], [4,2,-0.006692739761], [24,2,0.999977603366], [25,2,0.006692739761], [3,3,-0.705852856010], [4,3,-0.708358486688], [27,3,0.705852856010], [28,3,0.708358486688], [3,4,-0.999999949193], [4,4,-0.000318769697], [45,4,0.999999949193], [46,4,0.000318769697], [6,5,0.001147618682], [7,5,-0.999999341485], [9,5,-0.001147618682], [10,5,0.999999341485], [9,6,-0.708202453980], [10,6,0.706009407995], [27,6,0.708202453980], [28,6,-0.706009407995], [9,7,-0.999998406028], [10,7,-0.001785480711], [30,7,0.999998406028], [31,7,0.001785480711], [9,8,-0.704552462052], [10,8,-0.709651906372], [33,8,0.704552462052], [34,8,0.709651906372], [12,9,0.000137642923], [13,9,-0.999999990527], [15,9,-0.000137642923], [16,9,0.999999990527], [12,10,-0.999997012462], [13,10,0.002444395076], [33,10,0.999997012462], [34,10,-0.002444395076], [12,11,-0.708878016998], [13,11,-0.705331097440], [36,11,0.708878016998], [37,11,0.705331097440], [12,12,-0.999998424557], [13,12,-0.001775072715], [54,12,0.999998424557], [55,12,0.001775072715], [21,13,-0.999998652353], [22,13,-0.001641734457], [42,13,0.999998652353], [43,13,0.001641734457], [21,14,-0.999996389894], [22,14,-0.002687042835], [63,14,0.999996389894], [64,14,0.002687042835], [24,15,-0.002348073829], [25,15,-0.999997243271], [27,15,0.002348073829], [28,15,0.999997243271], [27,16,0.003002768878], [28,16,-0.999995491679], [33,16,-0.003002768878], [34,16,0.999995491679], [27,17,-0.705080208610], [28,17,0.709127562168], [45,17,0.705080208610], [46,17,-0.709127562168], [27,18,-0.999999304337], [28,18,0.001179544816], [48,18,0.999999304337], [49,18,-0.001179544816], [30,19,0.000201717565], [31,19,-0.999999979655], [33,19,-0.000201717565], [34,19,0.999999979655], [30,20,-0.003959243318], [31,20,-0.999992162165], [36,20,0.003959243318], [37,20,0.999992162165], [30,21,-0.705363052312], [31,21,-0.708846220582], [54,21,0.705363052312], [55,21,0.708846220582], [33,22,-0.708543266534], [34,22,0.705667371677], [51,22,0.708543266534], [52,22,-0.705667371677], [33,23,-0.999982220722], [34,23,-0.005963073014], [54,23,0.999982220722], [55,23,0.005963073014], [33,24,-0.710391666117], [34,24,-0.703806564839], [57,24,0.710391666117], [58,24,0.703806564839], [36,25,-0.707022766780], [37,25,0.707190785612], [54,25,0.707022766780], [55,25,-0.707190785612], [36,26,-0.999998571015], [37,26,-0.001690552748], [57,26,0.999998571015], [58,26,0.001690552748], [36,27,-0.999999986162], [37,27,0.000166363153], [78,27,0.999999986162], [79,27,-0.000166363153], [39,28,-0.710332929382], [40,28,0.703865846192], [57,28,0.710332929382], [58,28,-0.703865846192], [39,29,-0.999993783021], [40,29,0.003526176255], [60,29,0.999993783021], [61,29,-0.003526176255], [39,30,-0.999999138964], [40,30,-0.001312276923], [81,30,0.999999138964], [82,30,0.001312276923], [42,31,-0.002290963779], [43,31,-0.999997375739], [45,31,0.002290963779], [46,31,0.999997375739], [42,32,0.000493569978], [43,32,-0.999999878194], [48,32,-0.000493569978], [49,32,0.999999878194], [42,33,-0.999992993555], [43,33,-0.003743372954], [63,33,0.999992993555], [64,33,0.003743372954], [42,34,-0.705801349322], [43,34,-0.708409807453], [66,34,0.705801349322], [67,34,0.708409807453], [45,35,0.003252782441], [46,35,-0.999994709689], [48,35,-0.003252782441], [49,35,0.999994709689], [45,36,-0.706926598553], [46,36,0.707286917919], [63,36,0.706926598553], [64,36,-0.707286917919], [45,37,-0.707526237767], [46,37,-0.706687075636], [69,37,0.707526237767], [70,37,0.706687075636], [51,38,0.002098708014], [52,38,-0.999997797710], [54,38,-0.002098708014], [55,38,0.999997797710], [51,39,-0.003519238569], [52,39,-0.999993807461], [57,39,0.003519238569], [58,39,0.999993807461], [51,40,-0.999999672589], [52,40,0.000809210300], [72,40,0.999999672589], [73,40,-0.000809210300], [51,41,-0.709504312539], [52,41,-0.704701093009], [75,41,0.709504312539], [76,41,0.704701093009], [51,42,-0.999999811995], [52,42,0.000613196894], [93,42,0.999999811995], [94,42,-0.000613196894], [54,43,-0.009194405099], [55,43,-0.999957730564], [57,43,0.009194405099], [58,43,0.999957730564], [57,44,-0.704741894186], [58,44,0.709463785248], [75,44,0.704741894186], [76,44,-0.709463785248], [57,45,-0.999997913422], [58,45,0.002042829225], [78,45,0.999997913422], [79,45,-0.002042829225], [57,46,-0.999997080297], [58,46,-0.002416484690], [99,46,0.999997080297], [100,46,0.002416484690], [60,47,-0.706376089184], [61,47,0.707836718904], [78,47,0.706376089184], [79,47,-0.707836718904], [60,48,-0.999981048545], [61,48,-0.006156504690], [81,48,0.999981048545], [82,48,0.006156504690], [63,49,-0.003009486022], [64,49,-0.999995471487], [66,49,0.003009486022], [67,49,0.999995471487], [63,50,-0.004032848988], [64,50,-0.999991868031], [69,50,0.004032848988], [70,50,0.999991868031], [66,51,-0.005059435842], [67,51,-0.999987200973], [69,51,0.005059435842], [70,51,0.999987200973], [66,52,-0.707411344832], [67,52,0.706802086303], [84,52,0.707411344832], [85,52,-0.706802086303], [66,53,-0.707978698327], [67,53,-0.706233787577], [90,53,0.707978698327], [91,53,0.706233787577], [66,54,-0.999999108194], [67,54,0.001335518766], [108,54,0.999999108194], [109,54,-0.001335518766], [69,55,-0.999964666250], [70,55,-0.008406322128], [90,55,0.999964666250], [91,55,0.008406322128], [69,56,-0.704390367034], [70,56,-0.709812799849], [93,56,0.704390367034], [94,56,0.709812799849], [69,57,-0.999998931725], [70,57,-0.001461693513], [111,57,0.999998931725], [112,57,0.001461693513], [72,58,0.003430646336], [73,58,-0.999994115316], [75,58,-0.003430646336], [76,58,0.999994115316], [72,59,0.004143634468], [73,59,-0.999991415110], [78,59,-0.004143634468], [79,59,0.999991415110], [72,60,-0.708290799845], [73,60,0.705920776614], [90,60,0.708290799845], [91,60,-0.705920776614], [72,61,-0.999999913659], [73,61,0.000415549039], [93,61,0.999999913659], [94,61,-0.000415549039], [75,62,-0.708548431836], [76,62,0.705662185286], [93,62,0.708548431836], [94,62,-0.705662185286], [75,63,-0.704508856739], [76,63,-0.709695195683], [99,63,0.704508856739], [100,63,0.709695195683], [78,64,-0.004986170741], [79,64,-0.999987568973], [81,64,0.004986170741], [82,64,0.999987568973], [84,65,0.003552449774], [85,65,-0.999993690030], [87,65,-0.003552449774], [88,65,0.999993690030], [84,66,-0.999993534929], [85,66,-0.003595844855], [105,66,0.999993534929], [106,66,0.003595844855], [84,67,-0.705449159750], [85,67,-0.708760525853], [108,67,0.705449159750], [109,67,0.708760525853], [87,68,-0.705085441601], [88,68,0.709122359006], [105,68,0.705085441601], [106,68,-0.709122359006], [87,69,-0.999995705462], [88,69,0.002930709436], [108,69,0.999995705462], [109,69,-0.002930709436], [87,70,-0.707277944128], [88,70,-0.706935576803], [111,70,0.707277944128], [112,70,0.706935576803], [87,71,-0.999999197190], [88,71,0.001267130498], [129,71,0.999999197190], [130,71,-0.001267130498], [90,72,0.003013284504], [91,72,-0.999995460048], [93,72,-0.003013284504], [94,72,0.999995460048], [90,73,0.002610880072], [91,73,-0.999996591647], [96,73,-0.002610880072], [97,73,0.999996591647], [90,74,-0.999984740388], [91,74,0.005524399629], [111,74,0.999984740388], [112,74,-0.005524399629], [93,75,0.002210447226], [94,75,-0.999997556959], [96,75,-0.002210447226], [97,75,0.999997556959], [93,76,0.000707719250], [94,76,-0.999999749567], [99,76,-0.000707719250], [100,76,0.999999749567], [96,77,-0.000794420117], [97,77,-0.999999684448], [99,77,0.000794420117], [100,77,0.999999684448], [96,78,-0.704753881090], [97,78,0.709451877923], [114,78,0.704753881090], [115,78,-0.709451877923], [96,79,-0.999990856448], [97,79,0.004276332681], [117,79,0.999990856448], [118,79,-0.004276332681], [96,80,-0.707118757746], [97,80,-0.707094804424], [120,80,0.707118757746], [121,80,0.707094804424], [96,81,-0.999998833802], [97,81,-0.001527217900], [138,81,0.999998833802], [139,81,0.001527217900], [99,82,-0.706232953112], [100,82,0.707979530734], [117,82,0.706232953112], [118,82,-0.707979530734], [99,83,-0.999994942009], [100,83,0.003180559137], [141,83,0.999994942009], [142,83,-0.003180559137], [102,84,-0.999999299055], [103,84,0.001184013852], [123,84,0.999999299055], [124,84,-0.001184013852], [105,85,-0.005231459415], [106,85,-0.999986315823], [108,85,0.005231459415], [109,85,0.999986315823], [105,86,-0.000876224319], [106,86,-0.999999616115], [111,86,0.000876224319], [112,86,0.999999616115], [105,87,-0.708637512494], [106,87,-0.705572728984], [129,87,0.708637512494], [130,87,0.705572728984], [108,88,-0.999999919455], [109,88,-0.000401360346], [129,88,0.999999919455], [130,88,0.000401360346], [108,89,-0.706214244017], [109,89,-0.707998193181], [132,89,0.706214244017], [133,89,0.707998193181], [111,90,-0.002436028776], [112,90,-0.999997032878], [117,90,0.002436028776], [118,90,0.999997032878], [111,91,-0.707797171733], [112,91,0.706415715912], [129,91,0.707797171733], [130,91,-0.706415715912], [114,92,-0.007687270585], [115,92,-0.999970452499], [117,92,0.007687270585], [118,92,0.999970452499], [114,93,-0.003294501699], [115,93,-0.999994573115], [120,93,0.003294501699], [121,93,0.999994573115], [114,94,-0.999990161886], [115,94,-0.004435778504], [135,94,0.999990161886], [136,94,0.004435778504], [114,95,-0.707942777293], [115,95,-0.706269795530], [138,95,0.707942777293], [139,95,0.706269795530], [117,96,0.001061298358], [118,96,-0.999999436823], [120,96,-0.001061298358], [121,96,0.999999436823], [120,97,-0.707800702246], [121,97,0.706412178476], [138,97,0.707800702246], [139,97,-0.706412178476], [120,98,-0.999969018803], [121,98,0.007871558540], [141,98,0.999969018803], [142,98,-0.007871558540], [120,99,-0.709244284905], [121,99,-0.704962796415], [144,99,0.709244284905], [145,99,0.704962796415], [123,100,-0.709696430221], [124,100,0.704507613111], [141,100,0.709696430221], [142,100,-0.704507613111], [126,101,-0.001086374696], [127,101,-0.999999409895], [132,101,0.001086374696], [133,101,0.999999409895], [129,102,0.000359806795], [130,102,-0.999999935270], [132,102,-0.000359806795], [133,102,0.999999935270], [129,103,0.001843693332], [130,103,-0.999998300396], [135,103,-0.001843693332], [136,103,0.999998300396], [135,104,-0.008168538886], [136,104,-0.999966636930], [138,104,0.008168538886], [139,104,0.999966636930], [135,105,-0.003331802877], [136,105,-0.999994449529], [141,105,0.003331802877], [142,105,0.999994449529], [138,106,-0.000041143986], [139,106,-0.999999999154], [144,106,0.000041143986], [145,106,0.999999999154], [141,107,-0.001615753704], [142,107,-0.999998694669], [144,107,0.001615753704], [145,107,0.999998694669], ]
},
"Q": {
"shape": [108, 108],
"data": [[0,0,2.000000000000], [1,0,0.707693465458], [2,0,-0.005904139906], [3,0,-0.707801619961], [4,0,0.000469845798], [0,1,0.707693465458], [1,1,2.000000000000], [2,1,0.710685616627], [15,1,-0.709906114446], [0,2,-0.005904139906], [1,2,0.710685616627], [2,2,2.000000000000], [3,2,0.710577906291], [4,2,0.999979686003], [15,2,-0.009040742551], [0,3,-0.707801619961], [2,3,0.710577906291], [3,3,2.000000000000], [4,3,0.706078623368], [6,3,-0.000221031060], [15,3,0.710013928554], [16,3,-0.706235780192], [17,3,0.004633647842], [18,3,-0.705016824393], [0,4,0.000469845798], [2,4,0.999979686003], [3,4,0.706078623368], [4,4,2.000000000000], [17,4,0.704854124409], [31,4,0.002609732523], [35,4,0.002934014265], [36,4,-0.706701100999], [37,4,-0.707751472245], [5,5,2.000000000000], [6,5,0.706821689444], [7,5,-0.000637862682], [8,5,-0.708842881488], [3,6,-0.000221031060], [5,6,0.706821689444], [6,6,2.000000000000], [7,6,0.706940758945], [8,6,-0.002055139718], [15,6,-0.704344550070], [16,6,0.708132793366], [17,6,-0.999990264349], [18,6,-0.709034731046], [5,7,-0.000637862682], [6,7,0.706940758945], [7,7,2.000000000000], [8,7,0.705818408805], [19,7,-0.001583763430], [20,7,-0.005744703724], [21,7,-0.706627559237], [5,8,-0.708842881488], [6,8,-0.002055139718], [7,8,0.705818408805], [8,8,2.000000000000], [10,8,0.702815687549], [16,8,0.707533098828], [19,8,0.709509771327], [22,8,0.001572292668], [23,8,-0.708771641750], [24,8,-0.999965867839], [9,9,2.000000000000], [10,9,-0.002582037565], [11,9,0.705233518716], [12,9,0.001637429992], [8,10,0.702815687549], [9,10,-0.002582037565], [10,10,2.000000000000], [11,10,0.707151791337], [12,10,0.999991098045], [16,10,-0.005447143962], [19,10,-0.002646111989], [22,10,-0.710266079582], [23,10,-0.999964657131], [24,10,-0.708669162494], [9,11,0.705233518716], [10,11,0.707151791337], [11,11,2.000000000000], [12,11,0.710128914188], [20,11,0.708132189724], [25,11,-0.002389243973], [26,11,-0.710069403448], [27,11,-0.708760666084], [9,12,0.001637429992], [10,12,0.999991098045], [11,12,0.710128914188], [12,12,2.000000000000], [21,12,0.706620194638], [23,12,0.999991230195], [25,12,0.705766337838], [38,12,-0.000323635902], [43,12,-0.010969388298], [13,13,2.000000000000], [14,13,0.999999453663], [31,13,-0.003932690841], [32,13,-0.001148164945], [33,13,-0.999997791542], [34,13,-0.706963418942], [13,14,0.999999453663], [14,14,2.000000000000], [33,14,0.999999442078], [36,14,0.705023536227], [49,14,-0.005696505824], [50,14,-0.006719855413], [1,15,-0.709906114446], [2,15,-0.009040742551], [3,15,0.710013928554], [6,15,-0.704344550070], [15,15,2.000000000000], [16,15,-0.999985684240], [17,15,0.707470026910], [18,15,-0.001168530632], [3,16,-0.706235780192], [6,16,0.708132793366], [8,16,0.707533098828], [10,16,-0.005447143962], [15,16,-0.999985684240], [16,16,2.000000000000], [17,16,-0.711241558100], [18,16,-0.004182306287], [19,16,0.999996077046], [22,16,0.707791781971], [23,16,-0.002960330640], [24,16,-0.701670249868], [3,17,0.004633647842], [4,17,0.704854124409], [6,17,-0.999990264349], [15,17,0.707470026910], [16,17,-0.711241558100], [17,17,2.000000000000], [18,17,0.705916165852], [31,17,-0.707510388013], [35,17,0.711417283184], [36,17,-0.999996601436], [37,17,0.002268535839], [3,18,-0.705016824393], [6,18,-0.709034731046], [15,18,-0.001168530632], [16,18,-0.004182306287], [17,18,0.705916165852], [18,18,2.000000000000], [32,18,-0.001673114306], [35,18,-0.004432318753], [7,19,-0.001583763430], [8,19,0.709509771327], [10,19,-0.002646111989], [16,19,0.999996077046], [19,19,2.000000000000], [20,19,0.999991343172], [21,19,0.708703922043], [22,19,0.705810282943], [23,19,-0.005761358914], [24,19,-0.703663252043], [7,20,-0.005744703724], [11,20,0.708132189724], [19,20,0.999991343172], [20,20,2.000000000000], [21,20,0.711633368714], [25,20,0.704385967602], [26,20,-0.005649777159], [27,20,-0.003792881415], [7,21,-0.706627559237], [12,21,0.706620194638], [19,21,0.708703922043], [20,21,0.711633368714], [21,21,2.000000000000], [23,21,0.709577413236], [25,21,-0.002581778781], [38,21,0.707364308406], [43,21,-0.715301651697], [8,22,0.001572292668], [10,22,-0.710266079582], [16,22,0.707791781971], [19,22,0.705810282943], [22,22,2.000000000000], [23,22,0.704322723085], [24,22,0.006689902850], [38,22,0.707152843025], [39,22,0.703169469013], [40,22,-0.709114067855], [41,22,-0.005429935105], [42,22,-0.708975846365], [8,23,-0.708771641750], [10,23,-0.999964657131], [12,23,0.999991230195], [16,23,-0.002960330640], [19,23,-0.005761358914], [21,23,0.709577413236], [22,23,0.704322723085], [23,23,2.000000000000], [24,23,0.714575885801], [25,23,0.702793166136], [38,23,0.003864389181], [43,23,-0.015157062588], [8,24,-0.999965867839], [10,24,-0.708669162494], [16,24,-0.701670249868], [19,24,-0.703663252043], [22,24,0.006689902850], [23,24,0.714575885801], [24,24,2.000000000000], [26,24,0.711580473101], [28,24,0.009229189886], [39,24,0.706302244240], [43,24,0.710308444090], [44,24,-0.001317498820], [45,24,-0.708952427210], [46,24,-0.712090329773], [11,25,-0.002389243973], [12,25,0.705766337838], [20,25,0.704385967602], [21,25,-0.002581778781], [23,25,0.702793166136], [25,25,2.000000000000], [26,25,0.705826213129], [27,25,0.707140407485], [38,25,-0.708673062520], [43,25,0.700660239324], [11,26,-0.710069403448], [20,26,-0.005649777159], [24,26,0.711580473101], [25,26,0.705826213129], [26,26,2.000000000000], [27,26,0.999998275931], [28,26,0.709141991986], [39,26,0.005209775820], [43,26,0.010884873251], [44,26,-0.703541501168], [45,26,-0.999993030929], [46,26,-0.999999736510], [11,27,-0.708760666084], [20,27,-0.003792881415], [25,27,0.707140407485], [26,27,0.999998275931], [27,27,2.000000000000], [45,27,0.999998239435], [47,27,0.706493837357], [59,27,-0.004309996136], [64,27,-0.004819809588], [24,28,0.009229189886], [26,28,0.709141991986], [28,28,2.000000000000], [29,28,0.712810468291], [30,28,0.709408650853], [39,28,-0.701361656433], [43,28,-0.697305005471], [44,28,-0.999968701702], [45,28,-0.711769324939], [46,28,-0.708629974379], [28,29,0.712810468291], [29,29,2.000000000000], [30,29,0.999988294671], [47,29,-0.708867654690], [48,29,-0.999953122764], [28,30,0.709408650853], [29,30,0.999988294671], [30,30,2.000000000000], [48,30,0.999988266565], [64,30,0.006298427058], [4,31,0.002609732523], [13,31,-0.003932690841], [17,31,-0.707510388013], [31,31,2.000000000000], [32,31,0.999996123183], [33,31,0.006034310857], [34,31,0.710024913727], [35,31,-0.999984633435], [36,31,0.705665518582], [37,31,-0.708306138088], [13,32,-0.001148164945], [18,32,-0.001673114306], [31,32,0.999996123183], [32,32,2.000000000000], [33,32,0.003249805978], [34,32,0.708061358808], [35,32,0.999996193360], [13,33,-0.999997791542], [14,33,0.999999442078], [31,33,0.006034310857], [32,33,0.003249805978], [33,33,2.000000000000], [34,33,0.708448246277], [36,33,0.704274006791], [49,33,-0.006752820938], [50,33,-0.007776163245], [13,34,-0.706963418942], [31,34,0.710024913727], [32,34,0.708061358808], [33,34,0.708448246277], [34,34,2.000000000000], [49,34,0.710530698704], [51,34,-0.711971697140], [52,34,0.001413648157], [53,34,-0.999995262044], [54,34,-0.704854625293], [4,35,0.002934014265], [17,35,0.711417283184], [18,35,-0.004432318753], [31,35,-0.999984633435], [32,35,0.999996193360], [35,35,2.000000000000], [36,35,-0.709582654578], [37,35,0.704381908119], [4,36,-0.706701100999], [14,36,0.705023536227], [17,36,-0.999996601436], [31,36,0.705665518582], [33,36,0.704274006791], [35,36,-0.709582654578], [36,36,2.000000000000], [37,36,0.000338592992], [49,36,0.705156229244], [50,36,0.704430238066], [4,37,-0.707751472245], [17,37,0.002268535839], [31,37,-0.708306138088], [35,37,0.704381908119], [36,37,0.000338592992], [37,37,2.000000000000], [50,37,0.709534675351], [51,37,0.710257714335], [55,37,-0.713441877413], [56,37,-0.999990198081], [57,37,-0.708558441849], [12,38,-0.000323635902], [21,38,0.707364308406], [22,38,0.707152843025], [23,38,0.003864389181], [25,38,-0.708673062520], [38,38,2.000000000000], [39,38,0.999984219330], [40,38,-0.002907915845], [41,38,0.703210498666], [42,38,-0.002711903163], [43,38,-0.999936231995], [22,39,0.703169469013], [24,39,0.706302244240], [26,39,0.005209775820], [28,39,-0.701361656433], [38,39,0.999984219330], [39,39,2.000000000000], [40,39,0.002710032128], [41,39,0.707193644062], [42,39,0.002906044811], [43,39,0.999983895592], [44,39,0.706979237011], [45,39,-0.001476414651], [46,39,-0.005935698020], [22,40,-0.709114067855], [38,40,-0.002907915845], [39,40,0.002710032128], [40,40,2.000000000000], [41,40,0.708933828857], [42,40,0.999999980789], [58,40,0.004239850751], [59,40,0.004952836464], [60,40,-0.708861806306], [61,40,-0.999999922515], [22,41,-0.005429935105], [38,41,0.703210498666], [39,41,0.707193644062], [40,41,0.708933828857], [41,41,2.000000000000], [42,41,0.709072058627], [44,41,0.000057508237], [58,41,0.702262887695], [62,41,-0.005437254763], [63,41,-0.999975052180], [22,42,-0.708975846365], [38,42,-0.002711903163], [39,42,0.002906044811], [40,42,0.999999980789], [41,42,0.709072058627], [42,42,2.000000000000], [56,42,0.703954979601], [61,42,0.999999980468], [62,42,0.708981008485], [72,42,-0.003626478048], [75,42,0.002823642207], [76,42,0.001320915857], [12,43,-0.010969388298], [21,43,-0.715301651697], [23,43,-0.015157062588], [24,43,0.710308444090], [25,43,0.700660239324], [26,43,0.010884873251], [28,43,-0.697305005471], [38,43,-0.999936231995], [39,43,0.999983895592], [43,43,2.000000000000], [44,43,0.702954114149], [45,43,-0.007151643038], [46,43,-0.011610760801], [24,44,-0.001317498820], [26,44,-0.703541501168], [28,44,-0.999968701702], [39,44,0.706979237011], [41,44,0.000057508237], [43,44,0.702954114149], [44,44,2.000000000000], [45,44,0.706189737042], [46,44,0.703025428173], [58,44,-0.711877330475], [62,44,-0.999985529054], [63,44,0.007006133733], [24,45,-0.708952427210], [26,45,-0.999993030929], [27,45,0.999998239435], [28,45,-0.711769324939], [39,45,-0.001476414651], [43,45,-0.007151643038], [44,45,0.706189737042], [45,45,2.000000000000], [46,45,0.999990057259], [47,45,0.707820604812], [59,45,-0.006186437510], [64,45,-0.002943356506], [24,46,-0.712090329773], [26,46,-0.999999736510], [28,46,-0.708629974379], [39,46,-0.005935698020], [43,46,-0.011610760801], [44,46,0.703025428173], [45,46,0.999990057259], [46,46,2.000000000000], [63,46,0.706221767357], [76,46,0.001708766902], [77,46,0.003210901725], [82,46,-0.704520069425], [83,46,-0.999984336548], [27,47,0.706493837357], [29,47,-0.708867654690], [45,47,0.707820604812], [47,47,2.000000000000], [48,47,0.702004902250], [59,47,-0.710757606514], [64,47,0.704305807979], [29,48,-0.999953122764], [30,48,0.999988266565], [47,48,0.702004902250], [48,48,2.000000000000], [64,48,0.011142504404], [14,49,-0.005696505824], [33,49,-0.006752820938], [34,49,0.710530698704], [36,49,0.705156229244], [49,49,2.000000000000], [50,49,0.999999476358], [51,49,-0.999997898819], [52,49,0.704669940987], [53,49,-0.708361241384], [54,49,-0.001673970619], [14,50,-0.006719855413], [33,50,-0.007776163245], [36,50,0.704430238066], [37,50,0.709534675351], [49,50,0.999999476358], [50,50,2.000000000000], [51,50,0.999999473049], [55,50,-0.012438960261], [56,50,-0.712647727652], [57,50,-0.005494526306], [34,51,-0.711971697140], [37,51,0.710257714335], [49,51,-0.999997898819], [50,51,0.999999473049], [51,51,2.000000000000], [52,51,-0.703213937611], [53,51,0.709806721273], [54,51,0.003723929657], [55,51,-0.013465471609], [56,51,-0.713367532805], [57,51,-0.006521105241], [34,52,0.001413648157], [49,52,0.704669940987], [51,52,-0.703213937611], [52,52,2.000000000000], [53,52,0.001664648618], [54,52,0.708354661409], [65,52,0.709310669676], [66,52,-0.704865220722], [67,52,0.001910679553], [34,53,-0.999995262044], [49,53,-0.708361241384], [51,53,0.709806721273], [52,53,0.001664648618], [53,53,2.000000000000], [54,53,0.707034878471], [55,53,0.713890511500], [60,53,0.002909694714], [72,53,-0.704097240069], [73,53,-0.704382933008], [74,53,-0.704066377172], [34,54,-0.704854625293], [49,54,-0.001673970619], [51,54,0.003723929657], [52,54,0.708354661409], [53,54,0.707034878471], [54,54,2.000000000000], [67,54,0.704501967644], [69,54,0.999998727678], [85,54,0.003895954259], [88,54,-0.999998491625], [89,54,-0.705268069338], [37,55,-0.713441877413], [50,55,-0.012438960261], [51,55,-0.013465471609], [53,55,0.713890511500], [55,55,2.000000000000], [56,55,0.710332393327], [57,55,0.999975885480], [60,55,0.702331575830], [72,55,-0.005393105930], [73,55,-0.005795505657], [74,55,-0.999902967294], [37,56,-0.999990198081], [42,56,0.703954979601], [50,56,-0.712647727652], [51,56,-0.713367532805], [55,56,0.710332393327], [56,56,2.000000000000], [57,56,0.705427143317], [61,56,0.704095344190], [62,56,-0.001793361523], [72,56,0.707687048755], [75,56,-0.708254048014], [76,56,-0.709314111466], [37,57,-0.708558441849], [50,57,-0.005494526306], [51,57,-0.006521105241], [55,57,0.999975885480], [56,57,0.705427143317], [57,57,2.000000000000], [70,57,0.708310511707], [74,57,0.999975597151], [86,57,0.002337916335], [90,57,-0.003897715349], [91,57,-0.706763852342], [40,58,0.004239850751], [41,58,0.702262887695], [44,58,-0.711877330475], [58,58,2.000000000000], [59,58,0.999999745820], [60,58,-0.708346517730], [61,58,-0.003846192634], [62,58,0.708088811769], [63,58,-0.707274098623], [27,59,-0.004309996136], [40,59,0.004952836464], [45,59,-0.006186437510], [47,59,-0.710757606514], [58,59,0.999999745820], [59,59,2.000000000000], [60,59,-0.708849614533], [61,59,-0.004559179582], [64,59,-0.999958323321], [40,60,-0.708861806306], [53,60,0.002909694714], [55,60,0.702331575830], [58,60,-0.708346517730], [59,60,-0.708849614533], [60,60,2.000000000000], [61,60,0.708584083391], [72,60,0.708051853459], [73,60,0.707767632921], [74,60,-0.712179780079], [40,61,-0.999999922515], [42,61,0.999999980468], [56,61,0.704095344190], [58,61,-0.003846192634], [59,61,-0.004559179582], [60,61,0.708584083391], [61,61,2.000000000000], [62,61,0.708841607902], [72,61,-0.003428831396], [75,61,0.002625995059], [76,61,0.001123268124], [41,62,-0.005437254763], [42,62,0.708981008485], [44,62,-0.999985529054], [56,62,-0.001793361523], [58,62,0.708088811769], [61,62,0.708841607902], [62,62,2.000000000000], [63,62,-0.001626417016], [72,62,-0.707794039624], [75,62,0.707226670240], [76,62,0.706163461930], [41,63,-0.999975052180], [44,63,0.007006133733], [46,63,0.706221767357], [58,63,-0.707274098623], [62,63,-0.001626417016], [63,63,2.000000000000], [76,63,0.709196423472], [77,63,0.710254647746], [82,63,0.004902301215], [83,63,-0.702248065801], [27,64,-0.004819809588], [30,64,0.006298427058], [45,64,-0.002943356506], [47,64,0.704305807979], [48,64,0.011142504404], [59,64,-0.999958323321], [64,64,2.000000000000], [52,65,0.709310669676], [65,65,2.000000000000], [66,65,0.000043395358], [67,65,0.706249980887], [68,65,0.711622665083], [69,65,0.006483125461], [70,65,-0.704418546688], [71,65,0.004819569425], [52,66,-0.704865220722], [65,66,0.000043395358], [66,66,2.000000000000], [67,66,0.707993191862], [68,66,0.702530989188], [85,66,-0.008827221241], [86,66,-0.004472062129], [87,66,-0.711170061169], [52,67,0.001910679553], [54,67,0.704501967644], [65,67,0.706249980887], [66,67,0.707993191862], [67,67,2.000000000000], [69,67,0.703368959011], [85,67,0.712441355697], [88,67,-0.705733571300], [89,67,-0.999999416747], [65,68,0.711622665083], [66,68,0.702530989188], [68,68,2.000000000000], [69,68,0.707160645173], [70,68,-0.002612442318], [71,68,0.705983426119], [85,68,0.705424029378], [86,68,0.708504273774], [87,68,0.000687404596], [54,69,0.999998727678], [65,69,0.006483125461], [67,69,0.703368959011], [68,69,0.707160645173], [69,69,2.000000000000], [70,69,0.705203083930], [71,69,0.999998616246], [85,69,0.002300767617], [88,69,-0.999994448647], [89,69,-0.704136274168], [57,70,0.708310511707], [65,70,-0.704418546688], [68,70,-0.002612442318], [69,70,0.705203083930], [70,70,2.000000000000], [71,70,0.706381596688], [74,70,0.703361756703], [86,70,0.707555039557], [90,70,-0.708656428663], [91,70,-0.001218926892], [65,71,0.004819569425], [68,71,0.705983426119], [69,71,0.999998616246], [70,71,0.706381596688], [71,71,2.000000000000], [87,71,0.707742890869], [88,71,0.999998608069], [91,71,0.708691724404], [102,71,0.001626936922], [103,71,0.003110820196], [42,72,-0.003626478048], [53,72,-0.704097240069], [55,72,-0.005393105930], [56,72,0.707687048755], [60,72,0.708051853459], [61,72,-0.003428831396], [62,72,-0.707794039624], [72,72,2.000000000000], [73,72,0.999999919035], [74,72,-0.008537613071], [75,72,-0.999999677724], [76,72,-0.999997342175], [53,73,-0.704382933008], [55,73,-0.005795505657], [60,73,0.707767632921], [72,73,0.999999919035], [73,73,2.000000000000], [74,73,-0.008135221031], [75,73,0.999999919826], [77,73,-0.999994201961], [78,73,0.711289487725], [79,73,0.006887174306], [80,73,-0.705246192122], [81,73,0.001083664332], [53,74,-0.704066377172], [55,74,-0.999902967294], [57,74,0.999975597151], [60,74,-0.712179780079], [70,74,0.703361756703], [72,74,-0.008537613071], [73,74,-0.008135221031], [74,74,2.000000000000], [86,74,-0.004648186560], [90,74,0.003088391635], [91,74,-0.711688893742], [42,75,0.002823642207], [56,75,-0.708254048014], [61,75,0.002625995059], [62,75,0.707226670240], [72,75,-0.999999677724], [73,75,0.999999919826], [75,75,2.000000000000], [76,75,0.999998870902], [77,75,-0.999995485384], [78,75,0.711007965965], [79,75,0.006486749249], [80,75,-0.705530028266], [81,75,0.000683230479], [42,76,0.001320915857], [46,76,0.001708766902], [56,76,-0.709314111466], [61,76,0.001123268124], [62,76,0.706163461930], [63,76,0.709196423472], [72,76,-0.999997342175], [75,76,0.999998870902], [76,76,2.000000000000], [77,76,0.999998871789], [82,76,0.708479168088], [83,76,0.003888274011], [46,77,0.003210901725], [63,77,0.710254647746], [73,77,-0.999994201961], [75,77,-0.999995485384], [76,77,0.999998871789], [77,77,2.000000000000], [78,77,-0.708891783394], [79,77,-0.003481918479], [80,77,0.707656330666], [81,77,0.002321636609], [82,77,0.707418261664], [83,77,0.002386142034], [73,78,0.711289487725], [75,78,0.711007965965], [77,78,-0.708891783394], [78,78,2.000000000000], [79,78,0.707781289387], [80,78,-0.003305047956], [81,78,0.703669571600], [92,78,0.704013281614], [93,78,0.707126214950], [94,78,-0.701599976251], [95,78,0.002139012873], [73,79,0.006887174306], [75,79,0.006486749249], [77,79,-0.003481918479], [78,79,0.707781289387], [79,79,2.000000000000], [80,79,0.704088519547], [81,79,0.999983159369], [82,79,0.709254051640], [90,79,-0.001840313492], [92,79,0.003410993970], [96,79,0.005337618927], [73,80,-0.705246192122], [75,80,-0.705530028266], [77,80,0.707656330666], [78,80,-0.003305047956], [79,80,0.704088519547], [80,80,2.000000000000], [81,80,0.708197820948], [93,80,0.709420571051], [96,80,0.706343942228], [97,80,-0.000998772122], [98,80,-0.701530912214], [99,80,-0.999995468338], [73,81,0.001083664332], [75,81,0.000683230479], [77,81,0.002321636609], [78,81,0.703669571600], [79,81,0.999983159369], [80,81,0.708197820948], [81,81,2.000000000000], [95,81,0.709020579566], [97,81,0.706721031487], [104,81,0.009695696308], [106,81,-0.001568361837], [46,82,-0.704520069425], [63,82,0.004902301215], [76,82,0.708479168088], [77,82,0.707418261664], [79,82,0.709254051640], [82,82,2.000000000000], [83,82,0.708481151758], [90,82,-0.706257026276], [92,82,-0.702529607901], [96,82,0.708728655889], [46,83,-0.999984336548], [63,83,-0.702248065801], [76,83,0.003888274011], [77,83,0.002386142034], [82,83,0.708481151758], [83,83,2.000000000000], [98,83,0.999988996926], [100,83,0.711933568708], [105,83,0.000151244541], [107,83,0.001564809454], [84,84,2.000000000000], [100,84,-0.710530079536], [54,85,0.003895954259], [66,85,-0.008827221241], [67,85,0.712441355697], [68,85,0.705424029378], [69,85,0.002300767617], [85,85,2.000000000000], [86,85,0.999990515875], [87,85,0.709270282188], [88,85,-0.005632813848], [89,85,-0.711683035964], [57,86,0.002337916335], [66,86,-0.004472062129], [68,86,0.708504273774], [70,86,0.707555039557], [74,86,-0.004648186560], [85,86,0.999990515875], [86,86,2.000000000000], [87,86,0.706193383548], [90,86,-0.999998783502], [91,86,0.705795255634], [66,87,-0.711170061169], [68,87,0.000687404596], [71,87,0.707742890869], [85,87,0.709270282188], [86,87,0.706193383548], [87,87,2.000000000000], [88,87,0.708920644332], [91,87,0.003143962654], [102,87,-0.705317710720], [103,87,-0.704265019534], [54,88,-0.999998491625], [67,88,-0.705733571300], [69,88,-0.999994448647], [71,88,0.999998608069], [85,88,-0.005632813848], [87,88,0.708920644332], [88,88,2.000000000000], [89,88,0.706498349535], [91,88,0.707513587467], [102,88,-0.000041553554], [103,88,0.001442333519], [54,89,-0.705268069338], [67,89,-0.999999416747], [69,89,-0.704136274168], [85,89,-0.711683035964], [88,89,0.706498349535], [89,89,2.000000000000], [101,89,0.708764988672], [102,89,0.707744046668], [57,90,-0.003897715349], [70,90,-0.708656428663], [74,90,0.003088391635], [79,90,-0.001840313492], [82,90,-0.706257026276], [86,90,-0.999998783502], [90,90,2.000000000000], [91,90,-0.704689405612], [92,90,0.999986211876], [96,90,-0.999993884349], [57,91,-0.706763852342], [70,91,-0.001218926892], [71,91,0.708691724404], [74,91,-0.711688893742], [86,91,0.705795255634], [87,91,0.003143962654], [88,91,0.707513587467], [90,91,-0.704689405612], [91,91,2.000000000000], [102,91,0.706670340417], [103,91,0.707719476210], [78,92,0.704013281614], [79,92,0.003410993970], [82,92,-0.702529607901], [90,92,0.999986211876], [92,92,2.000000000000], [93,92,0.999990351500], [94,92,0.012122842394], [95,92,0.711691074711], [96,92,-0.999961730851], [78,93,0.707126214950], [80,93,0.709420571051], [92,93,0.999990351500], [93,93,2.000000000000], [94,93,0.007730223719], [95,93,0.708598281368], [96,93,0.999990513491], [97,93,0.704076494242], [98,93,0.004577116190], [99,93,-0.707295577165], [78,94,-0.701599976251], [92,94,0.012122842394], [93,94,0.007730223719], [94,94,2.000000000000], [95,94,0.711068668848], [103,94,0.002592095771], [104,94,-0.012604089036], [105,94,-0.007767523981], [78,95,0.002139012873], [81,95,0.709020579566], [92,95,0.711691074711], [93,95,0.708598281368], [94,95,0.711068668848], [95,95,2.000000000000], [97,95,0.002164810066], [104,95,0.712029090307], [106,95,-0.706298922520], [79,96,0.005337618927], [80,96,0.706343942228], [82,96,0.708728655889], [90,96,-0.999993884349], [92,96,-0.999961730851], [93,96,0.999990513491], [96,96,2.000000000000], [97,96,0.707162968364], [98,96,0.008932819584], [99,96,-0.704209679601], [80,97,-0.000998772122], [81,97,0.706721031487], [93,97,0.704076494242], [95,97,0.002164810066], [96,97,0.707162968364], [97,97,2.000000000000], [98,97,0.713339338550], [99,97,0.004009298160], [104,97,-0.700606912837], [106,97,0.706383056136], [80,98,-0.701530912214], [83,98,0.999988996926], [93,98,0.004577116190], [96,98,0.008932819584], [97,98,0.713339338550], [98,98,2.000000000000], [99,98,0.703673155748], [100,98,0.715220015894], [105,98,-0.004539815196], [107,98,0.006255844619], [80,99,-0.999995468338], [93,99,-0.707295577165], [96,99,-0.704209679601], [97,99,0.004009298160], [98,99,0.703673155748], [99,99,2.000000000000], [106,99,0.704991976955], [107,99,0.706107840286], [83,100,0.711933568708], [84,100,-0.710530079536], [98,100,0.715220015894], [100,100,2.000000000000], [105,100,-0.702139134155], [107,100,0.703359998860], [89,101,0.708764988672], [101,101,2.000000000000], [102,101,0.999998954279], [71,102,0.001626936922], [87,102,-0.705317710720], [88,102,-0.000041553554], [89,102,0.707744046668], [91,102,0.706670340417], [101,102,0.999998954279], [102,102,2.000000000000], [103,102,0.999998899039], [71,103,0.003110820196], [87,103,-0.704265019534], [88,103,0.001442333519], [91,103,0.707719476210], [94,103,0.002592095771], [102,103,0.999998899039], [103,103,2.000000000000], [104,103,-0.999949877102], [105,103,-0.999986607112], [81,104,0.009695696308], [94,104,-0.012604089036], [95,104,0.712029090307], [97,104,-0.700606912837], [103,104,-0.999949877102], [104,104,2.000000000000], [105,104,0.999988302606], [106,104,-0.999966972170], [83,105,0.000151244541], [94,105,-0.007767523981], [98,105,-0.004539815196], [100,105,-0.702139134155], [103,105,-0.999986607112], [104,105,0.999988302606], [105,105,2.000000000000], [107,105,-0.999998527579], [81,106,-0.001568361837], [95,106,-0.706298922520], [97,106,0.706383056136], [99,106,0.704991976955], [104,106,-0.999966972170], [106,106,2.000000000000], [107,106,0.999998760301], [83,107,0.001564809454], [98,107,0.006255844619], [99,107,0.706107840286], [100,107,0.703359998860], [105,107,-0.999998527579], [106,107,0.999998760301], [107,107,2.000000000000], ]
},
"Minv": {
"shape": [147, 147],
"data": [[0,0,1.000000000000], [1,1,1.000000000000], [2,2,2.000000000000], [3,3,1.000000000000], [4,4,1.000000000000], [5,5,2.000000000000], [6,6,1.000000000000], [7,7,1.000000000000], [8,8,2.000000000000], [9,9,1.000000000000], [10,10,1.000000000000], [11,11,2.000000000000], [12,12,1.000000000000], [13,13,1.000000000000], [14,14,2.000000000000], [15,15,1.000000000000], [16,16,1.000000000000], [17,17,2.000000000000], [18,18,1.000000000000], [19,19,1.000000000000], [20,20,2.000000000000], [21,21,1.000000000000], [22,22,1.000000000000], [23,23,2.000000000000], [24,24,1.000000000000], [25,25,1.000000000000], [26,26,2.000000000000], [27,27,1.000000000000], [28,28,1.000000000000], [29,29,2.000000000000], [30,30,1.000000000000], [31,31,1.000000000000], [32,32,2.000000000000], [33,33,1.000000000000], [34,34,1.000000000000], [35,35,2.000000000000], [36,36,1.000000000000], [37,37,1.000000000000], [38,38,2.000000000000], [39,39,1.000000000000], [40,40,1.000000000000], [41,41,2.000000000000], [42,42,1.000000000000], [43,43,1.000000000000], [44,44,2.000000000000], [45,45,1.000000000000], [46,46,1.000000000000], [47,47,2.000000000000], [48,48,1.000000000000], [49,49,1.000000000000], [50,50,2.000000000000], [51,51,1.000000000000], [52,52,1.000000000000], [53,53,2.000000000000], [54,54,1.000000000000], [55,55,1.000000000000], [56,56,2.000000000000], [57,57,1.000000000000], [58,58,1.000000000000], [59,59,2.000000000000], [60,60,1.000000000000], [61,61,1.000000000000], [62,62,2.000000000000], [63,63,1.000000000000], [64,64,1.000000000000], [65,65,2.000000000000], [66,66,1.000000000000], [67,67,1.000000000000], [68,68,2.000000000000], [69,69,1.000000000000], [70,70,1.000000000000], [71,71,2.000000000000], [72,72,1.000000000000], [73,73,1.000000000000], [74,74,2.000000000000], [75,75,1.000000000000], [76,76,1.000000000000], [77,77,2.000000000000], [78,78,1.000000000000], [79,79,1.000000000000], [80,80,2.000000000000], [81,81,1.000000000000], [82,82,1.000000000000], [83,83,2.000000000000], [84,84,1.000000000000], [85,85,1.000000000000], [86,86,2.000000000000], [87,87,1.000000000000], [88,88,1.000000000000], [89,89,2.000000000000], [90,90,1.000000000000], [91,91,1.000000000000], [92,92,2.000000000000], [93,93,1.000000000000], [94,94,1.000000000000], [95,95,2.000000000000], [96,96,1.000000000000], [97,97,1.000000000000], [98,98,2.000000000000], [99,99,1.000000000000], [100,100,1.000000000000], [101,101,2.000000000000], [102,102,1.000000000000], [103,103,1.000000000000], [104,104,2.000000000000], [105,105,1.000000000000], [106,106,1.000000000000], [107,107,2.000000000000], [108,108,1.000000000000], [109,109,1.000000000000], [110,110,2.000000000000], [111,111,1.000000000000], [112,112,1.000000000000], [113,113,2.000000000000], [114,114,1.000000000000], [115,115,1.000000000000], [116,116,2.000000000000], [117,117,1.000000000000], [118,118,1.000000000000], [119,119,2.000000000000], [120,120,1.000000000000], [121,121,1.000000000000], [122,122,2.000000000000], [123,123,1.000000000000], [124,124,1.000000000000], [125,125,2.000000000000], [126,126,1.000000000000], [127,127,1.000000000000], [128,128,2.000000000000], [129,129,1.000000000000], [130,130,1.000000000000], [131,131,2.000000000000], [132,132,1.000000000000], [133,133,1.000000000000], [134,134,2.000000000000], [135,135,1.000000000000], [136,136,1.000000000000], [137,137,2.000000000000], [138,138,1.000000000000], [139,139,1.000000000000], [140,140,2.000000000000], [141,141,1.000000000000], [142,142,1.000000000000], [143,143,2.000000000000], [144,144,1.000000000000], [145,145,1.000000000000], [146,146,2.000000000000], ]
},
"v0": {
"shape": [147, 1],
