{
"N": {
"shape": [147, 114],
"data": [[0,0,0.002176789212], [1,0,-0.999997630792], [6,0,-0.002176789212], [7,0,0.999997630792], [0,1,-0.999993678593], [1,1,-0.003555667860], [42,1,0.999993678593], [43,1,0.003555667860], [3,2,0.002594994783], [4,2,-0.999996632995], [6,2,-0.002594994783], [7,2,0.999996632995], [3,3,0.000968907243], [4,3,-0.999999530609], [9,3,-0.000968907243], [10,3,0.999999530609], [3,4,-0.999992287053], [4,4,-0.003927573549], [24,4,0.999992287053], [25,4,0.003927573549], [3,5,-0.708517584519], [4,5,-0.705693157419], [27,5,0.708517584519], [28,5,0.705693157419], [6,6,-0.708713099365], [7,6,0.705496805654], [24,6,0.708713099365], [25,6,-0.705496805654], [9,7,-0.002328919928], [10,7,-0.999997288062], [15,7,0.002328919928], [16,7,0.999997288062], [9,8,-0.709941202936], [10,8,-0.704260951902], [33,8,0.709941202936], [34,8,0.704260951902], [9,9,-0.999999796167], [10,9,0.000638488014], [51,9,0.999999796167], [52,9,-0.000638488014], [12,10,-0.007586398504], [13,10,-0.999971222865], [15,10,0.007586398504], [16,10,0.999971222865], [12,11,-0.999999999879], [13,11,0.000015533139], [33,11,0.999999999879], [34,11,-0.000015533139], [12,12,-0.708444931434], [13,12,-0.705766093777], [36,12,0.708444931434], [37,12,0.705766093777], [12,13,-0.999999733773], [13,13,-0.000729694974], [54,13,0.999999733773], [55,13,0.000729694974], [15,14,-0.705584629887], [16,14,0.708625662863], [33,14,0.705584629887], [34,14,-0.708625662863], [15,15,-0.999996676563], [16,15,-0.002578151224], [57,15,0.999996676563], [58,15,0.002578151224], [18,16,-0.999999260540], [19,16,-0.001216107972], [39,16,0.999999260540], [40,16,0.001216107972], [21,17,-0.001237002321], [22,17,-0.999999234912], [27,17,0.001237002321], [28,17,0.999999234912], [21,18,-0.999998766469], [22,18,-0.001570687741], [42,18,0.999998766469], [43,18,0.001570687741], [24,19,-0.004644997757], [25,19,-0.999989211940], [27,19,0.004644997757], [28,19,0.999989211940], [24,20,0.002227339408], [25,20,-0.999997519477], [30,20,-0.002227339408], [31,20,0.999997519477], [27,21,-0.707329770598], [28,21,0.706883721432], [45,21,0.707329770598], [46,21,-0.706883721432], [27,22,-0.705123882269], [28,22,-0.709084135102], [51,22,0.705123882269], [52,22,0.709084135102], [27,23,-0.999995561085], [28,23,-0.002979565548], [69,23,0.999995561085], [70,23,0.002979565548], [30,24,-0.706133476842], [31,24,0.708078747656], [48,24,0.706133476842], [49,24,-0.708078747656], [30,25,-0.999999861977], [31,25,0.000525400647], [51,25,0.999999861977], [52,25,-0.000525400647], [30,26,-0.999997456716], [31,26,0.002255340841], [72,26,0.999997456716], [73,26,-0.002255340841], [33,27,-0.000601480312], [34,27,-0.999999819111], [36,27,0.000601480312], [37,27,0.999999819111], [33,28,-0.707995121319], [34,28,0.706217323625], [51,28,0.707995121319], [52,28,-0.706217323625], [33,29,-0.703433925939], [34,29,-0.710760657211], [57,29,0.703433925939], [58,29,0.710760657211], [33,30,-0.999991275647], [34,30,-0.004177155672], [75,30,0.999991275647], [76,30,0.004177155672], [36,31,-0.703863268386], [37,31,0.710335483710], [54,31,0.703863268386], [55,31,-0.710335483710], [36,32,-0.999987274047], [37,32,-0.005044972143], [57,32,0.999987274047], [58,32,0.005044972143], [36,33,-0.705285481665], [37,33,-0.708923401611], [60,33,0.705285481665], [61,33,0.708923401611], [36,34,-0.999999851712], [37,34,0.000544587082], [78,34,0.999999851712], [79,34,-0.000544587082], [39,35,-0.999999853701], [40,35,0.000540923135], [81,35,0.999999853701], [82,35,-0.000540923135], [42,36,-0.999999714498], [43,36,-0.000755648098], [63,36,0.999999714498], [64,36,0.000755648098], [42,37,-0.999999859715], [43,37,-0.000529689001], [84,37,0.999999859715], [85,37,0.000529689001], [45,38,0.000973109828], [46,38,-0.999999526529], [51,38,-0.000973109828], [52,38,0.999999526529], [48,39,-0.005074304905], [49,39,-0.999987125632], [51,39,0.005074304905], [52,39,0.999987125632], [48,40,0.000449210996], [49,40,-0.999999899105], [54,40,-0.000449210996], [55,40,0.999999899105], [48,41,-0.708835205808], [49,41,0.705374121305], [66,41,0.708835205808], [67,41,-0.705374121305], [48,42,-0.999978625415], [49,42,-0.006538249969], [69,42,0.999978625415], [70,42,0.006538249969], [48,43,-0.709782343700], [49,43,-0.704421056309], [72,43,0.709782343700], [73,43,0.704421056309], [48,44,-0.999994338593], [49,44,-0.003364934045], [90,44,0.999994338593], [91,44,0.003364934045], [51,45,-0.707501698442], [52,45,0.706711643248], [69,45,0.707501698442], [70,45,-0.706711643248], [54,46,-0.004605304980], [55,46,-0.999989395527], [57,46,0.004605304980], [58,46,0.999989395527], [54,47,-0.002295876316], [55,47,-0.999997364472], [60,47,0.002295876316], [61,47,0.999997364472], [54,48,-0.999976534173], [55,48,-0.006850627957], [75,48,0.999976534173], [76,48,0.006850627957], [54,49,-0.709031960112], [55,49,-0.705176346413], [78,49,0.709031960112], [79,49,0.705176346413], [54,50,-0.999997280309], [55,50,-0.002332246863], [96,50,0.999997280309], [97,50,0.002332246863], [57,51,-0.705558707937], [58,51,0.708651472625], [75,51,0.705558707937], [76,51,-0.708651472625], [60,52,-0.706427717244], [61,52,0.707785193622], [78,52,0.706427717244], [79,52,-0.707785193622], [60,53,-0.999997746790], [61,53,-0.002122831752], [81,53,0.999997746790], [82,53,0.002122831752], [60,54,-0.999999013157], [61,54,0.001404878991], [102,54,0.999999013157], [103,54,-0.001404878991], [63,55,-0.999999954954], [64,55,-0.000300151754], [84,55,0.999999954954], [85,55,0.000300151754], [66,56,-0.002892629020], [67,56,-0.999995816340], [72,56,0.002892629020], [73,56,0.999995816340], [66,57,-0.707524011683], [67,57,0.706689304356], [84,57,0.707524011683], [85,57,-0.706689304356], [66,58,-0.999996453353], [67,58,-0.002663321315], [87,58,0.999996453353], [88,58,0.002663321315], [66,59,-0.706366810994], [67,59,-0.707845977827], [90,59,0.706366810994], [91,59,0.707845977827], [66,60,-0.999999999398], [67,60,-0.000034704097], [108,60,0.999999999398], [109,60,0.000034704097], [69,61,-0.003986701334], [70,61,-0.999992053075], [72,61,0.003986701334], [73,61,0.999992053075], [69,62,0.001891254558], [70,62,-0.999998211576], [75,62,-0.001891254558], [76,62,0.999998211576], [69,63,-0.999999983943], [70,63,-0.000179202539], [90,63,0.999999983943], [91,63,0.000179202539], [69,64,-0.708878123873], [70,64,-0.705330990029], [93,64,0.708878123873], [94,64,0.705330990029], [69,65,-0.999992685952], [70,65,0.003824662355], [111,65,0.999992685952], [112,65,-0.003824662355], [72,66,-0.708013342143], [73,66,0.706199056462], [90,66,0.708013342143], [91,66,-0.706199056462], [75,67,-0.005967911971], [76,67,-0.999982191855], [78,67,0.005967911971], [79,67,0.999982191855], [75,68,-0.704406287498], [76,68,0.709797000651], [93,68,0.704406287498], [94,68,-0.709797000651], [75,69,-0.999997625940], [76,69,0.002179016659], [96,69,0.999997625940], [97,69,-0.002179016659], [75,70,-0.999995765504], [76,70,0.002910150256], [117,70,0.999995765504], [118,70,-0.002910150256], [78,71,-0.706719497609], [79,71,-0.707493852764], [102,71,0.706719497609], [103,71,0.707493852764], [87,72,-0.703442110974], [88,72,0.710752556456], [105,72,0.703442110974], [106,72,-0.710752556456], [87,73,-0.999996554500], [88,73,0.002625069144], [108,73,0.999996554500], [109,73,-0.002625069144], [87,74,-0.708547391020], [88,74,-0.705663230358], [111,74,0.708547391020], [112,74,0.705663230358], [87,75,-0.999997404325], [88,75,0.002278452061], [129,75,0.999997404325], [130,75,-0.002278452061], [90,76,0.001492931898], [91,76,-0.999998885577], [93,76,-0.001492931898], [94,76,0.999998885577], [90,77,0.000593206553], [91,77,-0.999999824053], [96,77,-0.000593206553], [97,77,0.999999824053], [90,78,-0.999969429667], [91,78,0.007819189971], [111,78,0.999969429667], [112,78,-0.007819189971], [90,79,-0.999999981642], [91,79,0.000191613998], [132,79,0.999999981642], [133,79,-0.000191613998], [93,80,-0.000293619178], [94,80,-0.999999956894], [96,80,0.000293619178], [97,80,0.999999956894], [93,81,-0.708021691892], [94,81,0.706190685163], [111,81,0.708021691892], [112,81,-0.706190685163], [93,82,-0.999963938945], [94,82,-0.008492397145], [114,82,0.999963938945], [115,82,0.008492397145], [93,83,-0.708427703517], [94,83,-0.705783386663], [117,83,0.708427703517], [118,83,0.705783386663], [93,84,-0.999994243326], [94,84,-0.003393127738], [135,84,0.999994243326], [136,84,0.003393127738], [96,85,-0.001837714992], [97,85,-0.999998311400], [102,85,0.001837714992], [103,85,0.999998311400], [96,86,-0.708826194959], [97,86,0.705383176253], [114,86,0.708826194959], [115,86,-0.705383176253], [96,87,-0.999993383701], [97,87,0.003637657786], [117,87,0.999993383701], [118,87,-0.003637657786], [99,88,-0.001270686397], [100,88,-0.999999192678], [102,88,0.001270686397], [103,88,0.999999192678], [99,89,-0.707009194507], [100,89,0.707204354401], [117,89,0.707009194507], [118,89,-0.707204354401], [99,90,-0.999996931171], [100,90,0.002477427693], [120,90,0.999996931171], [121,90,-0.002477427693], [99,91,-0.710581306655], [100,91,-0.703615098354], [123,91,0.710581306655], [124,91,0.703615098354], [99,92,-0.999996543539], [100,92,0.002629241192], [141,92,0.999996543539], [142,92,-0.002629241192], [102,93,-0.707245272825], [103,93,0.706968262418], [120,93,0.707245272825], [121,93,-0.706968262418], [108,94,-0.002605891491], [109,94,-0.999996604659], [111,94,0.002605891491], [112,94,0.999996604659], [114,95,-0.003469059416], [115,95,-0.999993982795], [117,95,0.003469059416], [118,95,0.999993982795], [114,96,0.000591797944], [115,96,-0.999999824888], [120,96,-0.000591797944], [121,96,0.999999824888], [114,97,-0.706904332151], [115,97,0.707309172276], [132,97,0.706904332151], [133,97,-0.707309172276], [114,98,-0.999998511845], [115,98,0.001725198147], [135,98,0.999998511845], [136,98,-0.001725198147], [117,99,0.004622709624], [118,99,-0.999989315221], [120,99,-0.004622709624], [121,99,0.999989315221], [117,100,0.000098360823], [118,100,-0.999999995163], [123,100,-0.000098360823], [124,100,0.999999995163], [117,101,-0.707096366251], [118,101,0.707117195968], [135,101,0.707096366251], [136,101,-0.707117195968], [120,102,-0.004450343312], [121,102,-0.999990097173], [123,102,0.004450343312], [124,102,0.999990097173], [120,103,-0.709408359530], [121,103,0.704797686878], [138,103,0.709408359530], [139,103,-0.704797686878], [120,104,-0.999996133494], [121,104,0.002780826627], [141,104,0.999996133494], [142,104,-0.002780826627], [123,105,-0.706119300619], [124,105,0.708092884651], [141,105,0.706119300619], [142,105,-0.708092884651], [123,106,-0.999999099399], [124,106,-0.001342088184], [144,106,0.999999099399], [145,106,0.001342088184], [132,107,0.000934501696], [133,107,-0.999999563353], [135,107,-0.000934501696], [136,107,0.999999563353], [132,108,-0.002021734726], [133,108,-0.999997956292], [138,108,0.002021734726], [139,108,0.999997956292], [135,109,-0.004979651282], [136,109,-0.999987601460], [138,109,0.004979651282], [139,109,0.999987601460], [135,110,-0.000062305909], [136,110,-0.999999998059], [141,110,0.000062305909], [142,110,0.999999998059], [138,111,0.004866699015], [139,111,-0.999988157550], [141,111,-0.004866699015], [142,111,0.999988157550], [138,112,0.003117110924], [139,112,-0.999995141798], [144,112,-0.003117110924], [145,112,0.999995141798], [141,113,0.001374762402], [142,113,-0.999999055014], [144,113,-0.001374762402], [145,113,0.999999055014], ]
},
"Q": {
"shape": [114, 114],
"data": [[0,0,2.000000000000], [1,0,0.001378883984], [2,0,0.999999912552], [6,0,0.707037853214], [0,1,0.001378883984], [1,1,2.000000000000], [18,1,0.999998029914], [36,1,-0.999996079926], [37,1,-0.999995421707], [0,2,0.999999912552], [2,2,2.000000000000], [3,2,0.999998677915], [4,2,0.001332585556], [5,2,0.703852181911], [6,2,0.707333537039], [2,3,0.999998677915], [3,3,2.000000000000], [4,3,0.002958671935], [5,3,0.705006338353], [7,3,-0.999994562165], [8,3,-0.703572754155], [9,3,0.001607394760], [2,4,0.001332585556], [3,4,0.002958671935], [4,4,2.000000000000], [5,4,0.711283781539], [6,4,0.705936742506], [19,4,-0.008572493109], [20,4,-0.001700241578], [2,5,0.703852181911], [3,5,0.705006338353], [4,5,0.711283781539], [5,5,2.000000000000], [17,5,0.706569055398], [19,5,0.708976606950], [21,5,-0.002312575217], [22,5,-0.999988492028], [23,5,-0.710617098489], [0,6,0.707037853214], [2,6,0.707333537039], [4,6,0.705936742506], [6,6,2.000000000000], [19,6,0.702197223955], [20,6,0.707073600267], [3,7,-0.999994562165], [7,7,2.000000000000], [8,7,0.705912438206], [9,7,0.001690433171], [10,7,0.999986179120], [14,7,0.706980491008], [15,7,-0.004907056420], [3,8,-0.703572754155], [7,8,0.705912438206], [8,8,2.000000000000], [9,8,0.709491396050], [11,8,0.709930263467], [14,8,0.001866217045], [27,8,-0.704687840165], [28,8,-0.005273623516], [29,8,-0.999957704588], [30,8,-0.712876816788], [3,9,0.001607394760], [7,9,0.001690433171], [8,9,0.709491396050], [9,9,2.000000000000], [22,9,0.704670996820], [25,9,0.999999993606], [28,9,0.708445888302], [38,9,-0.001611597341], [39,9,0.004435824077], [45,9,-0.707952781143], [7,10,0.999986179120], [10,10,2.000000000000], [11,10,0.007570865811], [12,10,0.711120329419], [13,10,0.008316070459], [14,10,0.703252424466], [15,10,-0.010164450323], [8,11,0.709930263467], [10,11,0.007570865811], [11,11,2.000000000000], [12,11,0.708433968586], [13,11,0.999999722317], [14,11,0.705595636982], [27,11,-0.000585947176], [28,11,-0.708006091005], [29,11,-0.703422885510], [30,11,-0.999991210642], [10,12,0.711120329419], [11,12,0.708433968586], [12,12,2.000000000000], [13,12,0.708959736797], [27,12,0.706192081791], [31,12,0.002682334699], [32,12,-0.711996486079], [33,12,-0.999990024642], [34,12,-0.708060475282], [10,13,0.008316070459], [11,13,0.999999722317], [12,13,0.708959736797], [13,13,2.000000000000], [31,13,0.703344752766], [40,13,0.000280484023], [46,13,-0.005334990990], [47,13,-0.003025568756], [48,13,-0.999981266821], [49,13,-0.709546334984], [50,13,-0.999998715911], [7,14,0.706980491008], [8,14,0.001866217045], [10,14,0.703252424466], [11,14,0.705595636982], [14,14,2.000000000000], [15,14,0.703755340801], [27,14,0.708201139416], [28,14,-0.999994194717], [29,14,0.007331075569], [30,14,-0.702618434411], [7,15,-0.004907056420], [10,15,-0.010164450323], [14,15,0.703755340801], [15,15,2.000000000000], [29,15,0.705264036578], [32,15,0.999996957353], [46,15,0.007183413559], [51,15,-0.703729352396], [16,16,2.000000000000], [35,16,-0.999998456421], [5,17,0.706569055398], [17,17,2.000000000000], [18,17,0.002807687335], [19,17,0.999994192733], [21,17,0.706008212037], [22,17,-0.709955832470], [23,17,-0.004216560098], [1,18,0.999998029914], [17,18,0.002807687335], [18,18,2.000000000000], [36,18,-0.999999667855], [37,18,-0.999999458160], [4,19,-0.008572493109], [5,19,0.708976606950], [6,19,0.702197223955], [17,19,0.999994192733], [19,19,2.000000000000], [20,19,0.999976385456], [21,19,0.703590550330], [22,19,-0.712351784312], [23,19,-0.007624510543], [4,20,-0.001700241578], [6,20,0.707073600267], [19,20,0.999976385456], [20,20,2.000000000000], [24,20,0.709649790171], [25,20,0.002752738444], [26,20,0.004482668990], [5,21,-0.002312575217], [17,21,0.706008212037], [19,21,0.703590550330], [21,21,2.000000000000], [22,21,-0.002484918341], [23,21,0.705220424438], [38,21,0.707571696294], [5,22,-0.999988492028], [9,22,0.704670996820], [17,22,-0.709955832470], [19,22,-0.712351784312], [21,22,-0.002484918341], [22,22,2.000000000000], [23,22,0.707233514944], [25,22,0.704751231683], [28,22,-0.001543231545], [38,22,0.708397636392], [39,22,0.712653019666], [45,22,0.002241670002], [5,23,-0.710617098489], [17,23,-0.004216560098], [19,23,-0.007624510543], [21,23,0.705220424438], [22,23,0.707233514944], [23,23,2.000000000000], [42,23,0.999993667739], [45,23,0.705392864237], [61,23,-0.006966225507], [62,23,-0.001088314057], [63,23,-0.999996078974], [64,23,-0.710976557141], [65,23,-0.999976851237], [20,24,0.709649790171], [24,24,2.000000000000], [25,24,0.706505404411], [26,24,0.707728639862], [39,24,0.704486495025], [40,24,0.708395879137], [41,24,-0.999992692828], [42,24,-0.701488787683], [43,24,-0.002415494784], [44,24,-0.703746840849], [9,25,0.999999993606], [20,25,0.002752738444], [22,25,0.704751231683], [24,25,0.706505404411], [25,25,2.000000000000], [26,25,0.999998503651], [28,25,0.708366070638], [38,25,-0.001498510091], [39,25,0.004548910322], [45,25,-0.707872907545], [20,26,0.004482668990], [24,26,0.707728639862], [25,26,0.999998503651], [26,26,2.000000000000], [43,26,0.708191828944], [56,26,0.000637290258], [61,26,0.001731368277], [66,26,-0.709604261038], [8,27,-0.704687840165], [11,27,-0.000585947176], [12,27,0.706192081791], [14,27,0.708201139416], [27,27,2.000000000000], [28,27,-0.705791350751], [29,27,0.711183630299], [30,27,0.004778629981], [31,27,0.709911995319], [32,27,-0.005646443888], [33,27,-0.709347488706], [34,27,-0.000056893239], [8,28,-0.005273623516], [9,28,0.708445888302], [11,28,-0.708006091005], [14,28,-0.999994194717], [22,28,-0.001543231545], [25,28,0.708366070638], [27,28,-0.705791350751], [28,28,2.000000000000], [29,28,-0.003923701338], [30,28,0.705038964821], [38,28,-0.706905946262], [39,28,-0.702615648407], [45,28,-0.999999756091], [8,29,-0.999957704588], [11,29,-0.703422885510], [14,29,0.007331075569], [15,29,0.705264036578], [27,29,0.711183630299], [28,29,-0.003923701338], [29,29,2.000000000000], [30,29,0.706396746844], [32,29,0.707010741787], [46,29,0.713992647731], [51,29,0.007367654512], [8,30,-0.712876816788], [11,30,-0.999991210642], [14,30,-0.702618434411], [27,30,0.004778629981], [28,30,0.705038964821], [29,30,0.706396746844], [30,30,2.000000000000], [48,30,0.999996426164], [51,30,0.702592404876], [62,30,0.002285910144], [67,30,-0.010144941189], [68,30,-0.701435209442], [69,30,-0.999979799516], [70,30,-0.999974885037], [12,31,0.002682334699], [13,31,0.703344752766], [27,31,0.709911995319], [31,31,2.000000000000], [32,31,0.700270688328], [33,31,-0.007148903127], [34,31,0.704250003540], [40,31,-0.710651595160], [46,31,0.707086445961], [47,31,0.708717628593], [48,31,-0.698980507528], [49,31,0.001850228296], [50,31,-0.702204676392], [12,32,-0.711996486079], [15,32,0.999996957353], [27,32,-0.005646443888], [29,32,0.707010741787], [31,32,0.700270688328], [32,32,2.000000000000], [33,32,0.708853005048], [34,32,0.999984378335], [46,32,0.009650165017], [51,32,-0.701974602092], [12,33,-0.999990024642], [27,33,-0.709347488706], [31,33,-0.007148903127], [32,33,0.708853005048], [33,33,2.000000000000], [34,33,0.704899306553], [47,33,0.710540781458], [52,33,0.003532274254], [53,33,-0.706788817616], [54,33,-0.704288834066], [12,34,-0.708060475282], [27,34,-0.000056893239], [31,34,0.704250003540], [32,34,0.999984378335], [33,34,0.704899306553], [34,34,2.000000000000], [49,34,0.708647825042], [52,34,0.706813063163], [67,34,0.005423333702], [71,34,-0.706334100798], [16,35,-0.999998456421], [35,35,2.000000000000], [53,35,0.999996452203], [1,36,-0.999996079926], [18,36,-0.999999667855], [36,36,2.000000000000], [37,36,0.999999974471], [55,36,-0.999999896262], [1,37,-0.999995421707], [18,37,-0.999999458160], [36,37,0.999999974471], [37,37,2.000000000000], [55,37,0.999999973656], [57,37,0.707149586877], [9,38,-0.001611597341], [21,38,0.707571696294], [22,38,0.708397636392], [25,38,-0.001498510091], [28,38,-0.706905946262], [38,38,2.000000000000], [39,38,0.999981714311], [45,38,0.707399785496], [9,39,0.004435824077], [22,39,0.712653019666], [24,39,0.704486495025], [25,39,0.004548910322], [28,39,-0.702615648407], [38,39,0.999981714311], [39,39,2.000000000000], [40,39,0.999984745304], [41,39,-0.701768194097], [42,39,0.011612362236], [43,39,0.708013639361], [44,39,0.008439166901], [45,39,0.703112465444], [13,40,0.000280484023], [24,40,0.708395879137], [31,40,-0.710651595160], [39,40,0.999984745304], [40,40,2.000000000000], [41,40,-0.705692466705], [42,40,0.006089047915], [43,40,0.704102143203], [44,40,0.002915725253], [46,40,-0.999987225879], [47,40,-0.999996232245], [48,40,-0.006401426811], [49,40,-0.704857770311], [50,40,-0.001883036853], [24,41,-0.999992692828], [39,41,-0.701768194097], [40,41,-0.705692466705], [41,41,2.000000000000], [42,41,0.704208142424], [43,41,0.006238330053], [44,41,0.706457655409], [56,41,0.703320772972], [57,41,-0.999998275532], [58,41,-0.706954053888], [59,41,-0.001401429218], [60,41,-0.708810726010], [23,42,0.999993667739], [24,42,-0.701488787683], [39,42,0.011612362236], [40,42,0.006089047915], [41,42,0.704208142424], [42,42,2.000000000000], [43,42,0.714372853347], [44,42,0.999994964910], [45,42,0.702865918507], [61,42,-0.010524814130], [62,42,-0.004647024143], [63,42,-0.999979781030], [64,42,-0.713474602221], [65,42,-0.999946304925], [24,43,-0.002415494784], [26,43,0.708191828944], [39,43,0.708013639361], [40,43,0.704102143203], [41,43,0.006238330053], [42,43,0.714372853347], [43,43,2.000000000000], [44,43,0.712148655728], [56,43,0.706471246256], [61,43,0.707245148544], [66,43,-0.005073884040], [24,44,-0.703746840849], [39,44,0.008439166901], [40,44,0.002915725253], [41,44,0.706457655409], [42,44,0.999994964910], [43,44,0.712148655728], [44,44,2.000000000000], [59,44,0.708744666994], [63,44,0.999994925541], [66,44,0.705633020544], [76,44,-0.001872006850], [77,44,-0.002771730258], [78,44,-0.999937457375], [79,44,-0.999993675467], [9,45,-0.707952781143], [22,45,0.002241670002], [23,45,0.705392864237], [25,45,-0.707872907545], [28,45,-0.999999756091], [38,45,0.707399785496], [39,45,0.703112465444], [42,45,0.702865918507], [45,45,2.000000000000], [61,45,0.703885429098], [62,45,0.708048445160], [63,45,-0.707375042561], [64,45,-0.003066853631], [65,45,-0.710199457158], [13,46,-0.005334990990], [15,46,0.007183413559], [29,46,0.713992647731], [31,46,0.707086445961], [32,46,0.009650165017], [40,46,-0.999987225879], [46,46,2.000000000000], [47,46,0.999997333238], [48,46,0.011455752223], [49,46,0.708434176806], [50,46,0.006937514586], [51,46,0.705394644718], [13,47,-0.003025568756], [31,47,0.708717628593], [33,47,0.710540781458], [40,47,-0.999996232245], [46,47,0.999997333238], [47,47,2.000000000000], [48,47,0.009146432344], [49,47,0.706802337586], [50,47,0.004628110788], [52,47,0.706161457569], [53,47,-0.004418697301], [54,47,-0.000890998762], [13,48,-0.999981266821], [30,48,0.999996426164], [31,48,-0.698980507528], [40,48,-0.006401426811], [46,48,0.011455752223], [47,48,0.009146432344], [48,48,2.000000000000], [49,48,0.713846222884], [50,48,0.999989791901], [51,48,0.700687443828], [62,48,0.004959405528], [67,48,-0.012818277889], [68,48,-0.699527202845], [69,48,-0.999959232537], [70,48,-0.999952363419], [13,49,-0.709546334984], [31,49,0.001850228296], [34,49,0.708647825042], [40,49,-0.704857770311], [46,49,0.708434176806], [47,49,0.706802337586], [48,49,0.713846222884], [49,49,2.000000000000], [50,49,0.710674677085], [52,49,0.001766452151], [67,49,0.709395228853], [71,49,-0.999994640841], [13,50,-0.999998715911], [31,50,-0.702204676392], [40,50,-0.001883036853], [46,50,0.006937514586], [47,50,0.004628110788], [48,50,0.999989791901], [49,50,0.710674677085], [50,50,2.000000000000], [69,50,0.999989824251], [77,50,0.001739041512], [80,50,0.002625865141], [85,50,-0.004169952918], [86,50,-0.707179139471], [87,50,-0.999982180112], [15,51,-0.703729352396], [29,51,0.007367654512], [30,51,0.702592404876], [32,51,-0.701974602092], [46,51,0.705394644718], [48,51,0.700687443828], [51,51,2.000000000000], [62,51,-0.709984596379], [67,51,0.704428140598], [68,51,-0.999998679846], [69,51,-0.707101196263], [70,51,-0.707618002516], [33,52,0.003532274254], [34,52,0.706813063163], [47,52,0.706161457569], [49,52,0.001766452151], [52,52,2.000000000000], [53,52,0.704923616631], [54,52,0.707421372659], [67,52,-0.703556690850], [71,52,0.001507432137], [33,53,-0.706788817616], [35,53,0.999996452203], [47,53,-0.004418697301], [52,53,0.704923616631], [53,53,2.000000000000], [54,53,0.999993777628], [33,54,-0.704288834066], [47,54,-0.000890998762], [52,54,0.707421372659], [53,54,0.999993777628], [54,54,2.000000000000], [71,54,0.705724856938], [85,54,0.000432836559], [88,54,-0.000134192714], [93,54,-0.708237779744], [36,55,-0.999999896262], [37,55,0.999999973656], [55,55,2.000000000000], [57,55,0.707311865778], [26,56,0.000637290258], [41,56,0.703320772972], [43,56,0.706471246256], [56,56,2.000000000000], [57,56,-0.704639743320], [58,56,0.005555928934], [59,56,0.709886273577], [60,56,0.002927332970], [61,56,0.999999401496], [66,56,0.704148082025], [37,57,0.707149586877], [41,57,-0.999998275532], [55,57,0.707311865778], [56,57,-0.704639743320], [57,57,2.000000000000], [58,57,0.705639361659], [59,57,-0.000455701827], [60,57,0.707499486243], [41,58,-0.706954053888], [56,58,0.005555928934], [57,58,0.705639361659], [58,58,2.000000000000], [59,58,0.708249527041], [60,58,0.999996545179], [72,58,-0.701546653680], [73,58,-0.999986016463], [74,58,-0.710424285975], [75,58,-0.999987789438], [41,59,-0.001401429218], [44,59,0.708744666994], [56,59,0.709886273577], [57,59,-0.000455701827], [58,59,0.708249527041], [59,59,2.000000000000], [60,59,0.706391375724], [63,59,0.706493647448], [66,59,0.000236964969], [76,59,-0.706790631443], [77,59,-0.707426831862], [78,59,-0.700810434955], [79,59,-0.706231164829], [41,60,-0.708810726010], [56,60,0.002927332970], [57,60,0.707499486243], [58,60,0.999996545179], [59,60,0.706391375724], [60,60,2.000000000000], [73,60,0.999996462797], [94,60,-0.002640595469], [23,61,-0.006966225507], [26,61,0.001731368277], [42,61,-0.010524814130], [43,61,0.707245148544], [45,61,0.703885429098], [56,61,0.999999401496], [61,61,2.000000000000], [62,61,0.999982724798], [63,61,0.004165902385], [64,61,0.708151470178], [65,61,0.000162040215], [66,61,0.703370806615], [23,62,-0.001088314057], [30,62,0.002285910144], [42,62,-0.004647024143], [45,62,0.708048445160], [48,62,0.004959405528], [51,62,-0.709984596379], [61,62,0.999982724798], [62,62,2.000000000000], [63,62,-0.001712052309], [64,62,0.703989059615], [65,62,-0.005715896240], [67,62,-0.999969116622], [68,62,0.711127942835], [69,62,0.004070262830], [70,62,0.004801391601], [23,63,-0.999996078974], [42,63,-0.999979781030], [44,63,0.999994925541], [45,63,-0.707375042561], [59,63,0.706493647448], [61,63,0.004165902385], [62,63,-0.001712052309], [63,63,2.000000000000], [64,63,0.709004509594], [65,63,0.999991984506], [66,63,0.707886778111], [76,63,0.001313729535], [77,63,0.000414004036], [78,63,-0.999968012392], [79,63,-0.999999931248], [23,64,-0.710976557141], [42,64,-0.713474602221], [45,64,-0.003066853631], [61,64,0.708151470178], [62,64,0.703989059615], [63,64,0.709004509594], [64,64,2.000000000000], [65,64,0.706175286219], [68,64,-0.001303613663], [76,64,0.704271897229], [80,64,-0.705539099836], [81,64,-0.003802913495], [82,64,-0.714842511866], [83,64,-0.999999796229], [84,64,-0.711267321239], [23,65,-0.999976851237], [42,65,-0.999946304925], [45,65,-0.710199457158], [61,65,0.000162040215], [62,65,-0.005715896240], [63,65,0.999991984506], [64,65,0.706175286219], [65,65,2.000000000000], [74,65,0.705843285078], [78,65,0.999992021604], [81,65,0.710717454316], [94,65,-0.001218776937], [26,66,-0.709604261038], [43,66,-0.005073884040], [44,66,0.705633020544], [56,66,0.704148082025], [59,66,0.000236964969], [61,66,0.703370806615], [63,66,0.707886778111], [66,66,2.000000000000], [76,66,0.707255285159], [77,66,0.706618930363], [78,66,-0.713513602519], [79,66,-0.708148646770], [30,67,-0.010144941189], [34,67,0.005423333702], [48,67,-0.012818277889], [49,67,0.709395228853], [51,67,0.704428140598], [52,67,-0.703556690850], [62,67,-0.999969116622], [67,67,2.000000000000], [68,67,-0.705580525767], [69,67,0.003788919948], [70,67,0.003057788268], [71,67,-0.711698893361], [30,68,-0.701435209442], [48,68,-0.699527202845], [51,68,-0.999998679846], [62,68,0.711127942835], [64,68,-0.001303613663], [67,68,-0.705580525767], [68,68,2.000000000000], [69,68,0.705951274685], [70,68,0.706468920616], [76,68,-0.710847840252], [80,68,0.709590142859], [81,68,-0.999986961670], [82,68,-0.698353007842], [83,68,0.001942002367], [84,68,-0.701993800569], [30,69,-0.999979799516], [48,69,-0.999959232537], [50,69,0.999989824251], [51,69,-0.707101196263], [62,69,0.004070262830], [67,69,0.003788919948], [68,69,0.705951274685], [69,69,2.000000000000], [70,69,0.999999732720], [77,69,-0.002772221421], [80,69,-0.001885398085], [85,69,0.000341302351], [86,69,-0.710361553856], [87,69,-0.999998936174], [30,70,-0.999974885037], [48,70,-0.999952363419], [51,70,-0.707618002516], [62,70,0.004801391601], [67,70,0.003057788268], [68,70,0.706468920616], [69,70,0.999999732720], [70,70,2.000000000000], [83,70,0.706370767979], [87,70,0.999999735364], [89,70,0.709064271612], [95,70,0.000558911981], [99,70,0.007532809211], [100,70,0.003008510649], [101,70,-0.709151189343], [34,71,-0.706334100798], [49,71,-0.999994640841], [52,71,0.001507432137], [54,71,0.705724856938], [67,71,-0.711698893361], [71,71,2.000000000000], [85,71,0.708791407106], [88,71,0.708391300441], [93,71,0.000351675863], [58,72,-0.701546653680], [72,72,2.000000000000], [73,72,0.705305461869], [74,72,-0.003129872510], [75,72,0.705059700693], [58,73,-0.999986016463], [60,73,0.999996462797], [72,73,0.705305461869], [73,73,2.000000000000], [74,73,0.706692534948], [75,73,0.999999939928], [94,73,0.000019177718], [58,74,-0.710424285975], [65,74,0.705843285078], [72,74,-0.003129872510], [73,74,0.706692534948], [74,74,2.000000000000], [75,74,0.706937732019], [78,74,0.703008015636], [81,74,0.003334122435], [94,74,0.707507232008], [58,75,-0.999987789438], [72,75,0.705059700693], [73,75,0.999999939928], [74,75,0.706937732019], [75,75,2.000000000000], [44,76,-0.001872006850], [59,76,-0.706790631443], [63,76,0.001313729535], [64,76,0.704271897229], [66,76,0.707255285159], [68,76,-0.710847840252], [76,76,2.000000000000], [77,76,0.999999595247], [78,76,-0.009312067515], [79,76,-0.001684545655], [80,76,-0.999998404117], [81,76,0.707246926335], [82,76,-0.006999509620], [83,76,-0.704724965805], [84,76,-0.001900200653], [44,77,-0.002771730258], [50,77,0.001739041512], [59,77,-0.707426831862], [63,77,0.000414004036], [66,77,0.706618930363], [69,77,-0.002772221421], [76,77,0.999999595247], [77,77,2.000000000000], [78,77,-0.008412377014], [79,77,-0.000784820507], [80,77,0.999999606770], [85,77,-0.999997045309], [86,77,0.705803532486], [87,77,0.004230859775], [44,78,-0.999937457375], [59,78,-0.700810434955], [63,78,-0.999968012392], [65,78,0.999992021604], [66,78,-0.713513602519], [74,78,0.703008015636], [76,78,-0.009312067515], [77,78,-0.008412377014], [78,78,2.000000000000], [79,78,0.999970909576], [81,78,0.713521886556], [94,78,-0.005213351594], [44,79,-0.999993675467], [59,79,-0.706231164829], [63,79,-0.999999931248], [66,79,-0.708148646770], [76,79,-0.001684545655], [77,79,-0.000784820507], [78,79,0.999970909576], [79,79,2.000000000000], [97,79,0.707039849513], [107,79,0.001126115593], [108,79,-0.001830121082], [50,80,0.002625865141], [64,80,-0.705539099836], [68,80,0.709590142859], [69,80,-0.001885398085], [76,80,-0.999998404117], [77,80,0.999999606770], [80,80,2.000000000000], [81,80,-0.705982765974], [82,80,0.008786005369], [83,80,0.705991364199], [84,80,0.003686745079], [85,80,-0.999998807883], [86,80,0.705175020882], [87,80,0.003344040395], [64,81,-0.003802913495], [65,81,0.710717454316], [68,81,-0.999986961670], [74,81,0.003334122435], [76,81,0.707246926335], [78,81,0.713521886556], [80,81,-0.705982765974], [81,81,2.000000000000], [82,81,0.701998908124], [83,81,0.003164527824], [84,81,0.705621420840], [94,81,-0.704343259702], [64,82,-0.714842511866], [68,82,-0.698353007842], [76,82,-0.006999509620], [80,82,0.008786005369], [81,82,0.701998908124], [82,82,2.000000000000], [83,82,0.714395949685], [84,82,0.999986998267], [86,82,0.702810239866], [95,82,-0.011961280363], [96,82,-0.007900619055], [97,82,-0.700872090040], [98,82,-0.999947799776], [64,83,-0.999999796229], [68,83,0.001942002367], [70,83,0.706370767979], [76,83,-0.704724965805], [80,83,0.705991364199], [81,83,0.003164527824], [82,83,0.714395949685], [83,83,2.000000000000], [84,83,0.710818438516], [87,83,0.705855617916], [89,83,0.001731815718], [95,83,0.708236717615], [99,83,-0.702500989960], [100,83,-0.705713701716], [101,83,-0.001855085571], [64,84,-0.711267321239], [68,84,-0.701993800569], [76,84,-0.001900200653], [80,84,0.003686745079], [81,84,0.705621420840], [82,84,0.999986998267], [83,84,0.710818438516], [84,84,2.000000000000], [98,84,0.999986901361], [101,84,0.704692956756], [107,84,0.002458629940], [109,84,-0.008372708284], [110,84,-0.003455433281], [50,85,-0.004169952918], [54,85,0.000432836559], [69,85,0.000341302351], [71,85,0.708791407106], [77,85,-0.999997045309], [80,85,-0.999998807883], [85,85,2.000000000000], [86,85,-0.704079364618], [87,85,-0.001799948811], [88,85,0.999999839239], [93,85,0.705667353391], [50,86,-0.707179139471], [69,86,-0.710361553856], [77,86,0.705803532486], [80,86,0.705175020882], [82,86,0.702810239866], [85,86,-0.704079364618], [86,86,2.000000000000], [87,86,0.711387447756], [95,86,0.702919971632], [96,86,0.705802534616], [97,86,-0.999996298491], [98,86,-0.710042065864], [50,87,-0.999982180112], [69,87,-0.999998936174], [70,87,0.999999735364], [77,87,0.004230859775], [80,87,0.003344040395], [83,87,0.705855617916], [85,87,-0.001799948811], [86,87,0.711387447756], [87,87,2.000000000000], [89,87,0.709577084149], [95,87,-0.000168599434], [99,87,0.008260297958], [100,87,0.003736017941], [101,87,-0.709663938264], [54,88,-0.000134192714], [71,88,0.708391300441], [85,88,0.999999839239], [88,88,2.000000000000], [89,88,-0.706305396493], [90,88,-0.001206743196], [91,88,0.704517456310], [92,88,-0.001358557065], [93,88,0.706069004719], [70,89,0.709064271612], [83,89,0.001731815718], [87,89,0.709577084149], [88,89,-0.706305396493], [89,89,2.000000000000], [90,89,0.708759072469], [91,89,0.004787855872], [92,89,0.708866161577], [95,89,-0.704747442104], [99,89,0.710465096286], [100,89,0.707273892986], [101,89,-0.999999992402], [88,90,-0.001206743196], [89,90,0.708759072469], [90,90,2.000000000000], [91,90,0.708835970473], [92,90,0.999999988476], [93,90,0.708994565162], [96,90,-0.003069223387], [99,90,-0.007100096661], [102,90,-0.001972926495], [103,90,-0.711152267785], [104,90,-0.999999953974], [88,91,0.704517456310], [89,91,0.004787855872], [90,91,0.708835970473], [91,91,2.000000000000], [92,91,0.708728876759], [100,91,0.703545201588], [102,91,0.706770461342], [105,91,-0.003530330611], [106,91,-0.711524980215], [88,92,-0.001358557065], [89,92,0.708866161577], [90,92,0.999999988476], [91,92,0.708728876759], [92,92,2.000000000000], [104,92,0.999999988511], [105,92,0.707978606926], [110,92,-0.002566935493], [111,92,-0.007495892249], [113,92,0.004003996357], [54,93,-0.708237779744], [71,93,0.000351675863], [85,93,0.705667353391], [88,93,0.706069004719], [90,93,0.708994565162], [93,93,2.000000000000], [96,93,-0.707386684917], [99,93,-0.710230098147], [102,93,0.703813777163], [103,93,-0.999995304829], [104,93,-0.709208494426], [60,94,-0.002640595469], [65,94,-0.001218776937], [73,94,0.000019177718], [74,94,0.707507232008], [78,94,-0.005213351594], [81,94,-0.704343259702], [94,94,2.000000000000], [70,95,0.000558911981], [82,95,-0.011961280363], [83,95,0.708236717615], [86,95,0.702919971632], [87,95,-0.000168599434], [89,95,-0.704747442104], [95,95,2.000000000000], [96,95,0.999991754702], [97,95,-0.704852623122], [98,95,0.001743866487], [99,95,-0.999967261626], [100,95,-0.999993636738], [101,95,0.704659981792], [82,96,-0.007900619055], [86,96,0.705802534616], [90,96,-0.003069223387], [93,96,-0.707386684917], [95,96,0.999991754702], [96,96,2.000000000000], [97,96,-0.707727392948], [98,96,-0.002316994908], [99,96,0.999991875820], [102,96,-0.999987288358], [103,96,0.705217389868], [104,96,0.003372621796], [79,97,0.707039849513], [82,97,-0.700872090040], [86,97,-0.999996298491], [95,97,-0.704852623122], [96,97,-0.707727392948], [97,97,2.000000000000], [98,97,0.708123528641], [107,97,0.707969466729], [108,97,0.705878553707], [82,98,-0.999947799776], [84,98,0.999986901361], [86,98,-0.710042065864], [95,98,0.001743866487], [96,98,-0.002316994908], [97,98,0.708123528641], [98,98,2.000000000000], [101,98,0.708315231258], [107,98,-0.002659697699], [109,98,-0.003254467114], [110,98,0.001662892328], [70,99,0.007532809211], [83,99,-0.702500989960], [87,99,0.008260297958], [89,99,0.710465096286], [90,99,-0.007100096661], [93,99,-0.710230098147], [95,99,-0.999967261626], [96,99,0.999991875820], [99,99,2.000000000000], [100,99,0.999989765077], [101,99,-0.710378341755], [102,99,-0.999958839855], [103,99,0.708069545122], [104,99,0.007403488665], [70,100,0.003008510649], [83,100,-0.705713701716], [87,100,0.003736017941], [89,100,0.707273892986], [91,100,0.703545201588], [95,100,-0.999993636738], [99,100,0.999989765077], [100,100,2.000000000000], [101,100,-0.707186743129], [102,100,0.999989654596], [105,100,0.708162335701], [106,100,-0.001243727442], [70,101,-0.709151189343], [83,101,-0.001855085571], [84,101,0.704692956756], [87,101,-0.709663938264], [89,101,-0.999999992402], [95,101,0.704659981792], [98,101,0.708315231258], [99,101,-0.710378341755], [100,101,-0.707186743129], [101,101,2.000000000000], [107,101,-0.707777669961], [109,101,0.703587335421], [110,101,0.707073138314], [90,102,-0.001972926495], [91,102,0.706770461342], [93,102,0.703813777163], [96,102,-0.999987288358], [99,102,-0.999958839855], [100,102,0.999989654596], [102,102,2.000000000000], [103,102,-0.701633596640], [104,102,0.001669527016], [105,102,0.704943399222], [106,102,-0.005792414197], [90,103,-0.711152267785], [93,103,-0.999995304829], [96,103,0.705217389868], [99,103,0.708069545122], [102,103,-0.701633596640], [103,103,2.000000000000], [104,103,0.711365536773], [108,103,-0.703362010963], [109,103,-0.701256342169], [111,103,0.708241817312], [112,103,0.707005567376], [90,104,-0.999999953974], [92,104,0.999999988511], [93,104,-0.709208494426], [96,104,0.003372621796], [99,104,0.007403488665], [102,104,0.001669527016], [103,104,0.711365536773], [104,104,2.000000000000], [105,104,0.708085653953], [110,104,-0.002718520954], [111,104,-0.007647473894], [113,104,0.004155581086], [91,105,-0.003530330611], [92,105,0.707978606926], [100,105,0.708162335701], [102,105,0.704943399222], [104,105,0.708085653953], [105,105,2.000000000000], [106,105,0.705168341594], [110,105,-0.708048887872], [111,105,-0.711520969201], [113,105,0.709062961778], [91,106,-0.711524980215], [100,106,-0.001243727442], [102,106,-0.005792414197], [105,106,0.705168341594], [106,106,2.000000000000], [112,106,-0.001775026453], [113,106,-0.000032674248], [79,107,0.001126115593], [84,107,0.002458629940], [97,107,0.707969466729], [98,107,-0.002659697699], [101,107,-0.707777669961], [107,107,2.000000000000], [108,107,0.999995630332], [109,107,-0.999982511326], [110,107,-0.999999503187], [79,108,-0.001830121082], [97,108,0.705878553707], [103,108,-0.703362010963], [107,108,0.999995630332], [108,108,2.000000000000], [109,108,0.999995625311], [111,108,-0.999976274692], [112,108,-0.999986796129], [84,109,-0.008372708284], [98,109,-0.003254467114], [101,109,0.703587335421], [103,109,-0.701256342169], [107,109,-0.999982511326], [108,109,0.999995625311], [109,109,2.000000000000], [110,109,0.999987909780], [111,109,-0.999951524693], [112,109,-0.999967221192], [84,110,-0.003455433281], [92,110,-0.002566935493], [98,110,0.001662892328], [101,110,0.707073138314], [104,110,-0.002718520954], [105,110,-0.708048887872], [107,110,-0.999999503187], [109,110,0.999987909780], [110,110,2.000000000000], [111,110,0.999987852385], [113,110,-0.999998967417], [92,111,-0.007495892249], [103,111,0.708241817312], [104,111,-0.007647473894], [105,111,-0.711520969201], [108,111,-0.999976274692], [109,111,-0.999951524693], [110,111,0.999987852385], [111,111,2.000000000000], [112,111,0.999998469446], [113,111,-0.999993903130], [103,112,0.707005567376], [106,112,-0.001775026453], [108,112,-0.999986796129], [109,112,-0.999967221192], [111,112,0.999998469446], [112,112,2.000000000000], [113,112,0.999998482103], [92,113,0.004003996357], [104,113,0.004155581086], [105,113,0.709062961778], [106,113,-0.000032674248], 