{
"N": {
"shape": [147, 110],
"data": [[0,0,-0.004140018372], [1,0,-0.999991430087], [3,0,0.004140018372], [4,0,0.999991430087], [0,1,0.002147616977], [1,1,-0.999997693868], [6,1,-0.002147616977], [7,1,0.999997693868], [3,2,0.008476591969], [4,2,-0.999964073049], [6,2,-0.008476591969], [7,2,0.999964073049], [9,3,0.002162477035], [10,3,-0.999997661844], [12,3,-0.002162477035], [13,3,0.999997661844], [9,4,0.002189417807], [10,4,-0.999997603222], [15,4,-0.002189417807], [16,4,0.999997603222], [9,5,-0.707163828108], [10,5,-0.707049729662], [33,5,0.707163828108], [34,5,0.707049729662], [9,6,-0.999998442611], [10,6,0.001764872536], [51,6,0.999998442611], [52,6,-0.001764872536], [12,7,-0.707324102122], [13,7,0.706889393439], [30,7,0.707324102122], [31,7,-0.706889393439], [12,8,-0.999998122649], [13,8,-0.001937704479], [33,8,0.999998122649], [34,8,0.001937704479], [12,9,-0.707586084103], [13,9,-0.706627153160], [36,9,0.707586084103], [37,9,0.706627153160], [12,10,-0.999998743909], [13,10,0.001584986141], [54,10,0.999998743909], [55,10,-0.001584986141], [15,11,-0.711696306552], [16,11,0.702487271941], [33,11,0.711696306552], [34,11,-0.702487271941], [21,12,0.003469123012], [22,12,-0.999993982575], [24,12,-0.003469123012], [25,12,0.999993982575], [21,13,-0.999998698395], [22,13,-0.001613445996], [42,13,0.999998698395], [43,13,0.001613445996], [21,14,-0.703718621349], [22,14,-0.710478783615], [45,14,0.703718621349], [46,14,0.710478783615], [21,15,-0.999995981610], [22,15,-0.002834918696], [63,15,0.999995981610], [64,15,0.002834918696], [24,16,-0.705474228458], [25,16,0.708735573385], [42,16,0.705474228458], [43,16,-0.708735573385], [24,17,-0.999993000665], [25,17,0.003741473145], [66,17,0.999993000665], [67,17,-0.003741473145], [27,18,-0.706705467615], [28,18,-0.707507867124], [51,18,0.706705467615], [52,18,0.707507867124], [30,19,0.001182131081], [31,19,-0.999999301283], [36,19,-0.001182131081], [37,19,0.999999301283], [30,20,-0.999999175030], [31,20,0.001284499848], [51,20,0.999999175030], [52,20,-0.001284499848], [30,21,-0.705854997797], [31,21,-0.708356352470], [54,21,0.705854997797], [55,21,0.708356352470], [30,22,-0.999999331026], [31,22,0.001156697221], [72,22,0.999999331026], [73,22,-0.001156697221], [33,23,0.003786410073], [34,23,-0.999992831524], [36,23,-0.003786410073], [37,23,0.999992831524], [33,24,0.000231115571], [34,24,-0.999999973293], [39,24,-0.000231115571], [40,24,0.999999973293], [33,25,-0.999986772028], [34,25,0.005143517179], [54,25,0.999986772028], [55,25,-0.005143517179], [33,26,-0.707201324221], [34,26,-0.707012225509], [57,26,0.707201324221], [58,26,0.707012225509], [36,27,-0.705552616337], [37,27,0.708657537588], [54,27,0.705552616337], [55,27,-0.708657537588], [36,28,-0.999998022609], [37,28,-0.001988662303], [57,28,0.999998022609], [58,28,0.001988662303], [36,29,-0.999999596837], [37,29,-0.000897956263], [78,29,0.999999596837], [79,29,0.000897956263], [39,30,-0.705649877479], [40,30,0.708560689295], [57,30,0.705649877479], [58,30,-0.708560689295], [39,31,-0.999999708614], [40,31,0.000763394603], [81,31,0.999999708614], [82,31,-0.000763394603], [42,32,0.002198607230], [43,32,-0.999997583060], [45,32,-0.002198607230], [46,32,0.999997583060], [42,33,-0.999991785381], [43,33,-0.004053291258], [63,33,0.999991785381], [64,33,0.004053291258], [45,34,-0.708180342843], [46,34,0.706031587120], [63,34,0.708180342843], [64,34,-0.706031587120], [45,35,-0.999986948859], [46,35,0.005109022613], [66,35,0.999986948859], [67,35,-0.005109022613], [45,36,-0.704673325036], [46,36,-0.709531891449], [69,36,0.704673325036], [70,36,0.709531891449], [45,37,-0.999999517113], [46,37,0.000982737451], [87,37,0.999999517113], [88,37,-0.000982737451], [48,38,0.006233341518], [49,38,-0.999980572538], [51,38,-0.006233341518], [52,38,0.999980572538], [48,39,0.002669674722], [49,39,-0.999996436412], [54,39,-0.002669674722], [55,39,0.999996436412], [48,40,-0.999971018523], [49,40,-0.007613285419], [69,40,0.999971018523], [70,40,0.007613285419], [48,41,-0.704087214204], [49,41,-0.710113508388], [72,41,0.704087214204], [73,41,0.710113508388], [48,42,-0.999992250868], [49,42,-0.003936775759], [90,42,0.999992250868], [91,42,0.003936775759], [57,43,-0.705415463627], [58,43,0.708794062952], [75,43,0.705415463627], [76,43,-0.708794062952], [57,44,-0.999999980609], [58,44,0.000196931422], [78,44,0.999999980609], [79,44,-0.000196931422], [57,45,-0.999995870329], [58,45,0.002873904063], [99,45,0.999995870329], [100,45,-0.002873904063], [60,46,-0.999999561919], [61,46,0.000936035254], [81,46,0.999999561919], [82,46,-0.000936035254], [60,47,-0.999999993165], [61,47,0.000116922459], [102,47,0.999999993165], [103,47,-0.000116922459], [63,48,0.006944540362], [64,48,-0.999975886389], [66,48,-0.006944540362], [67,48,0.999975886389], [63,49,0.003137814290], [64,49,-0.999995077049], [69,49,-0.003137814290], [70,49,0.999995077049], [63,50,-0.999996971609], [64,50,0.002461051149], [105,50,0.999996971609], [106,50,-0.002461051149], [66,51,-0.000616939165], [67,51,-0.999999809693], [69,51,0.000616939165], [70,51,0.999999809693], [66,52,-0.709379758458], [67,52,0.704826473886], [84,52,0.709379758458], [85,52,-0.704826473886], [66,53,-0.705414086439], [67,53,-0.708795433573], [90,53,0.705414086439], [91,53,0.708795433573], [66,54,-0.999992454033], [67,54,-0.003884826449], [108,54,0.999992454033], [109,54,0.003884826449], [69,55,-0.705975103652], [70,55,0.708236650438], [87,55,0.705975103652], [88,55,-0.708236650438], [69,56,-0.999999958843], [70,56,-0.000286902569], [90,56,0.999999958843], [91,56,0.000286902569], [69,57,-0.710627857226], [70,57,-0.703568083794], [93,57,0.710627857226], [94,57,0.703568083794], [69,58,-0.999997221300], [70,58,0.002357412347], [111,58,0.999997221300], [112,58,-0.002357412347], [72,59,-0.001189231148], [73,59,-0.999999292864], [78,59,0.001189231148], [79,59,0.999999292864], [72,60,-0.999997346567], [73,60,0.002303661882], [93,60,0.999997346567], [94,60,-0.002303661882], [72,61,-0.705701157522], [73,61,-0.708509616217], [96,61,0.705701157522], [97,61,0.708509616217], [75,62,0.000282808969], [76,62,-0.999999960010], [78,62,-0.000282808969], [79,62,0.999999960010], [75,63,-0.708167234259], [76,63,-0.706044735354], [99,63,0.708167234259], [100,63,0.706044735354], [78,64,-0.999984632736], [79,64,0.005543851654], [99,64,0.999984632736], [100,64,-0.005543851654], [78,65,-0.708646258583], [79,65,-0.705563944796], [102,65,0.708646258583], [103,65,0.705563944796], [84,66,-0.000856051314], [85,66,-0.999999633588], [90,66,0.000856051314], [91,66,0.999999633588], [84,67,-0.999992841789], [85,67,0.003783697913], [105,67,0.999992841789], [106,67,-0.003783697913], [84,68,-0.707074701732], [85,68,-0.707138859185], [108,68,0.707074701732], [109,68,0.707138859185], [84,69,-0.999998528618], [85,69,0.001715447749], [126,69,0.999998528618], [127,69,-0.001715447749], [87,70,-0.001180921735], [88,70,-0.999999302712], [90,70,0.001180921735], [91,70,0.999999302712], [87,71,-0.000510359624], [88,71,-0.999999869767], [93,71,0.000510359624], [94,71,0.999999869767], [87,72,-0.704969117918], [88,72,0.709238001507], [105,72,0.704969117918], [106,72,-0.709238001507], [87,73,-0.999989169379], [88,73,-0.004654151371], [108,73,0.999989169379], [109,73,0.004654151371], [87,74,-0.705672367631], [88,74,-0.708538290823], [111,74,0.705672367631], [112,74,0.708538290823], [87,75,-0.999997904389], [88,75,-0.002047246340], [129,75,0.999997904389], [130,75,0.002047246340], [90,76,0.002381904682], [91,76,-0.999997163261], [96,76,-0.002381904682], [97,76,0.999997163261], [90,77,-0.707394661492], [91,77,0.706818783630], [108,77,0.707394661492], [109,77,-0.706818783630], [90,78,-0.999987386023], [91,78,0.005022727745], [111,78,0.999987386023], [112,78,-0.005022727745], [90,79,-0.999999756315], [91,79,0.000698118887], [132,79,0.999999756315], [133,79,-0.000698118887], [93,80,0.004565525764], [94,80,-0.999989577933], [96,80,-0.004565525764], [97,80,0.999989577933], [93,81,-0.706278110753], [94,81,0.707934481623], [111,81,0.706278110753], [112,81,-0.707934481623], [96,82,-0.003879440573], [97,82,-0.999992474942], [102,82,0.003879440573], [103,82,0.999992474942], [96,83,-0.706358408968], [97,83,0.707854362196], [114,83,0.706358408968], [115,83,-0.707854362196], [96,84,-0.999975485277], [97,84,0.007002060079], [117,84,0.999975485277], [118,84,-0.007002060079], [96,85,-0.999993403943], [97,85,0.003632089016], [138,85,0.999993403943], [139,85,-0.003632089016], [99,86,-0.005735370228], [100,86,-0.999983552629], [102,86,0.005735370228], [103,86,0.999983552629], [102,87,-0.705138675585], [103,87,0.709069424100], [120,87,0.705138675585], [121,87,-0.709069424100], [102,88,-0.999997656793], [103,88,0.002164811434], [144,88,0.999997656793], [145,88,-0.002164811434], [105,89,-0.006264404099], [106,89,-0.999980378428], [108,89,0.006264404099], [109,89,0.999980378428], [105,90,0.000035706442], [106,90,-0.999999999363], [111,90,-0.000035706442], [112,90,0.999999999363], [105,91,-0.999999944081], [106,91,-0.000334421756], [126,91,0.999999944081], [127,91,0.000334421756], [105,92,-0.704945501890], [106,92,-0.709261474609], [129,92,0.704945501890], [130,92,0.709261474609], [108,93,0.003131225255], [109,93,-0.999995097702], [114,93,-0.003131225255], [115,93,0.999995097702], [108,94,-0.704566513021], [109,94,0.709637956094], [126,94,0.704566513021], [127,94,-0.709637956094], [108,95,-0.999999830458], [109,95,0.000582309404], [129,95,0.999999830458], [130,95,-0.000582309404], [108,96,-0.705736547370], [109,96,-0.708474364890], [132,96,0.705736547370], [133,96,0.708474364890], [111,97,-0.000126503080], [112,97,-0.999999991998], [114,97,0.000126503080], [115,97,0.999999991998], [111,98,0.001025649835], [112,98,-0.999999474021], [117,98,-0.001025649835], [118,98,0.999999474021], [111,99,-0.708585952835], [112,99,0.705624508818], [129,99,0.708585952835], [130,99,-0.705624508818], [111,100,-0.708043740593], [112,100,-0.706168578603], [135,100,0.708043740593], [136,100,0.706168578603], [114,101,0.002185171368], [115,101,-0.999997612510], [117,101,-0.002185171368], [118,101,0.999997612510], [114,102,-0.999998708707], [115,102,0.001607042153], [135,102,0.999998708707], [136,102,-0.001607042153], [120,103,-0.004154662685], [121,103,-0.999991369352], [123,103,0.004154662685], [124,103,0.999991369352], [120,104,-0.707939232940], [121,104,-0.706273348261], [144,104,0.707939232940], [145,104,0.706273348261], [123,105,-0.999995770635], [124,105,0.002908386539], [144,105,0.999995770635], [145,105,-0.002908386539], [126,106,0.002053065347], [127,106,-0.999997892459], [132,106,-0.002053065347], [133,106,0.999997892459], [129,107,-0.001363007736], [130,107,-0.999999071105], [132,107,0.001363007736], [133,107,0.999999071105], [129,108,-0.001053695054], [130,108,-0.999999444863], [135,108,0.001053695054], [136,108,0.999999444863], [138,109,0.000880207579], [139,109,-0.999999612617], [141,109,-0.000880207579], [142,109,0.999999612617], ]
},
"Q": {
"shape": [110, 110],
"data": [[0,0,2.000000000000], [1,0,0.999980232801], [2,0,-0.999920410198], [0,1,0.999980232801], [1,1,2.000000000000], [2,1,0.999979971473], [0,2,-0.999920410198], [1,2,0.999979971473], [2,2,2.000000000000], [3,3,2.000000000000], [4,3,0.999999999637], [5,3,0.705518850931], [6,3,-0.003927342076], [7,3,0.708417312749], [8,3,0.000224773027], [9,3,-0.705095362298], [10,3,0.003747456754], [3,4,0.999999999637], [4,4,2.000000000000], [5,4,0.705499757943], [6,4,-0.003954282702], [11,4,0.704043788802], [3,5,0.705518850931], [4,5,0.705499757943], [5,5,2.000000000000], [6,5,0.705914874130], [8,5,0.708532553942], [11,5,0.006592448875], [23,5,-0.704367048951], [24,5,-0.706886274207], [25,5,-0.703517751334], [26,5,-0.999999998594], [3,6,-0.003927342076], [4,6,-0.003954282702], [5,6,0.705914874130], [6,6,2.000000000000], [18,6,0.705455705797], [20,6,0.999999884621], [38,6,-0.007998170058], [3,7,0.708417312749], [7,7,2.000000000000], [8,7,0.705953031483], [9,7,0.000985451928], [10,7,0.708443623551], [19,7,0.707725049329], [20,7,-0.708231517920], [21,7,0.001461339791], [22,7,-0.708141285938], [3,8,0.000224773027], [5,8,0.708532553942], [7,8,0.705953031483], [8,8,2.000000000000], [9,8,0.708953990316], [10,8,0.999993795325], [11,8,0.710333757715], [23,8,0.001848712375], [24,8,-0.001706589290], [25,8,-0.999974928085], [26,8,-0.708569977313], [3,9,-0.705095362298], [7,9,0.000985451928], [8,9,0.708953990316], [9,9,2.000000000000], [10,9,0.706465201066], [19,9,0.705790199925], [23,9,0.703942876644], [27,9,0.001517445429], [28,9,-0.708989927711], [29,9,-0.708220319109], [3,10,0.003747456754], [7,10,0.708443623551], [8,10,0.999993795325], [9,10,0.706465201066], [10,10,2.000000000000], [21,10,0.704731376177], [25,10,0.999993668357], [27,10,0.706674942474], [39,10,-0.004254651861], [4,11,0.704043788802], [5,11,0.006592448875], [8,11,0.710333757715], [11,11,2.000000000000], [23,11,0.705177010242], [24,11,0.702651737278], [25,11,-0.715300147605], [26,11,-0.006645480910], [12,12,2.000000000000], [13,12,-0.001855682209], [14,12,0.708033221898], [15,12,-0.000634207435], [16,12,0.711178685502], [17,12,0.007210549361], [12,13,-0.001855682209], [13,13,2.000000000000], [14,13,0.704864024534], [15,13,0.999999253999], [16,13,0.704329803636], [32,13,0.000585162272], [33,13,-0.999997023554], [12,14,0.708033221898], [13,14,0.704864024534], [14,14,2.000000000000], [15,14,0.705729943120], [32,14,0.708929865582], [34,14,0.003260768678], [35,14,-0.700079584846], [36,14,-0.999999095968], [37,14,-0.703020067424], [12,15,-0.000634207435], [13,15,0.999999253999], [14,15,0.705729943120], [15,15,2.000000000000], [33,15,0.999999257775], [34,15,0.706175954952], [48,15,0.004109662120], [49,15,0.000302896942], [50,15,-0.999985976351], [12,16,0.711178685502], [13,16,0.704329803636], [16,16,2.000000000000], [17,16,0.708121005722], [32,16,0.710284921153], [33,16,-0.702595721552], [12,17,0.007210549361], [16,17,0.708121005722], [17,17,2.000000000000], [35,17,0.999999064886], [48,17,-0.010685874679], [51,17,0.003124537586], [52,17,-0.712011882595], [53,17,-0.702757209929], [54,17,-0.999970919777], [6,18,0.705455705797], [18,18,2.000000000000], [20,18,0.705796090856], [38,18,0.703088985510], [7,19,0.707725049329], [9,19,0.705790199925], [19,19,2.000000000000], [20,19,-0.002466629056], [21,19,0.707521444398], [22,19,-0.002338826703], [23,19,0.999996608845], [27,19,0.709491098114], [28,19,-0.000806532170], [29,19,0.000284174969], [6,20,0.999999884621], [7,20,-0.708231517920], [18,20,0.705796090856], [19,20,-0.002466629056], [20,20,2.000000000000], [21,20,0.704944531861], [22,20,0.999999991833], [38,20,-0.007517811269], [7,21,0.001461339791], [10,21,0.704731376177], [19,21,0.707521444398], [20,21,0.704944531861], [21,21,2.000000000000], [22,21,0.705035171774], [25,21,0.702202217699], [27,21,-0.003964228026], [39,21,0.706469424935], [7,22,-0.708141285938], [19,22,-0.002338826703], [20,22,0.999999991833], [21,22,0.705035171774], [22,22,2.000000000000], [41,22,0.703265356865], [59,22,-0.000032533949], [60,22,-0.999999342234], [61,22,-0.704881154321], [5,23,-0.704367048951], [8,23,0.001848712375], [9,23,0.703942876644], [11,23,0.705177010242], [19,23,0.999996608845], [23,23,2.000000000000], [24,23,0.999993679915], [25,23,-0.008929840294], [26,23,0.704329403091], [27,23,0.711323969127], [28,23,0.001797754539], [29,23,0.002888458720], [5,24,-0.706886274207], [8,24,-0.001706589290], [11,24,0.702651737278], [23,24,0.999993679915], [24,24,2.000000000000], [25,24,-0.005374629556], [26,24,0.706848761389], [30,24,0.708723757046], [31,24,0.000994510087], [5,25,-0.703517751334], [8,25,-0.999974928085], [10,25,0.999993668357], [11,25,-0.715300147605], [21,25,0.702202217699], [23,25,-0.008929840294], [24,25,-0.005374629556], [25,25,2.000000000000], [26,25,0.703555439854], [27,25,0.709188275525], [39,25,-0.007813138257], [5,26,-0.999999998594], [8,26,-0.708569977313], [11,26,-0.006645480910], [23,26,0.704329403091], [24,26,0.706848761389], [25,26,0.703555439854], [26,26,2.000000000000], [28,26,0.708605934368], [30,26,-0.001924542057], [43,26,0.002255317873], [44,26,-0.707062077585], [45,26,-0.705166518405], [9,27,0.001517445429], [10,27,0.706674942474], [19,27,0.709491098114], [21,27,-0.003964228026], [23,27,0.711323969127], [25,27,0.709188275525], [27,27,2.000000000000], [28,27,0.704141940653], [29,27,0.704915988410], [39,27,-0.710538608209], [9,28,-0.708989927711], [19,28,-0.000806532170], [23,28,0.001797754539], [26,28,0.708605934368], [27,28,0.704141940653], [28,28,2.000000000000], [29,28,0.999999405179], [30,28,0.704239394201], [43,28,-0.704004516711], [44,28,-0.999997611588], [45,28,-0.999988177722], [9,29,-0.708220319109], [19,29,0.000284174969], [23,29,0.002888458720], [27,29,0.704915988410], [28,29,0.999999405179], [29,29,2.000000000000], [44,29,0.999999400610], [59,29,0.002087186297], [62,29,0.000615147372], [64,29,-0.999979251443], [65,29,-0.709279538447], [24,30,0.708723757046], [26,30,-0.001924542057], [28,30,0.704239394201], [30,30,2.000000000000], [31,30,0.706190583269], [43,30,-0.999999945293], [44,30,-0.705789401660], [45,30,-0.707683298821], [24,31,0.000994510087], [30,31,0.706190583269], [31,31,2.000000000000], [46,31,0.999999985098], [13,32,0.000585162272], [14,32,0.708929865582], [16,32,0.710284921153], [32,32,2.000000000000], [33,32,0.001854692292], [34,32,0.707586891106], [35,32,0.007307588801], [36,32,-0.707980876686], [37,32,0.003181341243], [13,33,-0.999997023554], [15,33,0.999999257775], [16,33,-0.702595721552], [32,33,0.001854692292], [33,33,2.000000000000], [34,33,0.705312773752], [48,33,0.002891289797], [49,33,-0.000915482789], [50,33,-0.999978781658], [14,34,0.003260768678], [15,34,0.706175954952], [32,34,0.707586891106], [33,34,0.705312773752], [34,34,2.000000000000], [35,34,0.711778231626], [36,34,-0.001916130516], [37,34,0.708873844554], [48,34,0.710932549123], [49,34,0.708250249761], [50,34,-0.709915778045], [14,35,-0.700079584846], [17,35,0.999999064886], [32,35,0.007307588801], [34,35,0.711778231626], [35,35,2.000000000000], [36,35,0.701039113767], [37,35,0.999991486806], [48,35,-0.012053349144], [51,35,0.004492090528], [52,35,-0.712971474636], [53,35,-0.701783628082], [54,35,-0.999959555324], [14,36,-0.999999095968], [32,36,-0.707980876686], [34,36,-0.001916130516], [35,36,0.701039113767], [36,36,2.000000000000], [37,36,0.703975701196], [40,36,0.710054771366], [49,36,0.707317264428], [51,36,0.709966496992], [55,36,0.005034666496], [56,36,-0.704876862557], [57,36,-0.999964488272], [58,36,-0.702998707718], [14,37,-0.703020067424], [32,37,0.003181341243], [34,37,0.708873844554], [35,37,0.999991486806], [36,37,0.703975701196], [37,37,2.000000000000], [55,37,0.706670773426], [70,37,-0.000198184400], [71,37,0.000472377946], [72,37,-0.705665772243], [73,37,-0.999984112689], [74,37,-0.704975719757], [75,37,-0.999995409598], [6,38,-0.007998170058], [18,38,0.703088985510], [20,38,-0.007517811269], [38,38,2.000000000000], [39,38,0.999993650014], [40,38,0.001379976646], [41,38,0.705710896620], [42,38,-0.002296593937], [10,39,-0.004254651861], [21,39,0.706469424935], [25,39,-0.007813138257], [27,39,-0.710538608209], [38,39,0.999993650014], [39,39,2.000000000000], [40,39,0.004943660938], [41,39,0.708231293998], [42,39,0.001267107696], [36,40,0.710054771366], [38,40,0.001379976646], [39,40,0.004943660938], [40,40,2.000000000000], [41,40,0.709473105535], [42,40,0.999993241413], [49,40,0.004475524588], [51,40,0.008230205256], [55,40,-0.700562635686], [56,40,-0.999973161638], [57,40,-0.715963726815], [58,40,-0.999950292250], [22,41,0.703265356865], [38,41,0.705710896620], [39,41,0.708231293998], [40,41,0.709473105535], [41,41,2.000000000000], [42,41,0.706877315785], [59,41,-0.710950328688], [60,41,-0.702449484535], [61,41,-0.999997411358], [38,42,-0.002296593937], [39,42,0.001267107696], [40,42,0.999993241413], [41,42,0.706877315785], [42,42,2.000000000000], [53,42,0.708198988773], [56,42,0.999993339183], [66,42,0.004792818997], [70,42,0.005117685598], [76,42,-0.001554878367], [77,42,-0.704606592744], [78,42,-0.999959863637], [79,42,-0.999989258848], [26,43,0.002255317873], [28,43,-0.704004516711], [30,43,-0.999999945293], [43,43,2.000000000000], [44,43,0.705555033771], [45,43,0.707449556630], [62,43,0.708993532428], [63,43,0.000888198718], [26,44,-0.707062077585], [28,44,-0.999997611588], [29,44,0.999999400610], [30,44,-0.705789401660], [43,44,0.705555033771], [44,44,2.000000000000], [45,44,0.999996416900], [59,44,0.000992299842], [62,44,-0.000479740378], [64,44,-0.999985705104], [65,44,-0.708507297131], [26,45,-0.705166518405], [28,45,-0.999988177722], [30,45,-0.707683298821], [43,45,0.707449556630], [44,45,0.999996416900], [45,45,2.000000000000], [63,45,0.706135204928], [64,45,0.999996435627], [86,45,-0.002861489748], [31,46,0.999999985098], [46,46,2.000000000000], [47,46,0.999999664527], [46,47,0.999999664527], [47,47,2.000000000000], [65,47,0.708563757468], [82,47,0.003762518967], [86,47,0.005618449653], [87,47,-0.705221576906], [88,47,-0.999997903073], [15,48,0.004109662120], [17,48,-0.010685874679], [33,48,0.002891289797], [34,48,0.710932549123], [35,48,-0.012053349144], [48,48,2.000000000000], [49,48,0.999992754234], [50,48,-0.009405511136], [51,48,-0.999971411728], [52,48,0.709735794339], [53,48,-0.703879565360], [54,48,0.003059755187], [15,49,0.000302896942], [33,49,-0.000915482789], [34,49,0.708250249761], [36,49,0.707317264428], [40,49,0.004475524588], [48,49,0.999992754234], [49,49,2.000000000000], [50,49,-0.005598843822], [51,49,0.999992950902], [55,49,0.710448382593], [56,49,0.002850913004], [57,49,-0.701334801917], [58,49,0.005495206313], [15,50,-0.999985976351], [33,50,-0.999978781658], [34,50,-0.709915778045], [48,50,-0.009405511136], [49,50,-0.005598843822], [50,50,2.000000000000], [67,50,0.999999125294], [72,50,0.706712453995], [89,50,-0.003803382268], [90,50,0.002496757481], [91,50,-0.999996092661], [92,50,-0.703197838272], [17,51,0.003124537586], [35,51,0.004492090528], [36,51,0.709966496992], [40,51,0.008230205256], [48,51,-0.999971411728], [49,51,0.999992950902], [51,51,2.000000000000], [52,51,-0.704388695597], [53,51,0.709230496261], [54,51,0.004501760219], [55,51,0.707800971965], [56,51,-0.000903841654], [57,51,-0.704006364057], [58,51,0.001740474448], [17,52,-0.712011882595], [35,52,-0.712971474636], [48,52,0.709735794339], [51,52,-0.704388695597], [52,52,2.000000000000], [53,52,0.000828688099], [54,52,0.706636276974], [66,52,0.704218950155], [67,52,-0.712041531027], [68,52,-0.003174292459], [69,52,-0.710587807678], [17,53,-0.702757209929], [35,53,-0.701783628082], [42,53,0.708198988773], [48,53,-0.703879565360], [51,53,0.709230496261], [52,53,0.000828688099], [53,53,2.000000000000], [54,53,0.708162310655], [56,53,0.705617412637], [66,53,0.709399044517], [70,53,0.709627978165], [76,53,-0.707113193790], [77,53,0.001983767312], [78,53,-0.701845101872], [79,53,-0.704919091060], [17,54,-0.999970919777], [35,54,-0.999959555324], [48,54,0.003059755187], [51,54,0.004501760219], [52,54,0.706636276974], [53,54,0.708162310655], [54,54,2.000000000000], [68,54,0.709816477913], [73,54,0.999999704064], [77,54,0.704643455211], [89,54,0.010149107050], [93,54,-0.000753605777], [94,54,-0.701804376085], [95,54,-0.999990022321], [96,54,-0.708483521856], [36,55,0.005034666496], [37,55,0.706670773426], [40,55,-0.700562635686], [49,55,0.710448382593], [51,55,0.707800971965], [55,55,2.000000000000], [56,55,0.705771879681], [57,55,0.003392872141], [58,55,0.707642747783], [70,55,0.707402455249], [71,55,0.707876257014], [72,55,-0.999998992644], [73,55,-0.702671216925], [74,55,0.003625662918], [75,55,-0.704523689312], [36,56,-0.704876862557], [40,56,-0.999973161638], [42,56,0.999993339183], [49,56,0.002850913004], [51,56,-0.000903841654], [53,56,0.705617412637], [55,56,0.705771879681], [56,56,2.000000000000], [57,56,0.710829683470], [58,56,0.999996503796], [66,56,0.001142953743], [70,56,0.001467824056], [76,56,0.002095002829], [77,56,-0.707191844253], [78,56,-0.999985903834], [79,56,-0.999999514866], [36,57,-0.999964488272], [40,57,-0.715963726815], [49,57,-0.701334801917], [51,57,-0.704006364057], [55,57,0.003392872141], [56,57,0.710829683470], [57,57,2.000000000000], [58,57,0.708967282516], [60,57,0.709005188647], [71,57,0.703930667932], [80,57,-0.700316361369], [81,57,-0.003820793762], [36,58,-0.702998707718], [40,58,-0.999950292250], [49,58,0.005495206313], [51,58,0.001740474448], [55,58,0.707642747783], [56,58,0.999996503796], [57,58,0.708967282516], [58,58,2.000000000000], [74,58,0.704000089863], [78,58,0.999996447999], [81,58,0.707945041706], [90,58,-0.002393118688], [97,58,0.002230909601], [98,58,0.003383058093], [99,58,-0.710247431817], [100,58,-0.706377042625], [22,59,-0.000032533949], [29,59,0.002087186297], [41,59,-0.710950328688], [44,59,0.000992299842], [59,59,2.000000000000], [60,59,-0.001114432260], [61,59,0.709348357003], [62,59,0.999998916549], [64,59,0.004354634860], [65,59,-0.706406190070], [22,60,-0.999999342234], [41,60,-0.702449484535], [57,60,0.709005188647], [59,60,-0.001114432260], [60,60,2.000000000000], [61,60,0.704067118396], [71,60,-0.001793303312], [80,60,0.006869151523], [81,60,-0.707907078372], [22,61,-0.704881154321], [41,61,-0.999997411358], [59,61,0.709348357003], [60,61,0.704067118396], [61,61,2.000000000000], [76,61,0.706826693469], [80,61,0.705280335266], [82,61,-0.711242010344], [83,61,0.003043675663], [84,61,-0.700722830554], [85,61,-0.703123132682], [29,62,0.000615147372], [43,62,0.708993532428], [44,62,-0.000479740378], [59,62,0.999998916549], [62,62,2.000000000000], [63,62,0.705844431073], [64,62,0.005826656055], [65,62,-0.705363505062], [43,63,0.000888198718], [45,63,0.706135204928], [62,63,0.705844431073], [63,63,2.000000000000], [64,63,0.704242144393], [86,63,-0.710094724046], [29,64,-0.999979251443], [44,64,-0.999985705104], [45,64,0.999996435627], [59,64,0.004354634860], [62,64,0.005826656055], [63,64,0.704242144393], [64,64,2.000000000000], [65,64,0.704723826787], [86,64,-0.000191521619], [29,65,-0.709279538447], [44,65,-0.708507297131], [47,65,0.708563757468], [59,65,-0.706406190070], [62,65,-0.705363505062], [64,65,0.704723826787], [65,65,2.000000000000], [82,65,0.708307786433], [86,65,0.709616688777], [87,65,0.000599935767], [88,65,-0.707117185183], [42,66,0.004792818997], [52,66,0.704218950155], [53,66,0.709399044517], [56,66,0.001142953743], [66,66,2.000000000000], [67,66,-0.002927651341], [68,66,0.707743892309], [69,66,-0.000859397066], [70,66,0.999999947230], [76,66,-0.999994757817], [77,66,0.706212958514], [78,66,0.004166685389], [79,66,-0.000157932474], [50,67,0.999999125294], [52,67,-0.712041531027], [66,67,-0.002927651341], [67,67,2.000000000000], [68,67,0.704394040517], [69,67,0.999997861154], [72,67,0.707647613947], [89,67,-0.002480735586], [90,67,0.003819404097], [91,67,-0.999991520520], [92,67,-0.702256824580], [52,68,-0.003174292459], [54,68,0.709816477913], [66,68,0.707743892309], [67,68,0.704394040517], [68,68,2.000000000000], [69,68,0.705860601591], [73,68,0.710358174965], [77,68,0.000361840975], [89,68,0.711554385669], [93,68,-0.704921382417], [94,68,0.003631417662], [95,68,-0.706662808246], [96,68,-0.999998212884], [52,69,-0.710587807678], [66,69,-0.000859397066], [67,69,0.999997861154], [68,69,0.705860601591], [69,69,2.000000000000], [91,69,0.999997899017], [94,69,0.705782823170], [106,69,0.003768506460], [37,70,-0.000198184400], [42,70,0.005117685598], [53,70,0.709627978165], [55,70,0.707402455249], [56,70,0.001467824056], [66,70,0.999999947230], [70,70,2.000000000000], [71,70,0.999999775173], [72,70,-0.708404993610], [73,70,0.005835057071], [74,70,0.709371140605], [75,70,0.003228164173], [76,70,-0.999993653132], [77,70,0.705982913042], [78,70,0.003841817404], [79,70,-0.000482803047], [37,71,0.000472377946], [55,71,0.707876257014], [57,71,0.703930667932], [60,71,-0.001793303312], [70,71,0.999999775173], [71,71,2.000000000000], [72,71,-0.708878121367], [73,71,0.005164504861], [74,71,0.708898345232], [75,71,0.002557604627], [80,71,-0.999987117641], [81,71,0.707573933596], [37,72,-0.705665772243], [50,72,0.706712453995], [55,72,-0.999998992644], [67,72,0.707647613947], [70,72,-0.708404993610], [71,72,-0.708878121367], [72,72,2.000000000000], [73,72,0.701660581647], [74,72,-0.005045054827], [75,72,0.703515655674], [89,72,0.704807873711], [90,72,0.709263172994], [91,72,-0.704731893879], [92,72,0.006070382150], [37,73,-0.999984112689], [54,73,0.999999704064], [55,73,-0.702671216925], [68,73,0.710358174965], [70,73,0.005835057071], [71,73,0.005164504861], [72,73,0.701660581647], [73,73,2.000000000000], [74,73,0.708962369218], [75,73,0.999996601985], [77,73,0.704097358358], [89,73,0.010918396301], [93,73,-0.001522937214], [94,73,-0.701256119662], [95,73,-0.999986289682], [96,73,-0.709026250742], [37,74,-0.704975719757], [55,74,0.003625662918], [58,74,0.704000089863], [70,74,0.709371140605], [71,74,0.708898345232], [72,74,-0.005045054827], [73,74,0.708962369218], [74,74,2.000000000000], [75,74,0.707121441239], [78,74,0.702104671364], [81,74,-0.003197741003], [90,74,0.708513093322], [97,74,-0.708627554881], [98,74,-0.707814145399], [99,74,-0.000067543567], [100,74,-0.999994380527], [37,75,-0.999995409598], [55,75,-0.704523689312], [70,75,0.003228164173], [71,75,0.002557604627], [72,75,0.703515655674], [73,75,0.999996601985], [74,75,0.707121441239], [75,75,2.000000000000], [92,75,0.706396057557], [95,75,0.999996542716], [99,75,0.707139880722], [107,75,-0.003410249318], [108,75,-0.003100938050], [42,76,-0.001554878367], [53,76,-0.707113193790], [56,76,0.002095002829], [61,76,0.706826693469], [66,76,-0.999994757817], [70,76,-0.999993653132], [76,76,2.000000000000], [77,76,-0.708501725226], [78,76,-0.007404588134], [79,76,-0.003080021009], [80,76,0.999997615871], [82,76,-0.999980397767], [83,76,0.709534832600], [84,76,0.009383886506], [85,76,0.006013967684], [42,77,-0.704606592744], [53,77,0.001983767312], [54,77,0.704643455211], [56,77,-0.707191844253], [66,77,0.706212958514], [68,77,0.000361840975], [70,77,0.705982913042], [73,77,0.704097358358], [76,77,-0.708501725226], [77,77,2.000000000000], [78,77,0.710935896748], [79,77,0.707887932654], [89,77,-0.702373508717], [93,77,0.709030330623], [94,77,-0.999992026921], [95,77,-0.707806128784], [96,77,0.001528722795], [42,78,-0.999959863637], [53,78,-0.701845101872], [56,78,-0.999985903834], [58,78,0.999996447999], [66,78,0.004166685389], [70,78,0.003841817404], [74,78,0.702104671364], [76,78,-0.007404588134], [77,78,0.710935896748], [78,78,2.000000000000], [79,78,0.999990648803], [81,78,0.709824963940], [90,78,-0.005058433733], [97,78,0.004896226221], [98,78,0.006048362001], [99,78,-0.712121174547], [100,78,-0.704487916833], [42,79,-0.999989258848], [53,79,-0.704919091060], [56,79,-0.999999514866], [66,79,-0.000157932474], [70,79,-0.000482803047], [76,79,-0.003080021009], [77,79,0.707887932654], [78,79,0.999990648803], [79,79,2.000000000000], [96,79,0.705241776057], [106,79,-0.002751182263], [107,79,0.000664889165], [57,80,-0.700316361369], [60,80,0.006869151523], [61,80,0.705280335266], [71,80,-0.999987117641], [76,80,0.999997615871], [80,80,2.000000000000], [81,80,-0.711151634394], [82,80,-0.999964341268], [83,80,0.711071882406], [84,80,0.011567400945], [85,80,0.008197546812], [57,81,-0.003820793762], [58,81,0.707945041706], [60,81,-0.707907078372], [71,81,0.707573933596], [74,81,-0.003197741003], [78,81,0.709824963940], [80,81,-0.711151634394], [81,81,2.000000000000], [90,81,-0.707959699850], [97,81,0.707845129603], [98,81,0.708658503293], [99,81,-0.999994668945], [100,81,-0.000154708804], [47,82,0.003762518967], [61,82,-0.711242010344], [65,82,0.708307786433], [76,82,-0.999980397767], [80,82,-0.999964341268], [82,82,2.000000000000], [83,82,-0.705108760080], [84,82,-0.003122661919], [85,82,0.000247353299], [86,82,0.999998277723], [87,82,0.706328544725], [88,82,-0.001714636338], [61,83,0.003043675663], [76,83,0.709534832600], [80,83,0.711071882406], [82,83,-0.705108760080], [83,83,2.000000000000], [84,83,0.711297531558], [85,83,0.708924739842], [93,83,-0.710062659372], [97,83,-0.707765000018], [101,83,0.709396186372], [102,83,-0.707495048650], [61,84,-0.700722830554], [76,84,0.009383886506], [80,84,0.011567400945], [82,84,-0.003122661919], [83,84,0.711297531558], [84,84,2.000000000000], [85,84,0.999994321487], [98,84,-0.008027681088], [101,84,-0.009187161161], [61,85,-0.703123132682], [76,85,0.006013967684], [80,85,0.008197546812], [82,85,0.000247353299], [83,85,0.708924739842], [84,85,0.999994321487], [85,85,2.000000000000], [109,85,0.004512289382], [45,86,-0.002861489748], [47,86,0.005618449653], [63,86,-0.710094724046], [64,86,-0.000191521619], [65,86,0.709616688777], [82,86,0.999998277723], [86,86,2.000000000000], [87,86,0.705013530406], [88,86,-0.003570580960], [47,87,-0.705221576906], [65,87,0.000599935767], [82,87,0.706328544725], [86,87,0.705013530406], [87,87,2.000000000000], [88,87,0.706672024896], [103,87,0.706133691029], [104,87,0.001601503199], [47,88,-0.999997903073], [65,88,-0.707117185183], [82,88,-0.001714636338], [86,88,-0.003570580960], [87,88,0.706672024896], [88,88,2.000000000000], [104,88,0.706408625472], [105,88,0.999999723546], [50,89,-0.003803382268], [54,89,0.010149107050], [67,89,-0.002480735586], [68,89,0.711554385669], [72,89,0.704807873711], [73,89,0.010918396301], [77,89,-0.702373508717], [89,89,2.000000000000], [90,89,0.999980154111], [91,89,0.006598818943], [92,89,0.713663621276], [93,89,-0.999955860966], [94,89,0.705210342530], [95,89,-0.005682105059], [96,89,-0.712881482429], [50,90,0.002496757481], [58,90,-0.002393118688], [67,90,0.003819404097], [72,90,0.709263172994], [74,90,0.708513093322], [78,90,-0.005058433733], [81,90,-0.707959699850], [89,90,0.999980154111], [90,90,2.000000000000], [91,90,0.000298715316], [92,90,0.709236303062], [97,90,-0.999999986844], [98,90,-0.999999510006], [99,90,0.705649809451], [100,90,-0.706143296431], [50,91,-0.999996092661], [67,91,-0.999991520520], [69,91,0.999997899017], [72,91,-0.704731893879], [89,91,0.006598818943], [90,91,0.000298715316], [91,91,2.000000000000], [92,91,0.705182654938], [94,91,0.704329155251], [106,91,0.001718644181], [50,92,-0.703197838272], [67,92,-0.702256824580], [72,92,0.006070382150], [75,92,0.706396057557], [89,92,0.713663621276], [90,92,0.709236303062], [91,92,0.705182654938], [92,92,2.000000000000], [95,92,0.704532372746], [99,92,-0.000957799491], [107,92,-0.710221661952], [108,92,-0.710003878461], [54,93,-0.000753605777], [68,93,-0.704921382417], [73,93,-0.001522937214], [77,93,0.709030330623], [83,93,-0.710062659372], [89,93,-0.999955860966], [93,93,2.000000000000], [94,93,-0.711840633696], [95,93,-0.003713531273], [96,93,0.706261071637], [97,93,0.999994693591], [101,93,-0.999999552488], [102,93,0.004738255486], [54,94,-0.701804376085], [68,94,0.003631417662], [69,94,0.705782823170], [73,94,-0.701256119662], [77,94,-0.999992026921], [89,94,0.705210342530], [91,94,0.704329155251], [93,94,-0.711840633696], [94,94,2.000000000000], [95,94,0.704979622423], [96,94,-0.005521961953], [106,94,0.711082981596], [54,95,-0.999990022321], [68,95,-0.706662808246], [73,95,-0.999986289682], [75,95,0.999996542716], [77,95,-0.707806128784], [89,95,-0.005682105059], [92,95,0.704532372746], [93,95,-0.003713531273], [94,95,0.704979622423], [95,95,2.000000000000], [96,95,0.705323876433], [99,95,0.708996724487], [107,95,-0.000780698642], [108,95,-0.000471385795], [54,96,-0.708483521856], [68,96,-0.999998212884], [73,96,-0.709026250742], [77,96,0.001528722795], [79,96,0.705241776057], [89,96,-0.712881482429], [93,96,0.706261071637], [94,96,-0.005521961953], [95,96,0.705323876433], [96,96,2.000000000000], [106,96,0.707023948501], [107,96,0.709435631165], [58,97,0.002230909601], [74,97,-0.708627554881], [78,97,0.004896226221], [81,97,0.707845129603], [83,97,-0.707765000018], [90,97,-0.999999986844], [93,97,0.999994693591], [97,97,2.000000000000], [98,97,0.999999336272], [99,97,-0.705534864867], [100,97,0.706258142667], [101,97,-0.999997328078], [102,97,0.001480539224], [58,98,0.003383058093], [74,98,-0.707814145399], [78,98,0.006048362001], [81,98,0.708658503293], [84,98,-0.008027681088], [90,98,-0.999999510006], [97,98,0.999999336272], [98,98,2.000000000000], [99,98,-0.706350898740], [100,98,0.705442002228], [101,98,0.999999327753], [58,99,-0.710247431817], [74,99,-0.000067543567], [75,99,0.707139880722], [78,99,-0.712121174547], [81,99,-0.999994668945], [90,99,0.705649809451], [92,99,-0.000957799491], [95,99,0.708996724487], [97,99,-0.705534864867], [98,99,-0.706350898740], [99,99,2.000000000000], [100,99,0.003419992158], [107,99,0.704658045231], [108,99,0.704877483586], [58,100,-0.706377042625], [74,100,-0.999994380527], [78,100,-0.704487916833], [81,100,-0.000154708804], [90,100,-0.706143296431], [97,100,0.706258142667], [98,100,0.705442002228], [99,100,0.003419992158], [100,100,2.000000000000], [102,100,0.706907983629], [108,100,0.706914248771], [83,101,0.709396186372], [84,101,-0.009187161161], [93,101,-0.999999552488], [97,101,-0.999997328078], [98,101,0.999999327753], [101,101,2.000000000000], [102,101,-0.003792206863], [83,102,-0.707495048650], [93,102,0.004738255486], [97,102,0.001480539224], [100,102,0.706907983629], [101,102,-0.003792206863], [102,102,2.000000000000], [108,102,-0.000553347567], [87,103,0.706133691029], [103,103,2.000000000000], [104,103,0.709208501379], [105,103,-0.001246283675], [87,104,0.001601503199], [88,104,0.706408625472], [103,104,0.709208501379], [104,104,2.000000000000], [105,104,0.705882122908], [88,105,0.999999723546], [103,105,-0.001246283675], [104,105,0.705882122908], [105,105,2.000000000000], [69,106,0.003768506460], [79,106,-0.002751182263], [91,106,0.001718644181], [94,106,0.711082981596], [96,106,0.707023948501], [106,106,2.000000000000], [107,106,0.999994165222], [75,107,-0.003410249318], [79,107,0.000664889165], [92,107,-0.710221661952], [95,107,-0.000780698642], [96,107,0.709435631165], [99,107,0.704658045231], [106,107,0.999994165222], [107,107,2.000000000000], [108,107,0.999999952163], [75,108,-0.003100938050], [92,108,-0.710003878461], [95,108,-0.000471385795], [99,108,0.704877483586], [100,108,0.706914248771], [102,108,-0.000553347567], [107,108,0.999999952163], [108,108,2.000000000000], [85,109,0.004512289382], [109,109,2.000000000000], ]
},
"Minv": {
"shape": [147, 147],
