{
"N": {
"shape": [147, 113],
"data": [[0,0,-0.999994338629], [1,0,0.003364923539], [21,0,0.999994338629], [22,0,-0.003364923539], [0,1,-0.999998655664], [1,1,0.001639716797], [42,1,0.999998655664], [43,1,-0.001639716797], [3,2,-0.001639963476], [4,2,-0.999998655259], [9,2,0.001639963476], [10,2,0.999998655259], [3,3,-0.999999994002], [4,3,-0.000109525646], [24,3,0.999999994002], [25,3,0.000109525646], [3,4,-0.705867266974], [4,4,-0.708344126407], [27,4,0.705867266974], [28,4,0.708344126407], [3,5,-0.999994053656], [4,5,-0.003448572478], [45,5,0.999994053656], [46,5,0.003448572478], [6,6,0.000718640666], [7,6,-0.999999741778], [9,6,-0.000718640666], [10,6,0.999999741778], [6,7,-0.999989047496], [7,7,0.004680265784], [27,7,0.999989047496], [28,7,-0.004680265784], [6,8,-0.705152177154], [7,8,-0.709055997122], [30,8,0.705152177154], [31,8,0.709055997122], [6,9,-0.999996534082], [7,9,0.002632835754], [48,9,0.999996534082], [49,9,-0.002632835754], [9,10,-0.703023828386], [10,10,0.711166293296], [27,10,0.703023828386], [28,10,-0.711166293296], [9,11,-0.999990397424], [10,11,-0.004382357852], [30,11,0.999990397424], [31,11,0.004382357852], [9,12,-0.704029930199], [10,12,-0.710170301677], [33,12,0.704029930199], [34,12,0.710170301677], [9,13,-0.999999428395], [10,13,0.001069209955], [51,13,0.999999428395], [52,13,-0.001069209955], [12,14,0.000806532375], [13,14,-0.999999674753], [15,14,-0.000806532375], [16,14,0.999999674753], [12,15,-0.000355764794], [13,15,-0.999999936716], [18,15,0.000355764794], [19,15,0.999999936716], [12,16,-0.999999979031], [13,16,-0.000204785443], [33,16,0.999999979031], [34,16,0.000204785443], [12,17,-0.999999322151], [13,17,-0.001164343887], [54,17,0.999999322151], [55,17,0.001164343887], [15,18,-0.999998645708], [16,18,-0.001645777098], [57,18,0.999998645708], [58,18,0.001645777098], [18,19,-0.706270039186], [19,19,0.707942534213], [36,19,0.706270039186], [37,19,-0.707942534213], [21,20,0.004830070574], [22,20,-0.999988335141], [27,20,-0.004830070574], [28,20,0.999988335141], [21,21,-0.999999994632], [22,21,-0.000103612950], [42,21,0.999999994632], [43,21,0.000103612950], [21,22,-0.702916564196], [22,22,-0.711272313379], [45,22,0.702916564196], [46,22,0.711272313379], [21,23,-0.999997259307], [22,23,-0.002341234562], [63,23,0.999997259307], [64,23,0.002341234562], [24,24,0.006494242062], [25,24,-0.999978912188], [27,24,-0.006494242062], [28,24,0.999978912188], [24,25,-0.705452233517], [25,25,0.708757466434], [42,25,0.705452233517], [43,25,-0.708757466434], [24,26,-0.999976936141], [25,26,-0.006791699741], [45,26,0.999976936141], [46,26,0.006791699741], [24,27,-0.708061019412], [25,27,-0.706151253479], [48,27,0.708061019412], [49,27,0.706151253479], [24,28,-0.999999883549], [25,28,-0.000482599124], [66,28,0.999999883549], [67,28,0.000482599124], [27,29,-0.712437531367], [28,29,0.701735537008], [45,29,0.712437531367], [46,29,-0.701735537008], [27,30,-0.999999917968], [28,30,-0.000405047799], [69,30,0.999999917968], [70,30,0.000405047799], [30,31,0.004176786841], [31,31,-0.999991277188], [33,31,-0.004176786841], [34,31,0.999991277188], [30,32,-0.999978761927], [31,32,0.006517338086], [51,32,0.999978761927], [52,32,-0.006517338086], [33,33,-0.706454080386], [34,33,0.707758880062], [51,33,0.706454080386], [52,33,-0.707758880062], [33,34,-0.707898467085], [34,34,-0.706314207912], [57,34,0.707898467085], [58,34,0.706314207912], [33,35,-0.999998096147], [34,35,0.001951333688], [75,35,0.999998096147], [76,35,-0.001951333688], [36,36,-0.006070611081], [37,36,-0.999981573671], [39,36,0.006070611081], [40,36,0.999981573671], [36,37,-0.999995327271], [37,37,-0.003057030576], [57,37,0.999995327271], [58,37,0.003057030576], [36,38,-0.711883194852], [37,38,-0.702297883300], [60,38,0.711883194852], [61,38,0.702297883300], [36,39,-0.999999046227], [37,39,-0.001381138937], [78,39,0.999999046227], [79,39,0.001381138937], [39,40,-0.707841944513], [40,40,0.706370852731], [57,40,0.707841944513], [58,40,-0.706370852731], [39,41,-0.999998435250], [40,41,0.001769038835], [81,41,0.999998435250], [82,41,-0.001769038835], [42,42,-0.002870482071], [43,42,-0.999995880158], [45,42,0.002870482071], [46,42,0.999995880158], [42,43,-0.706297876480], [43,43,-0.707914761592], [66,43,0.706297876480], [67,43,0.707914761592], [45,44,-0.704200893115], [46,44,0.710000776152], [63,44,0.704200893115], [64,44,-0.710000776152], [45,45,-0.708409195579], [46,45,-0.705801963456], [69,45,0.708409195579], [70,45,0.705801963456], [48,46,0.001773043202], [49,46,-0.999998428158], [51,46,-0.001773043202], [52,46,0.999998428158], [48,47,-0.999998964219], [49,47,-0.001439291951], [69,47,0.999998964219], [70,47,0.001439291951], [48,48,-0.704099727213], [49,48,-0.710101101350], [72,48,0.704099727213], [73,48,0.710101101350], [48,49,-0.999999353986], [49,49,-0.001136673786], [90,49,0.999999353986], [91,49,0.001136673786], [51,50,-0.706115707350], [52,50,-0.708096467887], [75,50,0.706115707350], [76,50,0.708096467887], [54,51,-0.000831894911], [55,51,-0.999999653975], [57,51,0.000831894911], [58,51,0.999999653975], [54,52,-0.999981789114], [55,52,0.006035017831], [75,52,0.999981789114], [76,52,-0.006035017831], [54,53,-0.707167161411], [55,53,-0.707046395806], [78,53,0.707167161411], [79,53,0.707046395806], [57,54,-0.704585105067], [58,54,0.709619496433], [75,54,0.704585105067], [76,54,-0.709619496433], [57,55,-0.999999953325], [58,55,0.000305531809], [78,55,0.999999953325], [79,55,-0.000305531809], [60,56,-0.708140154421], [61,56,0.706071895558], [78,56,0.708140154421], [79,56,-0.706071895558], [60,57,-0.999998924989], [61,57,-0.001466295084], [81,57,0.999998924989], [82,57,0.001466295084], [60,58,-0.999998436830], [61,58,-0.001768145484], [102,58,0.999998436830], [103,58,0.001768145484], [63,59,-0.001753796060], [64,59,-0.999998462099], [66,59,0.001753796060], [67,59,0.999998462099], [63,60,-0.000017443978], [64,60,-0.999999999848], [69,60,0.000017443978], [70,60,0.999999999848], [66,61,0.001719214752], [67,61,-0.999998522149], [69,61,-0.001719214752], [70,61,0.999998522149], [66,62,0.000761983444], [67,62,-0.999999709691], [72,62,-0.000761983444], [73,62,0.999999709691], [66,63,-0.710456065187], [67,63,0.703741557277], [84,63,0.710456065187], [85,63,-0.703741557277], [66,64,-0.707589816533], [67,64,-0.706623415646], [90,64,0.707589816533], [91,64,0.706623415646], [69,65,-0.708296006929], [70,65,0.705915552009], [87,65,0.708296006929], [88,65,-0.705915552009], [69,66,-0.999999650584], [70,66,-0.000835962144], [90,66,0.999999650584], [91,66,0.000835962144], [72,67,-0.707005766237], [73,67,0.707207781707], [90,67,0.707005766237], [91,67,-0.707207781707], [72,68,-0.709021719641], [73,68,-0.705186642725], [96,68,0.709021719641], [97,68,0.705186642725], [72,69,-0.999998079516], [73,69,0.001959837661], [114,69,0.999998079516], [115,69,-0.001959837661], [75,70,-0.708044544566], [76,70,-0.706167772495], [99,70,0.708044544566], [100,70,0.706167772495], [84,71,0.003845519294], [85,71,-0.999992605963], [87,71,-0.003845519294], [88,71,0.999992605963], [84,72,0.002165153446], [85,72,-0.999997656053], [90,72,-0.002165153446], [91,72,0.999997656053], [84,73,-0.999989410726], [85,73,0.004602003413], [105,73,0.999989410726], [106,73,-0.004602003413], [84,74,-0.706256761868], [85,74,-0.707955779916], [108,74,0.706256761868], [109,74,0.707955779916], [84,75,-0.999990548418], [85,75,0.004347766604], [126,75,0.999990548418], [127,75,-0.004347766604], [87,76,0.000494686057], [88,76,-0.999999877643], [90,76,-0.000494686057], [91,76,0.999999877643], [87,77,-0.001704374919], [88,77,-0.999998547552], [93,77,0.001704374919], [94,77,0.999998547552], [87,78,-0.999990239524], [88,78,-0.004418241300], [108,78,0.999990239524], [109,78,0.004418241300], [87,79,-0.705082335943], [88,79,-0.709125446970], [111,79,0.705082335943], [112,79,0.709125446970], [87,80,-0.999995010570], [88,80,-0.003158929548], [129,80,0.999995010570], [130,80,0.003158929548], [90,81,-0.003906017196], [91,81,-0.999992371486], [93,81,0.003906017196], [94,81,0.999992371486], [90,82,0.000561776158], [91,82,-0.999999842204], [96,82,-0.000561776158], [97,82,0.999999842204], [93,83,0.005030384914], [94,83,-0.999987347534], [96,83,-0.005030384914], [97,83,0.999987347534], [93,84,-0.706361141177], [94,84,0.707851635750], [111,84,0.706361141177], [112,84,-0.707851635750], [93,85,-0.999999813983], [94,85,0.000609945892], [114,85,0.999999813983], [115,85,-0.000609945892], [93,86,-0.999999474754], [94,86,0.001024935095], [135,86,0.999999474754], [136,86,-0.001024935095], [96,87,-0.005113602740], [97,87,-0.999986925448], [99,87,0.005113602740], [100,87,0.999986925448], [96,88,-0.707775420542], [97,88,0.706437508968], [114,88,0.707775420542], [115,88,-0.706437508968], [96,89,-0.999998694252], [97,89,-0.001616011794], [138,89,0.999998694252], [139,89,0.001616011794], [99,90,-0.705427282445], [100,90,0.708782300275], [117,90,0.705427282445], [118,90,-0.708782300275], [99,91,-0.999996037740], [100,91,0.002815049736], [141,91,0.999996037740], [142,91,-0.002815049736], [102,92,-0.999999998975], [103,92,0.000045265972], [123,92,0.999999998975], [124,92,-0.000045265972], [105,93,-0.999991626176], [106,93,0.004092380521], [126,93,0.999991626176], [127,93,-0.004092380521], [108,94,-0.702429396277], [109,94,0.711753428686], [126,94,0.702429396277], [127,94,-0.711753428686], [108,95,-0.999998194103], [109,95,-0.001900471170], [129,95,0.999998194103], [130,95,0.001900471170], [111,96,-0.709496235361], [112,96,0.704709225147], [129,96,0.709496235361], [130,96,-0.704709225147], [114,97,-0.001008202294], [115,97,-0.999999491764], [117,97,0.001008202294], [118,97,0.999999491764], [114,98,0.002358643625], [115,98,-0.999997218396], [120,98,-0.002358643625], [121,98,0.999997218396], [114,99,-0.705968180694], [115,99,-0.708243551222], [138,99,0.705968180694], [139,99,0.708243551222], [117,100,0.005746048179], [118,100,-0.999983491329], [120,100,-0.005746048179], [121,100,0.999983491329], [117,101,-0.704029028472], [118,101,0.710171195606], [135,101,0.704029028472], [136,101,-0.710171195606], [117,102,-0.999999828618], [118,102,0.000585459824], [138,102,0.999999828618], [139,102,-0.000585459824], [117,103,-0.707846631271], [118,103,-0.706366156181], [141,103,0.707846631271], [142,103,0.706366156181], [120,104,-0.709378074464], [121,104,0.704828168754], [138,104,0.709378074464], [139,104,-0.704828168754], [120,105,-0.999999667434], [121,105,0.000815555687], [141,105,0.999999667434], [142,105,-0.000815555687], [120,106,-0.707271724587], [121,106,-0.706941799301], [144,106,0.707271724587], [145,106,0.706941799301], [129,107,-0.003102298059], [130,107,-0.999995187862], [132,107,0.003102298059], [133,107,0.999995187862], [129,108,0.002138492116], [130,108,-0.999997713423], [135,108,-0.002138492116], [136,108,0.999997713423], [132,109,0.002454213286], [133,109,-0.999996988414], [138,109,-0.002454213286], [139,109,0.999996988414], [135,110,-0.002426814945], [136,110,-0.999997055280], [138,110,0.002426814945], [139,110,0.999997055280], [135,111,-0.001204668923], [136,111,-0.999999274386], [141,111,0.001204668923], [142,111,0.999999274386], [138,112,0.000026306794], [139,112,-0.999999999654], [141,112,-0.000026306794], [142,112,0.999999999654], ]
},
"Q": {
"shape": [113, 113],
"data": [[0,0,2.000000000000], [1,0,0.999998511822], [20,0,0.008194927517], [21,0,-0.999993984611], [22,0,-0.700519207775], [23,0,-0.999983719876], [0,1,0.999998511822], [1,1,2.000000000000], [21,1,0.999998480400], [25,1,0.706613446674], [42,1,-0.001230768171], [43,1,-0.705136147253], [2,2,2.000000000000], [3,2,0.001749488964], [4,2,0.709500770404], [5,2,0.005088521565], [6,2,0.999997218493], [10,2,0.710012403561], [11,2,-0.006022299687], [12,2,-0.711323930053], [13,2,-0.000570754021], [2,3,0.001749488964], [3,3,2.000000000000], [4,3,0.705944844588], [5,3,0.999994425365], [24,3,0.006384718687], [25,3,-0.705374602166], [26,3,-0.999977674009], [27,3,-0.708138356837], [28,3,-0.999999930408], [2,4,0.709500770404], [3,4,0.705944844588], [4,4,2.000000000000], [5,4,0.708305845704], [7,4,0.702544297182], [10,4,-0.007508958395], [20,4,0.704926474957], [24,4,0.703745116083], [29,4,-0.005816087225], [30,4,-0.706154122300], [2,5,0.005088521565], [3,5,0.999994425365], [4,5,0.708305845704], [5,5,2.000000000000], [22,5,0.705365258537], [26,5,0.999994411604], [29,5,0.710013309108], [42,5,0.006319023273], [44,5,-0.701748216558], [45,5,-0.710838992361], [2,6,0.999997218493], [6,6,2.000000000000], [7,6,-0.005398897370], [8,6,0.708549062998], [9,6,-0.003351473249], [10,6,0.711671331169], [11,6,-0.003663722956], [12,6,-0.709664173757], [13,6,0.001787849934], [4,7,0.702544297182], [6,7,-0.005398897370], [7,7,2.000000000000], [8,7,0.701825883450], [9,7,0.999997903987], [10,7,0.706344575784], [20,7,-0.009510228862], [24,7,-0.011174338021], [29,7,-0.715714037215], [30,7,-0.999987069734], [6,8,0.708549062998], [7,8,0.701825883450], [8,8,2.000000000000], [9,8,0.703282905174], [11,8,0.708252742993], [31,8,-0.706104541825], [32,8,-0.700516043425], [6,9,-0.003351473249], [7,9,0.999997903987], [8,9,0.703282905174], [9,9,2.000000000000], [27,9,0.706199385063], [46,9,0.004405868672], [47,9,-0.999991708885], [48,9,-0.702227707293], [49,9,-0.999992895395], [2,10,0.710012403561], [4,10,-0.007508958395], [6,10,0.711671331169], [7,10,0.706344575784], [10,10,2.000000000000], [11,10,0.699900492357], [12,10,-0.010099364225], [13,10,0.703783812615], [20,10,-0.714553652349], [24,10,-0.715716903272], [29,10,-0.999911221516], [30,10,-0.702735714374], [2,11,-0.006022299687], [6,11,-0.003663722956], [8,11,0.708252742993], [10,11,0.699900492357], [11,11,2.000000000000], [12,11,0.707135390096], [13,11,0.999985140163], [31,11,-0.000205572893], [32,11,-0.999940598247], [2,12,-0.711323930053], [6,12,-0.709664173757], [10,12,-0.010099364225], [11,12,0.707135390096], [12,12,2.000000000000], [13,12,0.703270206616], [16,12,0.704175347977], [31,12,0.707223524047], [33,12,0.005264520465], [34,12,-0.999985082482], [35,12,-0.702642810596], [2,13,-0.000570754021], [6,13,0.001787849934], [10,13,0.703783812615], [11,13,0.999985140163], [12,13,0.703270206616], [13,13,2.000000000000], [32,13,0.999985158736], [33,13,0.707210419414], [46,13,-0.002842250463], [50,13,-0.705358199938], [14,14,2.000000000000], [15,14,0.999999324533], [16,14,-0.000601746982], [17,14,0.000357811680], [18,14,-0.000839245279], [14,15,0.999999324533], [15,15,2.000000000000], [16,15,0.000560550216], [17,15,0.001520108366], [19,15,0.707691223397], [12,16,0.704175347977], [14,16,-0.000601746982], [15,16,0.000560550216], [16,16,2.000000000000], [17,16,0.999999539624], [31,16,-0.003972003096], [33,16,-0.706309126857], [34,16,-0.708043095110], [35,16,-0.999997675573], [14,17,0.000357811680], [15,17,0.001520108366], [16,17,0.999999539624], [17,17,2.000000000000], [51,17,-0.001996237831], [52,17,-0.999974084442], [53,17,-0.707989927207], [14,18,-0.000839245279], [18,18,2.000000000000], [34,18,0.709059944131], [37,18,0.999999004176], [40,18,0.706678456917], [51,18,0.002477670313], [54,18,-0.703416275338], [55,18,-0.999998096196], [15,19,0.707691223397], [19,19,2.000000000000], [36,19,0.703641998705], [37,19,-0.704102537005], [38,19,-0.005595228648], [39,19,-0.705291598566], [0,20,0.008194927517], [4,20,0.704926474957], [7,20,-0.009510228862], [10,20,-0.714553652349], [20,20,2.000000000000], [21,20,-0.004726458808], [22,20,0.707868879875], [23,20,-0.002488850085], [24,20,0.999998615222], [29,20,0.705168474918], [30,20,0.004425027104], [0,21,-0.999993984611], [1,21,0.999998480400], [20,21,-0.004726458808], [21,21,2.000000000000], [22,21,0.702990257445], [23,21,0.999997496521], [25,21,0.705378793279], [42,21,-0.002974094579], [43,21,-0.706371221826], [0,22,-0.700519207775], [5,22,0.705365258537], [20,22,0.707868879875], [21,22,0.702990257445], [22,22,2.000000000000], [23,22,0.704579893040], [26,22,0.707731100214], [29,22,0.001659082965], [42,22,0.713287092444], [44,22,0.010009422262], [45,22,-0.999969953136], [0,23,-0.999983719876], [20,23,-0.002488850085], [21,23,0.999997496521], [22,23,0.704579893040], [23,23,2.000000000000], [44,23,0.702536684760], [59,23,-0.004095022214], [60,23,-0.002358678491], [3,24,0.006384718687], [4,24,0.703745116083], [7,24,-0.011174338021], [10,24,-0.715716903272], [20,24,0.999998615222], [24,24,2.000000000000], [25,24,-0.713323897857], [26,24,0.000297464239], [27,24,0.701538042639], [28,24,-0.006011652359], [29,24,0.706347480724], [30,24,0.006089202272], [1,25,0.706613446674], [3,25,-0.705374602166], [21,25,0.705378793279], [24,25,-0.713323897857], [25,25,2.000000000000], [26,25,0.700622295165], [27,25,-0.000986745724], [28,25,0.705110105634], [42,25,0.706729558477], [43,25,0.003480458386], [3,26,-0.999977674009], [5,26,0.999994411604], [22,26,0.707731100214], [24,26,0.000297464239], [25,26,0.700622295165], [26,26,2.000000000000], [27,26,0.712840656078], [28,26,0.999980097361], [29,26,0.707655122743], [42,26,0.009662087627], [44,26,-0.699362539438], [45,26,-0.713186451942], [3,27,-0.708138356837], [9,27,0.706199385063], [24,27,0.701538042639], [25,27,-0.000986745724], [26,27,0.712840656078], [27,27,2.000000000000], [28,27,0.708401724933], [46,27,-0.704894720743], [47,27,-0.709076643831], [48,27,-0.999984353433], [49,27,-0.708863225614], [3,28,-0.999999930408], [24,28,-0.006011652359], [25,28,0.705110105634], [26,28,0.999980097361], [27,28,0.708401724933], [28,28,2.000000000000], [43,28,0.706639433275], [59,28,0.002236394237], [61,28,0.001236616142], [62,28,0.000279384372], [63,28,-0.710116357395], [64,28,-0.707930749974], [4,29,-0.005816087225], [5,29,0.710013309108], [7,29,-0.715714037215], [10,29,-0.999911221516], [20,29,0.705168474918], [22,29,0.001659082965], [24,29,0.706347480724], [26,29,0.707655122743], [29,29,2.000000000000], [30,29,0.712153236489], [42,29,-0.699687606808], [44,29,-0.999931921806], [45,29,-0.009410978648], [4,30,-0.706154122300], [7,30,-0.999987069734], [10,30,-0.702735714374], [20,30,0.004425027104], [24,30,0.006089202272], [29,30,0.712153236489], [30,30,2.000000000000], [45,30,0.708695020999], [47,30,0.999999465169], [60,30,0.000422491775], [61,30,-0.001314167411], [65,30,-0.708010019285], [66,30,-0.999999907156], [8,31,-0.706104541825], [11,31,-0.000205572893], [12,31,0.707223524047], [16,31,-0.003972003096], [31,31,2.000000000000], [32,31,-0.010693979371], [33,31,0.710703414521], [34,31,-0.703351305864], [35,31,0.006128095555], [8,32,-0.700516043425], [11,32,-0.999940598247], [13,32,0.999985158736], [31,32,-0.010693979371], [32,32,2.000000000000], [33,32,0.711051780567], [46,32,-0.008290333388], [50,32,-0.701485806734], [12,33,0.005264520465], [13,33,0.707210419414], [16,33,-0.706309126857], [31,33,0.710703414521], [32,33,0.711051780567], [33,33,2.000000000000], [34,33,0.000197607808], [35,33,0.707833809146], [46,33,-0.709010341181], [50,33,0.002323240405], [12,34,-0.999985082482], [16,34,-0.708043095110], [18,34,0.709059944131], [31,34,-0.703351305864], [33,34,0.000197607808], [34,34,2.000000000000], [35,34,0.706518864642], [37,34,0.710054383397], [40,34,0.002160458121], [51,34,0.706902860642], [54,34,0.002439616734], [55,34,-0.707682632587], [12,35,-0.702642810596], [16,35,-0.999997675573], [31,35,0.006128095555], [33,35,0.707833809146], [34,35,0.706518864642], [35,35,2.000000000000], [50,35,0.704732630517], [52,35,0.999991661629], [54,35,0.705968468069], [70,35,-0.706665227589], [19,36,0.703641998705], [36,36,2.000000000000], [37,36,0.009127556960], [38,36,0.706606508539], [39,36,0.007451718778], [40,36,0.702060803757], [41,36,-0.004301595344], [18,37,0.999999004176], [19,37,-0.704102537005], [34,37,0.710054383397], [36,37,0.009127556960], [37,37,2.000000000000], [38,37,0.714026814517], [39,37,0.999998595687], [40,37,0.705679239665], [51,37,0.003888920542], [54,37,-0.702412484234], [55,37,-0.999994346576], [19,38,-0.005595228648], [36,38,0.706606508539], [37,38,0.714026814517], [38,38,2.000000000000], [39,38,0.712852486829], [56,38,-0.008240277824], [57,38,-0.712912205503], [58,38,-0.713123846888], [19,39,-0.705291598566], [36,39,0.007451718778], [37,39,0.999998595687], [38,39,0.712852486829], [39,39,2.000000000000], [53,39,0.708143016241], [55,39,0.999998577570], [56,39,0.707164295628], [18,40,0.706678456917], [34,40,0.002160458121], [36,40,0.702060803757], [37,40,0.705679239665], [40,40,2.000000000000], [41,40,0.709090434388], [51,40,-0.705781758198], [54,40,-0.999989419655], [55,40,-0.708057730239], [36,41,-0.004301595344], [40,41,0.709090434388], [41,41,2.000000000000], [57,41,0.999994766307], [1,42,-0.001230768171], [5,42,0.006319023273], [21,42,-0.002974094579], [22,42,0.713287092444], [25,42,0.706729558477], [26,42,0.009662087627], [29,42,-0.699687606808], [42,42,2.000000000000], [43,42,0.709939260486], [44,42,0.707976455022], [45,42,-0.707832531559], [1,43,-0.705136147253], [21,43,-0.706371221826], [25,43,0.003480458386], [28,43,0.706639433275], [42,43,0.709939260486], [43,43,2.000000000000], [59,43,0.709152375321], [61,43,-0.706699437670], [62,43,-0.707376368789], [63,43,-0.003604573433], [64,43,-0.999998331658], [5,44,-0.701748216558], [22,44,0.010009422262], [23,44,0.702536684760], [26,44,-0.699362539438], [29,44,-0.999931921806], [42,44,0.707976455022], [44,44,2.000000000000], [45,44,-0.002257553646], [59,44,0.708764659489], [60,44,0.709988491979], [5,45,-0.710838992361], [22,45,-0.999969953136], [26,45,-0.713186451942], [29,45,-0.009410978648], [30,45,0.708695020999], [42,45,-0.707832531559], [44,45,-0.002257553646], [45,45,2.000000000000], [47,45,0.709424316907], [60,45,0.705814320823], [61,45,0.704583012847], [65,45,-0.003526821858], [66,45,-0.708998971772], [9,46,0.004405868672], [13,46,-0.002842250463], [27,46,-0.704894720743], [32,46,-0.008290333388], [33,46,-0.709010341181], [46,46,2.000000000000], [47,46,-0.000333751677], [48,46,0.708851585948], [49,46,-0.000636370057], [50,46,-0.706843381216], [9,47,-0.999991708885], [27,47,-0.709076643831], [30,47,0.999999465169], [45,47,0.709424316907], [46,47,-0.000333751677], [47,47,2.000000000000], [48,47,0.705121040719], [49,47,0.999999954211], [60,47,0.001456735910], [61,47,-0.000279923148], [65,47,-0.707279254717], [66,47,-0.999999817996], [9,48,-0.702227707293], [27,48,-0.999984353433], [46,48,0.708851585948], [47,48,0.705121040719], [48,48,2.000000000000], [49,48,0.704906425662], [62,48,0.709564382866], [67,48,0.004386457528], [68,48,-0.999975811043], [69,48,-0.702706692119], [9,49,-0.999992895395], [27,49,-0.708863225614], [46,49,-0.000636370057], [47,49,0.999999954211], [48,49,0.704906425662], [49,49,2.000000000000], [64,49,0.708392559733], [66,49,0.999999954786], [67,49,0.706201444955], [72,49,-0.001028480925], [76,49,0.000641987909], [81,49,-0.005042679788], [82,49,-0.000574897812], [13,50,-0.705358199938], [32,50,-0.701485806734], [33,50,0.002323240405], [35,50,0.704732630517], [46,50,-0.706843381216], [50,50,2.000000000000], [52,50,0.701829473548], [54,50,-0.004960449115], [70,50,-0.999996279861], [17,51,-0.001996237831], [18,51,0.002477670313], [34,51,0.706902860642], [37,51,0.003888920542], [40,51,-0.705781758198], [51,51,2.000000000000], [52,51,-0.005203135981], [53,51,0.707634439914], [54,51,0.709033110124], [55,51,-0.000526363170], [17,52,-0.999974084442], [35,52,0.999991661629], [50,52,0.701829473548], [51,52,-0.005203135981], [52,52,2.000000000000], [53,52,0.702887245664], [54,52,0.708854840262], [70,52,-0.703769915349], [17,53,-0.707989927207], [39,53,0.708143016241], [51,53,0.707634439914], [52,53,0.702887245664], [53,53,2.000000000000], [55,53,0.706951103240], [56,53,0.001547873948], [18,54,-0.703416275338], [34,54,0.002439616734], [35,54,0.705968468069], [37,54,-0.702412484234], [40,54,-0.999989419655], [50,54,-0.004960449115], [51,54,0.709033110124], [52,54,0.708854840262], [54,54,2.000000000000], [55,54,0.704801883509], [70,54,0.002232779290], [18,55,-0.999998096196], [34,55,-0.707682632587], [37,55,-0.999994346576], [39,55,0.999998577570], [40,55,-0.708057730239], [51,55,-0.000526363170], [53,55,0.706951103240], [54,55,0.704801883509], [55,55,2.000000000000], [56,55,0.708355848791], [38,56,-0.008240277824], [39,56,0.707164295628], [53,56,0.001547873948], [55,56,0.708355848791], [56,56,2.000000000000], [57,56,0.707104083412], [58,56,0.706890609643], [38,57,-0.712912205503], [41,57,0.999994766307], [56,57,0.707104083412], [57,57,2.000000000000], [58,57,0.999999954443], [38,58,-0.713123846888], [56,58,0.706890609643], [57,58,0.999999954443], [58,58,2.000000000000], [92,58,-0.999998355768], [23,59,-0.004095022214], [28,59,0.002236394237], [43,59,0.709152375321], [44,59,0.708764659489], [59,59,2.000000000000], [60,59,0.999998492540], [61,59,-0.999993969098], [62,59,-0.999996835426], [63,59,0.702494479944], [64,59,-0.707863297161], [23,60,-0.002358678491], [30,60,0.000422491775], [44,60,0.709988491979], [45,60,0.705814320823], [47,60,0.001456735910], [59,60,0.999998492540], [60,60,2.000000000000], [61,60,0.999998492007], [65,60,0.705903196402], [66,60,-0.000853406116], [28,61,0.001236616142], [30,61,-0.001314167411], [43,61,-0.706699437670], [45,61,0.704583012847], [47,61,-0.000279923148], [59,61,-0.999993969098], [60,61,0.999998492007], [61,61,2.000000000000], [62,61,0.999999541853], [63,61,-0.704961943800], [64,61,0.705405872511], [65,61,0.707132221715], [66,61,0.000883253243], [28,62,0.000279384372], [43,62,-0.707376368789], [48,62,0.709564382866], [59,62,-0.999996835426], [61,62,0.999999541853], [62,62,2.000000000000], [63,62,-0.704282708734], [64,62,0.706084038781], [67,62,0.707746303087], [68,62,-0.704646175191], [69,62,0.002721819073], [28,63,-0.710116357395], [43,63,-0.003604573433], [59,63,0.702494479944], [61,63,-0.704961943800], [62,63,-0.704282708734], [63,63,2.000000000000], [64,63,0.005431213886], [71,63,0.706468426292], [72,63,0.705278154141], [73,63,-0.713687163022], [74,63,-0.003546497007], [75,63,-0.713509054294], [28,64,-0.707930749974], [43,64,-0.999998331658], [49,64,0.708392559733], [59,64,-0.707863297161], [61,64,0.705405872511], [62,64,0.706084038781], [63,64,0.005431213886], [64,64,2.000000000000], [66,64,0.708180279715], [67,64,0.000540502138], [72,64,0.705089718828], [76,64,0.706273294369], [81,64,-0.709381883150], [82,64,-0.706225797055], [30,65,-0.708010019285], [45,65,-0.003526821858], [47,65,-0.707279254717], [60,65,0.705903196402], [61,65,0.707132221715], [65,65,2.000000000000], [66,65,0.707705640760], [71,65,-0.708634098404], [76,65,0.706265849794], [77,65,0.704707324754], [78,65,-0.705170188377], [79,65,0.001175678237], [80,65,-0.706062535440], [30,66,-0.999999907156], [45,66,-0.708998971772], [47,66,-0.999999817996], [49,66,0.999999954786], [60,66,-0.000853406116], [61,66,0.000883253243], [64,66,0.708180279715], [65,66,0.707705640760], [66,66,2.000000000000], [67,66,0.706414320264], [72,66,-0.001329192504], [76,66,0.000341276158], [81,66,-0.004741971599], [82,66,-0.000274186051], [48,67,0.004386457528], [49,67,0.706201444955], [62,67,0.707746303087], [64,67,0.000540502138], [66,67,0.706414320264], [67,67,2.000000000000], [68,67,0.002568962882], [69,67,0.708390420889], [72,67,-0.708736900020], [76,67,-0.707557441070], [81,67,0.704440810082], [82,67,0.707604849095], [48,68,-0.999975811043], [62,68,-0.704646175191], [67,68,0.002568962882], [68,68,2.000000000000], [69,68,0.707638306636], [82,68,0.704788219952], [83,68,0.701611068213], [87,68,-0.708803078134], [88,68,-0.003657850548], [89,68,-0.710160383769], [48,69,-0.702706692119], [62,69,0.002721819073], [67,69,0.708390420889], [68,69,0.707638306636], [69,69,2.000000000000], [85,69,0.999999088895], [88,69,0.709158564106], [97,69,0.000951636307], [98,69,0.004318471305], [99,69,-0.704578782508], [35,70,-0.706665227589], [50,70,-0.999996279861], [52,70,-0.703769915349], [54,70,0.002232779290], [70,70,2.000000000000], [87,70,0.709779198191], [90,70,0.001045279246], [91,70,-0.706053841707], [63,71,0.706468426292], [65,71,-0.708634098404], [71,71,2.000000000000], [72,71,0.999998588173], [73,71,-0.008447447958], [74,71,0.705234621261], [75,71,-0.008193217404], [76,71,-0.999994385932], [77,71,-0.999984599319], [78,71,-0.000572726872], [79,71,-0.706408795944], [80,71,0.000686593916], [49,72,-0.001028480925], [63,72,0.705278154141], [64,72,0.705089718828], [66,72,-0.001329192504], [67,72,-0.708736900020], [71,72,0.999998588173], [72,72,2.000000000000], [73,72,-0.006767123144], [74,72,0.706424966243], [75,72,-0.006512889395], [76,72,0.999998604767], [81,72,-0.999981570430], [82,72,-0.999998714588], [63,73,-0.713687163022], [71,73,-0.008447447958], [72,73,-0.006767123144], [73,73,2.000000000000], [74,73,0.702991268206], [75,73,0.999999967681], [93,73,-0.999999870140], [63,74,-0.003546497007], [71,74,0.705234621261], [72,74,0.706424966243], [73,74,0.702991268206], [74,74,2.000000000000], [75,74,0.703172060127], [78,74,0.709377787931], [94,74,0.007794442858], [95,74,-0.707600935990], [63,75,-0.713509054294], [71,75,-0.008193217404], [72,75,-0.006512889395], [73,75,0.999999967681], [74,75,0.703172060127], [75,75,2.000000000000], [93,75,0.999999967388], [94,75,0.705517294996], [49,76,0.000641987909], [64,76,0.706273294369], [65,76,0.706265849794], [66,76,0.000341276158], [67,76,-0.707557441070], [71,76,-0.999994385932], [72,76,0.999998604767], [76,76,2.000000000000], [77,76,0.999997582065], [78,76,0.003923559530], [79,76,0.708776565803], [80,76,0.002664245572], [81,76,-0.999990316877], [82,76,-0.999999997749], [65,77,0.704707324754], [71,77,-0.999984599319], [76,77,0.999997582065], [77,77,2.000000000000], [78,77,0.006122593166], [79,77,0.710326141651], [80,77,0.004863291374], [81,77,0.999997576367], [83,77,-0.999977321442], [84,77,0.706646703420], [85,77,-0.001094429595], [86,77,-0.000679440417], [65,78,-0.705170188377], [71,78,-0.000572726872], [74,78,0.709377787931], [76,78,0.003923559530], [77,78,0.006122593166], [78,78,2.000000000000], [79,78,0.708208541341], [80,78,0.999999207056], [94,78,-0.699277841838], [95,78,-0.999996830385], [65,79,0.001175678237], [71,79,-0.706408795944], [76,79,0.708776565803], [77,79,0.710326141651], [78,79,0.708208541341], [79,79,2.000000000000], [80,79,0.707318895312], [84,79,-0.003912844149], [96,79,-0.000526018705], [65,80,-0.706062535440], [71,80,0.000686593916], [76,80,0.002664245572], [77,80,0.004863291374], [78,80,0.999999207056], [79,80,0.707318895312], [80,80,2.000000000000], [95,80,0.999999208136], [96,80,0.707266568585], [107,80,-0.006261196927], [108,80,-0.001020440878], [49,81,-0.005042679788], [64,81,-0.709381883150], [66,81,-0.004741971599], [67,81,0.704440810082], [72,81,-0.999981570430], [76,81,-0.999990316877], [77,81,0.999997576367], [81,81,2.000000000000], [82,81,0.999990019383], [83,81,-0.999960070346], [84,81,0.705087177130], [85,81,-0.003296075231], [86,81,-0.002881087868], [49,82,-0.000574897812], [64,82,-0.706225797055], [66,82,-0.000274186051], [67,82,0.707604849095], [68,82,0.704788219952], [72,82,-0.999998714588], [76,82,-0.999999997749], [81,82,0.999990019383], [82,82,2.000000000000], [83,82,0.999990015690], [87,82,-0.999983894954], [88,82,0.706835008851], [89,82,-0.001054236115], [68,83,0.701611068213], [77,83,-0.999977321442], [81,83,-0.999960070346], [82,83,0.999990015690], [83,83,2.000000000000], [84,83,-0.711395948110], [85,83,-0.005640322153], [86,83,-0.006055304399], [87,83,-0.999948549757], [88,83,0.709988953589], [89,83,0.003414386998], [77,84,0.706646703420], [79,84,-0.003912844149], [81,84,0.705087177130], [83,84,-0.711395948110], [84,84,2.000000000000], [85,84,0.706792760980], [86,84,0.707086272148], [96,84,-0.999990148220], [69,85,0.999999088895], [77,85,-0.001094429595], [81,85,-0.003296075231], [83,85,-0.005640322153], [84,85,0.706792760980], [85,85,2.000000000000], [86,85,0.999999913892], [88,85,0.708206177540], [97,85,-0.000398256525], [98,85,0.002968587382], [99,85,-0.705536059127], [77,86,-0.000679440417], [81,86,-0.002881087868], [83,86,-0.006055304399], [84,86,0.707086272148], [85,86,0.999999913892], [86,86,2.000000000000], [101,86,0.704756538066], [108,86,-0.003163423745], [110,86,-0.001401881593], [111,86,-0.000179733938], [68,87,-0.708803078134], [70,87,0.709779198191], [82,87,-0.999983894954], [83,87,-0.999948549757], [87,87,2.000000000000], [88,87,-0.702808990284], [89,87,0.006729586728], [90,87,0.705165758379], [91,87,-0.002298569548], [68,88,-0.003657850548], [69,88,0.709158564106], [82,88,0.706835008851], [83,88,0.709988953589], [85,88,0.708206177540], [87,88,-0.702808990284], [88,88,2.000000000000], [89,88,0.706632885019], [97,88,0.705723569128], [98,88,0.708104933923], [99,88,0.000662884089], [68,89,-0.710160383769], [82,89,-0.001054236115], [83,89,0.003414386998], [87,89,0.006729586728], [88,89,0.706632885019], [89,89,2.000000000000], [99,89,0.707111788809], [102,89,0.999997576761], [104,89,0.708238137562], [109,89,-0.000838203155], [110,89,0.004042818811], [112,89,-0.001589705034], [70,90,0.001045279246], [87,90,0.705165758379], [90,90,2.000000000000], [91,90,0.707419744785], [97,90,-0.708070726641], [100,90,0.712824018373], [101,90,-0.999998057928], [102,90,-0.705842125108], [103,90,0.001325503529], [70,91,-0.706053841707], [87,91,-0.002298569548], [90,91,0.707419744785], [91,91,2.000000000000], [103,91,0.705855370737], [105,91,0.999998001005], [111,91,-0.001610383544], [112,91,-0.002841356425], [58,92,-0.999998355768], [92,92,2.000000000000], [73,93,-0.999999870140], [75,93,0.999999967388], [93,93,2.000000000000], [94,93,0.705336280124], [74,94,0.007794442858], [75,94,0.705517294996], [78,94,-0.699277841838], [93,94,0.705336280124], [94,94,2.000000000000], [95,94,0.701075460890], [74,95,-0.707600935990], [78,95,-0.999996830385], [80,95,0.999999208136], [94,95,0.701075460890], [95,95,2.000000000000], [96,95,0.708155674519], [107,95,-0.005002754482], [108,95,0.000238021430], [79,96,-0.000526018705], [80,96,0.707266568585], [84,96,-0.999990148220], [95,96,0.708155674519], [96,96,2.000000000000], [107,96,0.702504765195], [108,96,0.706224865882], [69,97,0.000951636307], [85,97,-0.000398256525], [88,97,0.705723569128], [90,97,-0.708070726641], [97,97,2.000000000000], [98,97,0.999994332172], [99,97,0.708954950007], [100,97,-0.999977189922], [101,97,0.709461030990], [102,97,-0.000422742595], [103,97,-0.707079449778], [69,98,0.004318471305], [85,98,0.002968587382], [88,98,0.708104933923], [97,98,0.999994332172], [98,98,2.000000000000], [99,98,0.706576453820], [100,98,0.999994262651], [104,98,0.706499378275], [105,98,0.003174196259], [106,98,-0.705271630925], [69,99,-0.704578782508], [85,99,-0.705536059127], [88,99,0.000662884089], [89,99,0.707111788809], [97,99,0.708954950007], [98,99,0.706576453820], [99,99,2.000000000000], [102,99,0.705553411559], [104,99,0.001608343414], [109,99,0.706508821797], [110,99,0.709954719775], [112,99,-0.708224979218], [90,100,0.712824018373], [97,100,-0.999977189922], [98,100,0.999994262651], [100,100,2.000000000000], [101,100,-0.714204856340], [102,100,-0.006331497353], [103,100,0.702287174168], [104,100,0.708892653570], [105,100,0.006561588491], [106,100,-0.702866111227], [86,101,0.704756538066], [90,101,-0.999998057928], [97,101,0.709461030990], [100,101,-0.714204856340], [101,101,2.000000000000], [102,101,0.704444684518], [103,101,-0.003296321550], [108,101,-0.711675132272], [110,101,0.708460556183], [111,101,0.709322558405], [89,102,0.999997576761], [90,102,-0.705842125108], [97,102,-0.000422742595], [99,102,0.705553411559], [100,102,-0.006331497353], [101,102,0.704444684518], [102,102,2.000000000000], [103,102,0.707432960954], [104,102,0.709790601466], [109,102,-0.003039670927], [110,102,0.001841356429], [112,102,0.000611766613], [90,103,0.001325503529], [91,103,0.705855370737], [97,103,-0.707079449778], [100,103,0.702287174168], [101,103,-0.003296321550], [102,103,0.707432960954], [103,103,2.000000000000], [105,103,0.707270314930], [111,103,0.707218364471], [112,103,0.706347534761], [89,104,0.708238137562], [98,104,0.706499378275], [99,104,0.001608343414], [100,104,0.708892653570], [102,104,0.709790601466], [104,104,2.000000000000], [105,104,0.709952665171], [106,104,0.003450560294], [109,104,-0.706567011199], [110,104,-0.703104563920], [112,104,0.704846829973], [91,105,0.999998001005], [98,105,0.003174196259], [100,105,0.006561588491], [103,105,0.707270314930], [104,105,0.709952665171], [105,105,2.000000000000], [106,105,0.706694938968], [111,105,0.000389113427], [112,105,-0.000841862472], [98,106,-0.705271630925], [100,106,-0.702866111227], [104,106,0.003450560294], [105,106,0.706694938968], [106,106,2.000000000000], [80,107,-0.006261196927], [95,107,-0.005002754482], [96,107,0.702504765195], [107,107,2.000000000000], [108,107,0.999986267056], [109,107,-0.999984562589], [80,108,-0.001020440878], [86,108,-0.003163423745], [95,108,0.000238021430], [96,108,0.706224865882], [101,108,-0.711675132272], [107,108,0.999986267056], [108,108,2.000000000000], [110,108,-0.999989578986], [111,108,-0.999994411636], [89,109,-0.000838203155], [99,109,0.706508821797], [102,109,-0.003039670927], [104,109,-0.706567011199], [107,109,-0.999984562589], [109,109,2.000000000000], [110,109,0.999988087782], [112,109,-0.999997052630], [86,110,-0.001401881593], [89,110,0.004042818811], [99,110,0.709954719775], [101,110,0.708460556183], [102,110,0.001841356429], [104,110,-0.703104563920], [108,110,-0.999989578986], [109,110,0.999988087782], [110,110,2.000000000000], [111,110,0.999999253177], [112,110,-0.999996991093], [86,111,-0.000179733938], [91,111,-0.001610383544], [101,111,0.709322558405], [103,111,0.707218364471], [105,111,0.000389113427], [108,111,-0.999994411636], [110,111,0.999999253177], [111,111,2.000000000000], [112,111,0.999999242349], [89,112,-0.001589705034], [91,112,-0.002841356425], [99,112,-0.708224979218], [102,112,0.000611766613], [103,112,0.706347534761], [104,112,0.704846829973], [105,112,-0.000841862472], [109,112,-0.999997052630], [110,112,-0.999996991093], [111,112,0.999999242349], [112,112,2.000000000000], ]
},
"Minv": {
"shape": [147, 147],
