Q:
size: 7
(0,0,0.0795775) (1,0,0.0397887) (2,0,0.0397887) (3,0,-0.0177941) (4,0,-1.98745e-05) (0,1,0.0397887) (1,1,0.0795775) (3,1,0.0178296) (5,1,0.0397887) (6,1,-3.9749e-05) (0,2,0.0397887) (2,2,0.0795775) (3,2,-0.0177763) (4,2,1.98745e-08) (5,2,0.0397887) (0,3,-0.0177941) (1,3,0.0178296) (2,3,-0.0177763) (3,3,0.0795775) (4,3,0.035597) (5,3,0.0178118) (6,3,-0.0355881) (0,4,-1.98745e-05) (2,4,1.98745e-08) (3,4,0.035597) (4,4,0.0795775) (6,4,0.0397887) (1,5,0.0397887) (2,5,0.0397887) (3,5,0.0178118) (5,5,0.0795775) (6,5,-1.98844e-05) (1,6,-3.9749e-05) (3,6,-0.0355881) (4,6,0.0397887) (5,6,-1.98844e-05) (6,6,0.0795775) 
policy_converges:
1
