{
"N": {
"shape": [192, 149],
"data": [[0,0,-0.002404484483], [1,0,-0.999997109223], [6,0,0.002404484483], [7,0,0.999997109223], [0,1,-0.708476112478], [1,1,-0.705734792998], [27,1,0.708476112478], [28,1,0.705734792998], [0,2,-0.999997855351], [1,2,-0.002071060873], [48,2,0.999997855351], [49,2,0.002071060873], [3,3,-0.002116102120], [4,3,-0.999997761053], [6,3,0.002116102120], [7,3,0.999997761053], [3,4,-0.000454796726], [4,4,-0.999999896580], [9,4,0.000454796726], [10,4,0.999999896580], [3,5,-0.999995107424], [4,5,0.003128118848], [27,5,0.999995107424], [28,5,-0.003128118848], [3,6,-0.706272307332], [4,6,-0.707940271419], [30,6,0.706272307332], [31,6,0.707940271419], [3,7,-0.999998824434], [4,7,0.001533339825], [51,7,0.999998824434], [52,7,-0.001533339825], [6,8,-0.707164680262], [7,8,0.707048877370], [27,8,0.707164680262], [28,8,-0.707048877370], [9,9,-0.000236841248], [10,9,-0.999999971953], [12,9,0.000236841248], [13,9,0.999999971953], [9,10,-0.002073544017], [10,10,-0.999997850205], [15,10,0.002073544017], [16,10,0.999997850205], [12,11,-0.003892684519], [13,11,-0.999992423475], [15,11,0.003892684519], [16,11,0.999992423475], [12,12,-0.706667707732], [13,12,0.707545582170], [33,12,0.706667707732], [34,12,-0.707545582170], [12,13,-0.999994508885], [13,13,-0.003313940367], [36,13,0.999994508885], [37,13,0.003313940367], [12,14,-0.999999983150], [13,14,0.000183575805], [60,14,0.999999983150], [61,14,-0.000183575805], [15,15,-0.705722492192], [16,15,0.708488365475], [36,15,0.705722492192], [37,15,-0.708488365475], [15,16,-0.999995815235], [16,16,-0.002893011038], [39,16,0.999995815235], [40,16,0.002893011038], [15,17,-0.704801400201], [16,17,-0.709404670322], [42,17,0.704801400201], [43,17,0.709404670322], [18,18,-0.001851832088], [19,18,-0.999998285357], [21,18,0.001851832088], [22,18,0.999998285357], [18,19,-0.999991748222], [19,19,0.004062448634], [42,19,0.999991748222], [43,19,-0.004062448634], [21,20,-0.707999813975], [22,20,0.706212619125], [42,20,0.707999813975], [43,20,-0.706212619125], [24,21,-0.999975463653], [25,21,-0.007005147548], [48,21,0.999975463653], [49,21,0.007005147548], [27,22,-0.706916652935], [28,22,0.707296858330], [48,22,0.706916652935], [49,22,-0.707296858330], [30,23,-0.705806794852], [31,23,0.708404381933], [51,23,0.705806794852], [52,23,-0.708404381933], [30,24,-0.999994915510], [31,24,0.003188879809], [78,24,0.999994915510], [79,24,-0.003188879809], [33,25,-0.000286435961], [34,25,-0.999999958977], [39,25,0.000286435961], [40,25,0.999999958977], [33,26,-0.710031214979], [34,26,0.704170202263], [54,26,0.710031214979], [55,26,-0.704170202263], [33,27,-0.706941410172], [34,27,-0.707272113534], [60,27,0.706941410172], [61,27,0.707272113534], [33,28,-0.999998978806], [34,28,0.001429120832], [81,28,0.999998978806], [82,28,-0.001429120832], [36,29,0.002341990075], [37,29,-0.999997257537], [39,29,-0.002341990075], [40,29,0.999997257537], [36,30,0.001994325435], [37,30,-0.999998011331], [42,30,-0.001994325435], [43,30,0.999998011331], [36,31,-0.999993154180], [37,31,0.003700215163], [60,31,0.999993154180], [61,31,-0.003700215163], [36,32,-0.705449235377], [37,32,-0.708760450579], [63,32,0.705449235377], [64,32,0.708760450579], [36,33,-0.999998959764], [37,33,0.001442384094], [84,33,0.999998959764], [85,33,-0.001442384094], [39,34,0.001644160126], [40,34,-0.999998648368], [42,34,-0.001644160126], [43,34,0.999998648368], [45,35,-0.999973370882], [46,35,-0.007297775442], [69,35,0.999973370882], [70,35,0.007297775442], [45,36,-0.999995875215], [46,36,-0.002872203488], [93,36,0.999995875215], [94,36,0.002872203488], [48,37,-0.003817498951], [49,37,-0.999992713324], [54,37,0.003817498951], [55,37,0.999992713324], [51,38,-0.001036801186], [52,38,-0.999999462522], [54,38,0.001036801186], [55,38,0.999999462522], [51,39,-0.001339347232], [52,39,-0.999999103074], [57,39,0.001339347232], [58,39,0.999999103074], [51,40,-0.705175892695], [52,40,-0.709032411362], [78,40,0.705175892695], [79,40,0.709032411362], [54,41,-0.001643814061], [55,41,-0.999998648937], [57,41,0.001643814061], [58,41,0.999998648937], [54,42,-0.999992334735], [55,42,0.003915414500], [78,42,0.999992334735], [79,42,-0.003915414500], [57,43,-0.703705450241], [58,43,0.710491829159], [78,43,0.703705450241], [79,43,-0.710491829159], [57,44,-0.999994109219], [58,44,0.003432422909], [81,44,0.999994109219], [82,44,-0.003432422909], [57,45,-0.999999355494], [58,45,0.001135346121], [105,45,0.999999355494], [106,45,-0.001135346121], [60,46,-0.005129593845], [61,46,-0.999986843547], [63,46,0.005129593845], [64,46,0.999986843547], [60,47,-0.708326735741], [61,47,0.705884718233], [81,47,0.708326735741], [82,47,-0.705884718233], [60,48,-0.999999680468], [61,48,-0.000799414418], [84,48,0.999999680468], [85,48,0.000799414418], [60,49,-0.704886856439], [61,49,-0.709319758374], [87,49,0.704886856439], [88,49,0.709319758374], [63,50,-0.703288371369], [64,50,0.710904681865], [84,50,0.703288371369], [85,50,-0.710904681865], [63,51,-0.999997828943], [64,51,0.002083772734], [87,51,0.999997828943], [88,51,-0.002083772734], [63,52,-0.710483949611], [64,52,-0.703713405688], [90,52,0.710483949611], [91,52,0.703713405688], [66,53,-0.999996617497], [67,53,0.002600960140], [90,53,0.999996617497], [91,53,-0.002600960140], [66,54,-0.703932398440], [67,54,-0.710266976866], [93,54,0.703932398440], [94,54,0.710266976866], [69,55,-0.999998847277], [70,55,0.001518368776], [93,55,0.999998847277], [94,55,-0.001518368776], [72,56,-0.001293283822], [73,56,-0.999999163708], [75,56,0.001293283822], [76,56,0.999999163708], [72,57,0.003780067402], [73,57,-0.999992855520], [78,57,-0.003780067402], [79,57,0.999992855520], [72,58,-0.999999789395], [73,58,0.000649006283], [96,58,0.999999789395], [97,58,-0.000649006283], [72,59,-0.708950895783], [73,59,-0.705257844599], [99,59,0.708950895783], [100,59,0.705257844599], [72,60,-0.999995997348], [73,60,0.002829361744], [120,60,0.999995997348], [121,60,-0.002829361744], [75,61,0.001817745088], [76,61,-0.999998347900], [81,61,-0.001817745088], [82,61,0.999998347900], [75,62,-0.705571701558], [76,62,0.708638535476], [96,62,0.705571701558], [97,62,-0.708638535476], [78,63,-0.005226438868], [79,63,-0.999986342075], [81,63,0.005226438868], [82,63,0.999986342075], [81,64,0.002256474084], [82,64,-0.999997454159], [87,64,-0.002256474084], [88,64,0.999997454159], [81,65,-0.999993041500], [82,65,-0.003730543093], [129,65,0.999993041500], [130,65,0.003730543093], [84,66,0.001928266408], [85,66,-0.999998140893], [87,66,-0.001928266408], [88,66,0.999998140893], [84,67,-0.002604551773], [85,67,-0.999996608149], [90,67,0.002604551773], [91,67,0.999996608149], [84,68,-0.707155331095], [85,68,0.707058227944], [105,68,0.707155331095], [106,68,-0.707058227944], [84,69,-0.707236159260], [85,69,-0.706977379437], [111,69,0.707236159260], [112,69,0.706977379437], [87,70,-0.705994255247], [88,70,0.708217559482], [108,70,0.705994255247], [109,70,-0.708217559482], [87,71,-0.999993253938], [88,71,0.003673156537], [135,71,0.999993253938], [136,71,-0.003673156537], [90,72,0.006818149863], [91,72,-0.999976756146], [93,72,-0.006818149863], [94,72,0.999976756146], [90,73,-0.706072894880], [91,73,-0.708139158016], [117,73,0.706072894880], [118,73,0.708139158016], [90,74,-0.999994741643], [91,74,-0.003242944138], [138,74,0.999994741643], [139,74,0.003242944138], [99,75,-0.706390089409], [100,75,0.707822747293], [120,75,0.706390089409], [121,75,-0.707822747293], [99,76,-0.999999575391], [100,76,0.000921529627], [123,76,0.999999575391], [124,76,-0.000921529627], [99,77,-0.703675182107], [100,77,-0.710521806904], [126,77,0.703675182107], [127,77,0.710521806904], [99,78,-0.999999674658], [100,78,0.000806649389], [147,78,0.999999674658], [148,78,-0.000806649389], [102,79,-0.999994655540], [103,79,-0.003269387072], [126,79,0.999994655540], [127,79,0.003269387072], [102,80,-0.703946757213], [103,80,-0.710252745865], [129,80,0.703946757213], [130,80,0.710252745865], [102,81,-0.999997276036], [103,81,-0.002334078192], [150,81,0.999997276036], [151,81,0.002334078192], [105,82,0.001322249961], [106,82,-0.999999125827], [108,82,-0.001322249961], [109,82,0.999999125827], [105,83,-0.002633602139], [106,83,-0.999996532064], [111,83,0.002633602139], [112,83,0.999996532064], [105,84,-0.999980175959], [106,84,-0.006296641101], [129,84,0.999980175959], [130,84,0.006296641101], [105,85,-0.707954944559], [106,85,-0.706257599233], [132,85,0.707954944559], [133,85,0.706257599233], [105,86,-0.999991662570], [106,86,-0.004083477835], [153,86,0.999991662570], [154,86,0.004083477835], [108,87,-0.006576286012], [109,87,-0.999978375997], [111,87,0.006576286012], [112,87,0.999978375997], [108,88,-0.002077091022], [109,88,-0.999997842844], [114,88,0.002077091022], [115,88,0.999997842844], [108,89,-0.709633581095], [109,89,0.704570919484], [129,89,0.709633581095], [130,89,-0.704570919484], [108,90,-0.999999178656], [109,90,-0.001281673626], [132,90,0.999999178656], [133,90,0.001281673626], [108,91,-0.707446491686], [109,91,-0.706766907404], [135,91,0.707446491686], [136,91,0.706766907404], [108,92,-0.999999547525], [109,92,0.000951288344], [156,92,0.999999547525], [157,92,-0.000951288344], [111,93,0.002625921608], [112,93,-0.999996552262], [117,93,-0.002625921608], [118,93,0.999996552262], [111,94,-0.999970451389], [112,94,0.007687415031], [135,94,0.999970451389], [136,94,-0.007687415031], [111,95,-0.703991752343], [112,95,-0.710208147400], [138,95,0.703991752343], [139,95,0.710208147400], [111,96,-0.999998800101], [112,96,0.001549127479], [159,96,0.999998800101], [160,96,-0.001549127479], [114,97,0.002815023078], [115,97,-0.999996037815], [117,97,-0.002815023078], [118,97,0.999996037815], [114,98,-0.701862031378], [115,98,0.712312915024], [135,98,0.701862031378], [136,98,-0.712312915024], [114,99,-0.999999842253], [115,99,0.000561688916], [138,99,0.999999842253], [139,99,-0.000561688916], [114,100,-0.999998618018], [115,100,0.001662516543], [162,100,0.999998618018], [163,100,-0.001662516543], [117,101,-0.708887483622], [118,101,0.705321583084], [138,101,0.708887483622], [139,101,-0.705321583084], [117,102,-0.999992392158], [118,102,-0.003900721286], [165,102,0.999992392158], [166,102,0.003900721286], [120,103,0.003515456201], [121,103,-0.999993820765], [123,103,-0.003515456201], [124,103,0.999993820765], [120,104,0.002458333713], [121,104,-0.999996978293], [126,104,-0.002458333713], [127,104,0.999996978293], [120,105,-0.999983496545], [121,105,-0.005745140337], [144,105,0.999983496545], [145,105,0.005745140337], [120,106,-0.705976423501], [121,106,-0.708235334801], [147,106,0.705976423501], [148,106,0.708235334801], [120,107,-0.999997971714], [121,107,-0.002014092359], [168,107,0.999997971714], [169,107,0.002014092359], [123,108,0.001405993092], [124,108,-0.999999011591], [126,108,-0.001405993092], [127,108,0.999999011591], [123,109,-0.709020703752], [124,109,0.705187664137], [144,109,0.709020703752], [145,109,-0.705187664137], [123,110,-0.999999760389], [124,110,0.000692258719], [147,110,0.999999760389], [148,110,-0.000692258719], [126,111,-0.002347549331], [127,111,-0.999997244502], [132,111,0.002347549331], [133,111,0.999997244502], [129,112,-0.004191229579], [130,112,-0.999991216759], [132,112,0.004191229579], [133,112,0.999991216759], [129,113,0.002106957792], [130,113,-0.999997780362], [135,113,-0.002106957792], [136,113,0.999997780362], [132,114,-0.705999363384], [133,114,0.708212467344], [153,114,0.705999363384], [154,114,-0.708212467344], [132,115,-0.999994863826], [133,115,0.003205046319], [156,115,0.999994863826], [157,115,-0.003205046319], [132,116,-0.999996820559], [133,116,-0.002521680176], [180,116,0.999996820559], [181,116,0.002521680176], [135,117,-0.000300353137], [136,117,-0.999999954894], [138,117,0.000300353137], [139,117,0.999999954894], [135,118,-0.709398450900], [136,118,0.704807660189], [156,118,0.709398450900], [157,118,-0.704807660189], [135,119,-0.999999999848], [136,119,0.000017449119], [183,119,0.999999999848], [184,119,-0.000017449119], [138,120,-0.708799798191], [139,120,0.705409700872], [159,120,0.708799798191], [160,120,-0.705409700872], [141,121,-0.999992090915], [142,121,-0.003977198394], [165,121,0.999992090915], [166,121,0.003977198394], [141,122,-0.999999998373], [142,122,-0.000057046677], [189,122,0.999999998373], [190,122,0.000057046677], [147,123,-0.708721259382], [148,123,0.705488608342], [168,123,0.708721259382], [169,123,-0.705488608342], [147,124,-0.702815501149], [148,124,-0.711372174986], [174,124,0.702815501149], [175,124,0.711372174986], [150,125,0.001712935614], [151,125,-0.999998532925], [153,125,-0.001712935614], [154,125,0.999998532925], [150,126,-0.999999991203], [151,126,-0.000132640278], [174,126,0.999999991203], [175,126,0.000132640278], [150,127,-0.708498311336], [151,127,-0.705712507211], [177,127,0.708498311336], [178,127,0.705712507211], [153,128,-0.707035205461], [154,128,0.707178349668], [174,128,0.707035205461], [175,128,-0.707178349668], [153,129,-0.999995004532], [154,129,0.003160840120], [177,129,0.999995004532], [178,129,-0.003160840120], [156,130,-0.003211622821], [157,130,-0.999994842726], [159,130,0.003211622821], [160,130,0.999994842726], [156,131,0.000391782877], [157,131,-0.999999923253], [162,131,-0.000391782877], [163,131,0.999999923253], [156,132,-0.999966145723], [157,132,-0.008228451065], [180,132,0.999966145723], [181,132,0.008228451065], [156,133,-0.705815699543], [157,133,-0.708395509781], [183,133,0.705815699543], [184,133,0.708395509781], [159,134,0.004004835248], [160,134,-0.999991980615], [162,134,-0.004004835248], [163,134,0.999991980615], [159,135,0.001168648397], [160,135,-0.999999317130], [165,135,-0.001168648397], [166,135,0.999999317130], [159,136,-0.999989445280], [160,136,0.004594488897], [183,136,0.999989445280], [184,136,-0.004594488897], [159,137,-0.704153753022], [160,137,-0.710047528061], [186,137,0.704153753022], [187,137,0.710047528061], [162,138,-0.001662748315], [163,138,-0.999998617633], [165,138,0.001662748315], [166,138,0.999998617633], [162,139,-0.703818727961], [163,139,0.710379615538], [183,139,0.703818727961], [184,139,-0.710379615538], [162,140,-0.708343361160], [163,140,-0.705868034905], [189,140,0.708343361160], [190,140,0.705868034905], [168,141,-0.000457757944], [169,141,-0.999999895229], [171,141,0.000457757944], [172,141,0.999999895229], [174,142,-0.002823309502], [175,142,-0.999996014454], [177,142,0.002823309502], [178,142,0.999996014454], [174,143,-0.002483025640], [175,143,-0.999996917287], [180,143,0.002483025640], [181,143,0.999996917287], [177,144,-0.002144238287], [178,144,-0.999997701118], [180,144,0.002144238287], [181,144,0.999997701118], [177,145,0.001554976094], [178,145,-0.999998791024], [183,145,-0.001554976094], [184,145,0.999998791024], [180,146,0.005299003704], [181,146,-0.999985960181], [183,146,-0.005299003704], [184,146,0.999985960181], [180,147,0.002950612927], [181,147,-0.999995646932], [186,147,-0.002950612927], [187,147,0.999995646932], [183,148,0.000633957631], [184,148,-0.999999799049], [186,148,-0.000633957631], [187,148,0.999999799049], ]
},
"Q": {
"shape": [149, 149],
"data": [[0,0,2.000000000000], [1,0,0.707436272695], [2,0,0.004475534212], [3,0,0.999999958418], [8,0,0.705346466949], [0,1,0.707436272695], [1,1,2.000000000000], [2,1,0.709936212762], [5,1,0.706265023898], [8,1,0.002020290444], [22,1,-0.001669560216], [0,2,0.004475534212], [1,2,0.709936212762], [2,2,2.000000000000], [21,2,0.999987827144], [22,2,0.705450281998], [37,2,-0.005888536545], [0,3,0.999999958418], [3,3,2.000000000000], [4,3,0.999998620030], [5,3,-0.001012020078], [6,3,0.709433230705], [7,3,0.000582763240], [8,3,0.705550861646], [3,4,0.999998620030], [4,4,2.000000000000], [5,4,-0.002673324024], [6,4,0.708261408537], [7,4,-0.001078543475], [9,4,-0.999999976248], [10,4,-0.999998689827], [1,5,0.706265023898], [3,5,-0.001012020078], [4,5,-0.002673324024], [5,5,2.000000000000], [6,5,0.704054330535], [7,5,0.999998728333], [8,5,0.709372953325], [22,5,-0.709125702925], [3,6,0.709433230705], [4,6,0.708261408537], [5,6,0.704054330535], [6,6,2.000000000000], [7,6,0.705185964050], [23,6,0.003016196889], [24,6,-0.704011179860], [3,7,0.000582763240], [4,7,-0.001078543475], [5,7,0.999998728333], [6,7,0.705185964050], [7,7,2.000000000000], [23,7,0.706892189780], [38,7,0.000496539034], [39,7,0.000193992792], [40,7,-0.704087876080], [0,8,0.705346466949], [1,8,0.002020290444], [3,8,0.705550861646], [5,8,0.709372953325], [8,8,2.000000000000], [22,8,-0.999999938494], [4,9,-0.999999976248], [9,9,2.000000000000], [10,9,0.999998313259], [11,9,-0.999993317377], [12,9,0.707378194263], [13,9,-0.003550780222], [14,9,-0.000053265444], [4,10,-0.999998689827], [9,10,0.999998313259], [10,10,2.000000000000], [11,10,0.999998345349], [15,10,0.707023495719], [16,10,-0.004966540158], [17,10,-0.710864581974], [9,11,-0.999993317377], [10,11,0.999998345349], [11,11,2.000000000000], [12,11,-0.704789386987], [13,11,0.007206578402], [14,11,0.003709110039], [15,11,0.705735842576], [16,11,-0.006785657348], [17,11,-0.712142864999], [9,12,0.707378194263], [11,12,-0.704789386987], [12,12,2.000000000000], [13,12,0.704319063472], [14,12,0.706797584075], [25,12,0.707343138101], [26,12,-0.999988646815], [27,12,0.000854593496], [28,12,-0.707678154219], [9,13,-0.003550780222], [11,13,0.007206578402], [12,13,0.704319063472], [13,13,2.000000000000], [14,13,0.999993883675], [15,13,0.703370728795], [29,13,-0.000971954064], [30,13,-0.001319619292], [31,13,-0.999975400810], [32,13,-0.707794151542], [33,13,-0.999988688679], [9,14,-0.000053265444], [11,14,0.003709110039], [12,14,0.706797584075], [13,14,0.999993883675], [14,14,2.000000000000], [27,14,0.706811560212], [31,14,0.999993816600], [46,14,-0.004946020368], [47,14,-0.708456307162], [48,14,-0.999999516865], [49,14,-0.704756630615], [10,15,0.707023495719], [11,15,0.705735842576], [13,15,0.703370728795], [15,15,2.000000000000], [16,15,0.703669874248], [17,15,-0.005210754686], [29,15,0.710139217545], [30,15,0.709894396843], [31,15,-0.708339220336], [32,15,0.004297140639], [33,15,-0.706743670423], [10,16,-0.004966540158], [11,16,-0.006785657348], [15,16,0.703669874248], [16,16,2.000000000000], [17,16,0.706850766314], [25,16,0.003179445681], [29,16,0.000551022830], [34,16,-0.001248853882], [10,17,-0.710864581974], [11,17,-0.712142864999], [15,17,-0.005210754686], [16,17,0.706850766314], [17,17,2.000000000000], [19,17,0.701913664302], [20,17,-0.001991270015], [30,17,0.707997656191], [34,17,0.708244905109], [18,18,2.000000000000], [19,18,-0.002210624862], [20,18,0.704900311449], [17,19,0.701913664302], [18,19,-0.002210624862], [19,19,2.000000000000], [20,19,0.710862924208], [30,19,-0.006056749534], [34,19,-0.005706589702], [17,20,-0.001991270015], [18,20,0.704900311449], [19,20,0.710862924208], [20,20,2.000000000000], [30,20,-0.707623196739], [34,20,-0.707375729648], [2,21,0.999987827144], [21,21,2.000000000000], [22,21,0.701944588930], [37,21,-0.010822501787], [1,22,-0.001669560216], [2,22,0.705450281998], [5,22,-0.709125702925], [8,22,-0.999999938494], [21,22,0.701944588930], [22,22,2.000000000000], [37,22,0.704593050906], [6,23,0.003016196889], [7,23,0.706892189780], [23,23,2.000000000000], [24,23,0.708062222614], [38,23,0.707672219858], [39,23,0.707458426169], [40,23,0.004563730512], [6,24,-0.704011179860], [23,24,0.708062222614], [24,24,2.000000000000], [40,24,0.702911288094], [42,24,0.999999736070], [43,24,0.705967545306], [57,24,-0.006968905208], [63,24,-0.002037576038], [12,25,0.707343138101], [16,25,0.003179445681], [25,25,2.000000000000], [26,25,-0.703966794903], [27,25,0.707474577962], [28,25,-0.001142685105], [29,25,0.999996545685], [34,25,-0.999998136399], [12,26,-0.999988646815], [25,26,-0.703966794903], [26,26,2.000000000000], [27,26,0.003910521141], [28,26,0.711036834205], [37,26,-0.701454527785], [38,26,-0.703433662581], [41,26,0.703002091590], [42,26,-0.712782890622], [12,27,0.000854593496], [14,27,0.706811560212], [25,27,0.707474577962], [26,27,0.003910521141], [27,27,2.000000000000], [28,27,0.705929910937], [31,27,0.704319511580], [46,27,-0.710889130648], [47,27,-0.001492924852], [48,27,-0.707506587807], [49,27,-0.999995792980], [12,28,-0.707678154219], [25,28,-0.001142685105], [26,28,0.711036834205], [27,28,0.705929910937], [28,28,2.000000000000], [44,28,0.999997993379], [47,28,0.709334806958], [61,28,-0.003246861702], [63,28,0.003797332218], [64,28,0.003685588973], [65,28,-0.999986688916], [13,29,-0.000971954064], [15,29,0.710139217545], [16,29,0.000551022830], [25,29,0.999996545685], [29,29,2.000000000000], [30,29,0.999999939564], [31,29,-0.006042179057], [32,29,0.707106351723], [33,29,-0.003784367777], [34,29,-0.999999756516], [13,30,-0.001319619292], [15,30,0.709894396843], [17,30,0.707997656191], [19,30,-0.006056749534], [20,30,-0.707623196739], [29,30,0.999999939564], [30,30,2.000000000000], [31,30,-0.005694519587], [32,30,0.707352145736], [33,30,-0.003436704586], [34,30,0.999999938692], [13,31,-0.999975400810], [14,31,0.999993816600], [15,31,-0.708339220336], [27,31,0.704319511580], [29,31,-0.006042179057], [30,31,-0.005694519587], [31,31,2.000000000000], [32,31,0.702821839833], [33,31,0.999997451083], [46,31,-0.001429392248], [47,31,-0.710933812002], [48,31,-0.999989876646], [49,31,-0.702257395185], [13,32,-0.707794151542], [15,32,0.004297140639], [29,32,0.707106351723], [30,32,0.707352145736], [31,32,0.702821839833], [32,32,2.000000000000], [33,32,0.704426196743], [46,32,0.712369793862], [50,32,0.007726878805], [51,32,-0.703970808105], [52,32,-0.999974589495], [13,33,-0.999988688679], [15,33,-0.706743670423], [29,33,-0.003784367777], [30,33,-0.003436704586], [31,33,0.999997451083], [32,33,0.704426196743], [33,33,2.000000000000], [48,33,0.999997487169], [50,33,0.704313037388], [66,33,0.003370645815], [67,33,-0.001162169862], [68,33,-0.708174445028], [69,33,-0.706215690640], [16,34,-0.001248853882], [17,34,0.708244905109], [19,34,-0.005706589702], [20,34,-0.707375729648], [25,34,-0.999998136399], [29,34,-0.999999756516], [30,34,0.999999938692], [34,34,2.000000000000], [35,35,2.000000000000], [36,35,0.999990206903], [55,35,-0.999961137476], [35,36,0.999990206903], [36,36,2.000000000000], [54,36,0.705969526159], [55,36,0.999990361433], [72,36,-0.003945985013], [2,37,-0.005888536545], [21,37,-0.010822501787], [22,37,0.704593050906], [26,37,-0.701454527785], [37,37,2.000000000000], [38,37,0.999996133837], [41,37,-0.999997637529], [42,37,0.000097916280], [7,38,0.000496539034], [23,38,0.707672219858], [26,38,-0.703433662581], [37,38,0.999996133837], [38,38,2.000000000000], [39,38,0.999999954233], [40,38,0.709763157475], [41,38,-0.999999815767], [42,38,0.002878619156], [7,39,0.000193992792], [23,39,0.707458426169], [38,39,0.999999954233], [39,39,2.000000000000], [40,39,0.709976250793], [41,39,0.999999953650], [43,39,0.709548685953], [44,39,0.002093080488], [45,39,-0.000204001266], [7,40,-0.704087876080], [23,40,0.004563730512], [24,40,0.702911288094], [38,40,0.709763157475], [39,40,0.709976250793], [40,40,2.000000000000], [42,40,0.702394331550], [43,40,-0.007525615814], [57,40,0.706361733290], [63,40,-0.712708286145], [26,41,0.703002091590], [37,41,-0.999997637529], [38,41,-0.999999815767], [39,41,0.999999953650], [41,41,2.000000000000], [42,41,-0.002271607749], [43,41,0.709334108326], [44,41,0.001788613894], [45,41,-0.000508468414], [24,42,0.999999736070], [26,42,-0.712782890622], [37,42,0.000097916280], [38,42,0.002878619156], [40,42,0.702394331550], [41,42,-0.002271607749], [42,42,2.000000000000], [43,42,0.706481926162], [57,42,-0.007695424953], [63,42,-0.001311037783], [24,43,0.705967545306], [39,43,0.709548685953], [40,43,-0.007525615814], [41,43,0.709334108326], [42,43,0.706481926162], [43,43,2.000000000000], [44,43,0.706140013298], [45,43,0.704511650841], [57,43,-0.713146807097], [63,43,0.706804251798], [28,44,0.999997993379], [39,44,0.002093080488], [41,44,0.001788613894], [43,44,0.706140013298], [44,44,2.000000000000], [45,44,0.999997361705], [47,44,0.710745458022], [61,44,-0.005250151618], [63,44,0.001794032050], [64,44,0.005688874962], [65,44,-0.999974345958], [39,45,-0.000204001266], [41,45,-0.000508468414], [43,45,0.704511650841], [44,45,0.999997361705], [45,45,2.000000000000], [68,45,0.707957631146], [82,45,0.002457594237], [83,45,-0.001498258258], [84,45,-0.999972382599], [85,45,-0.707152641452], [86,45,-0.999986381909], [14,46,-0.004946020368], [27,46,-0.710889130648], [31,46,-0.001429392248], [32,46,0.712369793862], [46,46,2.000000000000], [47,46,-0.702242002829], [48,46,0.005928996106], [49,46,0.712926209522], [50,46,0.707287745179], [51,46,-0.003045837390], [52,46,-0.707348641411], [14,47,-0.708456307162], [27,47,-0.001492924852], [28,47,0.709334806958], [31,47,-0.710933812002], [44,47,0.710745458022], [46,47,-0.702242002829], [47,47,2.000000000000], [48,47,0.707762214987], [49,47,-0.001407771689], [61,47,-0.707171109485], [63,47,-0.702173050929], [64,47,0.707481242084], [65,47,-0.705688473490], [14,48,-0.999999516865], [27,48,-0.707506587807], [31,48,-0.999989876646], [33,48,0.999997487169], [46,48,0.005928996106], [47,48,0.707762214987], [48,48,2.000000000000], [49,48,0.705453671647], [50,48,0.702719839194], [66,48,0.001128852860], [67,48,-0.003403962647], [68,48,-0.706589872595], [69,48,-0.707801101186], [14,49,-0.704756630615], [27,49,-0.999995792980], [31,49,-0.702257395185], [46,49,0.712926209522], [47,49,-0.001407771689], [48,49,0.705453671647], [49,49,2.000000000000], [51,49,0.703407264917], [64,49,0.707727393635], [66,49,0.707959230026], [70,49,0.004706636924], [71,49,-0.702276658721], [32,50,0.007726878805], [33,50,0.704313037388], [46,50,0.707287745179], [48,50,0.702719839194], [50,50,2.000000000000], [51,50,0.704768208282], [52,50,-0.000598054989], [66,50,0.712259487558], [67,50,0.709070519607], [68,50,-0.999985125707], [69,50,0.005202562395], [32,51,-0.703970808105], [46,51,-0.003045837390], [49,51,0.703407264917], [50,51,0.704768208282], [51,51,2.000000000000], [52,51,0.709016028303], [64,51,-0.004340236613], [66,51,-0.004012031081], [70,51,-0.707468486933], [71,51,-0.999998736919], [32,52,-0.999974589495], [46,52,-0.707348641411], [50,52,-0.000598054989], [51,52,0.709016028303], [52,52,2.000000000000], [53,52,0.708651215879], [67,52,0.705561511028], [72,52,-0.698852862633], [73,52,-0.999980477656], [74,52,-0.712762316896], [52,53,0.708651215879], [53,53,2.000000000000], [54,53,0.702082641291], [67,53,0.000003591645], [72,53,0.009419026485], [73,53,-0.704228664863], [74,53,-0.999982924390], [36,54,0.705969526159], [53,54,0.702082641291], [54,54,2.000000000000], [55,54,0.702853139801], [72,54,0.705450950938], [35,55,-0.999961137476], [36,55,0.999990361433], [54,55,0.702853139801], [55,55,2.000000000000], [72,55,-0.008336475487], [56,56,2.000000000000], [57,56,0.999987130534], [58,56,0.000644277809], [59,56,0.706174129521], [60,56,-0.001536080733], [61,56,-0.999995160749], [62,56,0.707725438380], [24,57,-0.006968905208], [40,57,0.706361733290], [42,57,-0.007695424953], [43,57,-0.713146807097], [56,57,0.999987130534], [57,57,2.000000000000], [58,57,-0.004429068252], [59,57,0.702572923728], [60,57,-0.006609393801], [63,57,-0.999959441401], [56,58,0.000644277809], [57,58,-0.004429068252], [58,58,2.000000000000], [59,58,0.708493029702], [60,58,0.999997623018], [62,58,0.706031463823], [56,59,0.706174129521], [57,59,0.702572923728], [58,59,0.708493029702], [59,59,2.000000000000], [60,59,0.706952628534], [75,59,-0.001598341545], [76,59,-0.708300678758], [77,59,-0.999972228773], [78,59,-0.708381769323], [56,60,-0.001536080733], [57,60,-0.006609393801], [58,60,0.999997623018], [59,60,0.706952628534], [60,60,2.000000000000], [75,60,0.708389948578], [103,60,0.006344786391], [104,60,0.005287677068], [105,60,-0.999963238879], [106,60,-0.703969743762], [107,60,-0.999988270474], [28,61,-0.003246861702], [44,61,-0.005250151618], [47,61,-0.707171109485], [56,61,-0.999995160749], [61,61,2.000000000000], [62,61,-0.709919914228], [63,61,0.999975189664], [64,61,-0.999999903758], [65,61,-0.001912804491], [56,62,0.707725438380], [58,62,0.706031463823], [61,62,-0.709919914228], [62,62,2.000000000000], [24,63,-0.002037576038], [28,63,0.003797332218], [40,63,-0.712708286145], [42,63,-0.001311037783], [43,63,0.706804251798], [44,63,0.001794032050], [47,63,-0.702173050929], [57,63,-0.999959441401], [61,63,0.999975189664], [63,63,2.000000000000], [64,63,-0.999972002945], [65,63,-0.008956894641], [28,64,0.003685588973], [44,64,0.005688874962], [47,64,0.707481242084], [49,64,0.707727393635], [51,64,-0.004340236613], [61,64,-0.999999903758], [63,64,-0.999972002945], [64,64,2.000000000000], [65,64,0.001474075213], [66,64,0.999999946140], [70,64,0.709808814213], [71,64,0.005929606047], [28,65,-0.999986688916], [44,65,-0.999974345958], [47,65,-0.705688473490], [61,65,-0.001912804491], [63,65,-0.008956894641], [64,65,0.001474075213], [65,65,2.000000000000], [80,65,0.706591487275], [84,65,0.999996707488], [89,65,0.707000210932], [112,65,-0.007921710741], [113,65,-0.001623591681], [33,66,0.003370645815], [48,66,0.001128852860], [49,66,0.707959230026], [50,66,0.712259487558], [51,66,-0.004012031081], [64,66,0.999999946140], [66,66,2.000000000000], [67,66,0.999989726778], [68,66,-0.708420497317], [69,66,0.705612325362], [70,66,0.709577587836], [71,66,0.005601403108], [33,67,-0.001162169862], [48,67,-0.003403962647], [50,67,0.709070519607], [52,67,0.705561511028], [53,67,0.000003591645], [66,67,0.999989726778], [67,67,2.000000000000], [68,67,-0.705214007037], [69,67,0.708817014668], [72,67,-0.999955606150], [73,67,-0.709975759524], [74,67,-0.005847471216], [33,68,-0.708174445028], [45,68,0.707957631146], [48,68,-0.706589872595], [50,68,-0.999985125707], [66,68,-0.708420497317], [67,68,-0.705214007037], [68,68,2.000000000000], [69,68,0.000251647262], [82,68,0.707992645962], [83,68,0.705193410119], [84,68,-0.702689220520], [85,68,-0.001268866634], [86,68,-0.704262178635], [33,69,-0.706215690640], [48,69,-0.707801101186], [50,69,0.005202562395], [66,69,0.705612325362], [67,69,0.708817014668], [68,69,0.000251647262], [69,69,2.000000000000], [83,69,0.708837506347], [87,69,0.711613079017], [93,69,-0.705117795251], [94,69,-0.701780432880], [95,69,-0.999989517981], [96,69,-0.706140112562], [49,70,0.004706636924], [51,70,-0.707468486933], [64,70,0.709808814213], [66,70,0.709577587836], [70,70,2.000000000000], [71,70,0.708590886524], [82,70,-0.709150441254], [87,70,0.703559424839], [88,70,0.706749617417], [89,70,-0.999986728662], [90,70,-0.705085971615], [91,70,0.001091575259], [92,70,-0.706667654911], [49,71,-0.702276658721], [51,71,-0.999998736919], [64,71,0.005929606047], [66,71,0.005601403108], [70,71,0.708590886524], [71,71,2.000000000000], [91,71,0.704845653722], [94,71,0.999991942604], [98,71,0.704473733413], [113,71,-0.005780091963], [117,71,0.003372805261], [118,71,-0.711982534119], [119,71,-0.999993317879], [36,72,-0.003945985013], [52,72,-0.698852862633], [53,72,0.009419026485], [54,72,0.705450950938], [55,72,-0.008336475487], [67,72,-0.999955606150], [72,72,2.000000000000], [73,72,0.703308587321], [74,72,-0.003575245252], [52,73,-0.999980477656], [53,73,-0.704228664863], [67,73,-0.709975759524], [72,73,0.703308587321], [73,73,2.000000000000], [74,73,0.708365637828], [93,73,0.706282624466], [97,73,0.706148740743], [101,73,-0.001060405730], [102,73,-0.708829776676], [52,74,-0.712762316896], [53,74,-0.999982924390], [67,74,-0.005847471216], [72,74,-0.003575245252], [73,74,0.708365637828], [74,74,2.000000000000], [95,74,0.706291215851], [99,74,0.999992762371], [101,74,0.706596437546], [117,74,0.003543295549], [120,74,-0.706508466815], [59,75,-0.001598341545], [60,75,0.708389948578], [75,75,2.000000000000], [76,75,0.707042069102], [77,75,-0.005854322571], [78,75,0.706960824377], [103,75,0.710301656910], [104,75,0.709557151031], [105,75,-0.702311890515], [106,75,0.002610331490], [107,75,-0.704963036261], [59,76,-0.708300678758], [75,76,0.707042069102], [76,76,2.000000000000], [77,76,0.703020116425], [78,76,0.999999993401], [103,76,-0.004436978642], [108,76,0.002327521211], [109,76,-0.709670254021], [110,76,-0.999999973717], [59,77,-0.999972228773], [75,77,-0.005854322571], [76,77,0.703020116425], [77,77,2.000000000000], [78,77,0.703101811191], [79,77,0.705994392153], [104,77,0.708789791492], [108,77,0.709531742173], [111,77,-0.712171761266], [59,78,-0.708381769323], [75,78,0.706960824377], [76,78,0.999999993401], [77,78,0.703101811191], [78,78,2.000000000000], [106,78,0.705404896218], [110,78,0.999999993457], [123,78,-0.709290110760], [124,78,-0.702241444564], [77,79,0.705994392153], [79,79,2.000000000000], [80,79,0.706265086143], [81,79,0.999999562595], [104,79,0.000811056618], [108,79,0.001863398263], [111,79,-0.005616914848], [65,80,0.706591487275], [79,80,0.706265086143], [80,80,2.000000000000], [81,80,0.705602625132], [84,80,0.708405008775], [89,80,-0.000879171999], [112,80,-0.713196910015], [113,80,-0.708767983256], [79,81,0.999999562595], [80,81,0.705602625132], [81,81,2.000000000000], [125,81,-0.000621143820], [126,81,-0.999997576832], [127,81,-0.710143569585], [45,82,0.002457594237], [68,82,0.707992645962], [70,82,-0.709150441254], [82,82,2.000000000000], [83,82,0.999992175614], [84,82,0.004974411849], [85,82,0.705320888444], [86,82,0.002761235329], [87,82,-0.999968806349], [88,82,-0.999994222240], [89,82,0.705508616542], [90,82,0.000040576369], [91,82,-0.705830868471], [92,82,0.002273536875], [45,83,-0.001498258258], [68,83,0.705193410119], [69,83,0.708837506347], [82,83,0.999992175614], [83,83,2.000000000000], [84,83,0.008930169196], [85,83,0.708119621633], [86,83,0.006717043856], [87,83,0.999992227457], [93,83,-0.999986168705], [94,83,0.005053864052], [95,83,-0.712059718628], [96,83,-0.001084476872], [45,84,-0.999972382599], [65,84,0.999996707488], [68,84,-0.702689220520], [80,84,0.708405008775], [82,84,0.004974411849], [83,84,0.008930169196], [84,84,2.000000000000], [85,84,0.712387960659], [86,84,0.999997550888], [89,84,0.705183083079], [112,84,-0.010487732288], [113,84,-0.004189711101], [45,85,-0.707152641452], [68,85,-0.001268866634], [82,85,0.705320888444], [83,85,0.708119621633], [84,85,0.712387960659], [85,85,2.000000000000], [86,85,0.710833029286], [90,85,0.708859554823], [111,85,0.707917612298], [112,85,0.709218597706], [114,85,0.000364696769], [115,85,-0.705687720061], [116,85,-0.709733649446], [45,86,-0.999986381909], [68,86,-0.704262178635], [82,86,0.002761235329], [83,86,0.006717043856], [84,86,0.999997550888], [85,86,0.710833029286], [86,86,2.000000000000], [114,86,0.703101507251], [125,86,0.002370550512], [128,86,-0.704141563488], [129,86,-0.999973759923], [69,87,0.711613079017], [70,87,0.703559424839], [82,87,-0.999968806349], [83,87,0.999992227457], [87,87,2.000000000000], [88,87,0.999989878433], [89,87,-0.699888930448], [90,87,0.007857926521], [91,87,0.711403994741], [92,87,0.005625015262], [93,87,-0.999957659522], [94,87,0.001111157107], [95,87,-0.714822440970], [96,87,-0.005027184140], [70,88,0.706749617417], [82,88,-0.999994222240], [87,88,0.999989878433], [88,88,2.000000000000], [89,88,-0.703095426075], [90,88,0.003358760177], [91,88,0.708234813554], [92,88,0.001125803790], [97,88,-0.999988033608], [98,88,0.710853547130], [99,88,-0.001515402990], [100,88,-0.000414575194], [65,89,0.707000210932], [70,89,-0.999986728662], [80,89,-0.000879171999], [82,89,0.705508616542], [84,89,0.705183083079], [87,89,-0.699888930448], [88,89,-0.703095426075], [89,89,2.000000000000], [90,89,0.708729968276], [91,89,0.004060377518], [92,89,0.710303510107], [112,89,0.701590493812], [113,89,0.706064523595], [70,90,-0.705085971615], [82,90,0.000040576369], [85,90,0.708859554823], [87,90,0.007857926521], [88,90,0.003358760177], [89,90,0.708729968276], [90,90,2.000000000000], [91,90,0.708351755134], [92,90,0.999997506940], [111,90,0.003629217497], [112,90,0.005472888505], [114,90,-0.705091086275], [115,90,-0.999989934663], [116,90,-0.999999231189], [70,91,0.001091575259], [71,91,0.704845653722], [82,91,-0.705830868471], [87,91,0.711403994741], [88,91,0.708234813554], [89,91,0.004060377518], [90,91,0.708351755134], [91,91,2.000000000000], [92,91,0.706773832463], [94,91,0.701992377077], [98,91,-0.006909364309], [113,91,0.705274778739], [117,91,-0.706979359297], [118,91,-0.003726714991], [119,91,-0.707434159118], [70,92,-0.706667654911], [82,92,0.002273536875], [87,92,0.005625015262], [88,92,0.001125803790], [89,92,0.710303510107], [90,92,0.999997506940], [91,92,0.706773832463], [92,92,2.000000000000], [115,92,0.999997460277], [118,92,0.710068605227], [130,92,-0.002260337929], [131,92,0.001343070971], [132,92,-0.999957865634], [133,92,-0.705141491788], [69,93,-0.705117795251], [73,93,0.706282624466], [83,93,-0.999986168705], [87,93,-0.999957659522], [93,93,2.000000000000], [94,93,-0.010313232543], [95,93,0.708357071634], [96,93,-0.004175040596], [97,93,0.999999982120], [101,93,0.707180634281], [102,93,-0.001274806207], [69,94,-0.701780432880], [71,94,0.999991942604], [83,94,0.005053864052], [87,94,0.001111157107], [91,94,0.701992377077], [93,94,-0.010313232543], [94,94,2.000000000000], [95,94,0.698511285577], [96,94,0.999981160311], [98,94,0.707317137339], [113,94,-0.009794293502], [117,94,0.007387070422], [118,94,-0.714795638162], [119,94,-0.999970585375], [69,95,-0.999989517981], [74,95,0.706291215851], [83,95,-0.712059718628], [87,95,-0.714822440970], [93,95,0.708357071634], [94,95,0.698511285577], [95,95,2.000000000000], [96,95,0.702890704667], [99,95,0.703592725246], [101,95,-0.001874193033], [117,95,0.710419561496], [120,95,0.001998504825], [69,96,-0.706140112562], [83,96,-0.001084476872], [87,96,-0.005027184140], [93,96,-0.004175040596], [94,96,0.999981160311], [95,96,0.702890704667], [96,96,2.000000000000], [120,96,0.709891717255], [130,96,0.001662499477], [134,96,0.005553945498], [135,96,0.002717773416], [136,96,-0.999995362843], [137,96,-0.703052953971], [73,97,0.706148740743], [88,97,-0.999988033608], [93,97,0.999999982120], [97,97,2.000000000000], [98,97,-0.714285850525], [99,97,-0.003376709325], [100,97,-0.004477529144], [101,97,0.707314323095], [102,97,-0.001085704169], [71,98,0.704473733413], [88,98,0.710853547130], [91,98,-0.006909364309], [94,98,0.707317137339], [97,98,-0.714285850525], [98,98,2.000000000000], [99,98,0.702262018930], [100,98,0.703045293423], [113,98,-0.713790127624], [117,98,0.712102076432], [118,98,-0.999943436765], [119,98,-0.701874460504], [74,99,0.999992762371], [88,99,-0.001515402990], [95,99,0.703592725246], [97,99,-0.003376709325], [98,99,0.702262018930], [99,99,2.000000000000], [100,99,0.999999394089], [101,99,0.709283543113], [117,99,-0.000261335801], [120,99,-0.709195907191], [88,100,-0.000414575194], [97,100,-0.004477529144], [98,100,0.703045293423], [99,100,0.999999394089], [100,100,2.000000000000], [131,100,-0.002054298751], [134,100,-0.005667332924], [138,100,-0.000000231772], [139,100,-0.704998773159], [140,100,-0.707168864957], [73,101,-0.001060405730], [74,101,0.706596437546], [93,101,0.707180634281], [95,101,-0.001874193033], [97,101,0.707314323095], [99,101,0.709283543113], [101,101,2.000000000000], [102,101,0.706130827606], [117,101,-0.705108634690], [120,101,-0.999999992273], [73,102,-0.708829776676], [93,102,-0.001274806207], [97,102,-0.001085704169], [101,102,0.706130827606], [102,102,2.000000000000], [121,102,0.999999997076], [135,102,0.002732079116], [138,102,0.005563451559], [60,103,0.006344786391], [75,103,0.710301656910], [76,103,-0.004436978642], [103,103,2.000000000000], [104,103,0.999999441241], [105,103,0.002229706652], [106,103,0.705749129252], [107,103,-0.001501369158], [108,103,-0.999997775069], [109,103,0.707675837847], [110,103,0.004207709800], [60,104,0.005287677068], [75,104,0.709557151031], [77,104,0.708789791492], [79,104,0.000811056618], [103,104,0.999999441241], [104,104,2.000000000000], [105,104,0.003286829834], [106,104,0.706497669078], [107,104,-0.000444242454], [108,104,0.999999446288], [111,104,-0.999988451744], [60,105,-0.999963238879], [75,105,-0.702311890515], [103,105,0.002229706652], [104,105,0.003286829834],