{
"N": {
"shape": [192, 136],
"data": [[0,0,0.003332245700], [1,0,-0.999994448054], [3,0,-0.003332245700], [4,0,0.999994448054], [0,1,0.000111068320], [1,1,-0.999999993832], [6,1,-0.000111068320], [7,1,0.999999993832], [0,2,-0.999982949252], [1,2,0.005839623763], [24,2,0.999982949252], [25,2,-0.005839623763], [0,3,-0.708200434060], [1,3,-0.706011434183], [27,3,0.708200434060], [28,3,0.706011434183], [3,4,-0.708490182799], [4,4,0.705720667742], [24,4,0.708490182799], [25,4,-0.705720667742], [3,5,-0.999999344586], [4,5,-0.001144913426], [27,5,0.999999344586], [28,5,0.001144913426], [3,6,-0.999996983451], [4,6,-0.002456234622], [51,6,0.999996983451], [52,6,0.002456234622], [6,7,-0.003186893686], [7,7,-0.999994921841], [9,7,0.003186893686], [10,7,0.999994921841], [6,8,-0.707689722487], [7,8,0.706523358911], [27,8,0.707689722487], [28,8,-0.706523358911], [6,9,-0.707332863472], [7,9,-0.706880626593], [33,9,0.707332863472], [34,9,0.706880626593], [9,10,-0.703549269968], [10,10,0.710646483653], [30,10,0.703549269968], [31,10,-0.710646483653], [9,11,-0.999999583031], [10,11,0.000913201982], [33,11,0.999999583031], [34,11,-0.000913201982], [9,12,-0.708336340558], [10,12,-0.705875080057], [36,12,0.708336340558], [37,12,0.705875080057], [12,13,0.004127054819], [13,13,-0.999991483673], [18,13,-0.004127054819], [19,13,0.999991483673], [15,14,0.003237012011], [16,14,-0.999994760863], [18,14,-0.003237012011], [19,14,0.999994760863], [15,15,-0.706779421446], [16,15,0.707433989443], [36,15,0.706779421446], [37,15,-0.707433989443], [15,16,-0.999981630338], [16,16,0.006061269356], [39,16,0.999981630338], [40,16,-0.006061269356], [15,17,-0.999994820060], [16,17,0.003218672553], [63,17,0.999994820060], [64,17,-0.003218672553], [18,18,-0.706025713774], [19,18,0.708186198319], [39,18,0.706025713774], [40,18,-0.708186198319], [18,19,-0.999999819329], [19,19,0.000601117211], [42,19,0.999999819329], [43,19,-0.000601117211], [24,20,0.002219511633], [25,20,-0.999997536881], [27,20,-0.002219511633], [28,20,0.999997536881], [27,21,-0.001203484473], [28,21,-0.999999275812], [33,21,0.001203484473], [34,21,0.999999275812], [30,22,-0.003514703614], [31,22,-0.999993823410], [33,22,0.003514703614], [34,22,0.999993823410], [30,23,-0.002010967663], [31,23,-0.999997978002], [36,23,0.002010967663], [37,23,0.999997978002], [30,24,-0.711850109330], [31,24,0.702331418810], [51,24,0.711850109330], [52,24,-0.702331418810], [30,25,-0.999976532682], [31,25,-0.006850845554], [54,25,0.999976532682], [55,25,0.006850845554], [36,26,0.002294692229], [37,26,-0.999997367190], [39,26,-0.002294692229], [40,26,0.999997367190], [39,27,-0.707182176321], [40,27,0.707031378012], [60,27,0.707182176321], [61,27,-0.707031378012], [39,28,-0.999999889363], [40,28,-0.000470398605], [87,28,0.999999889363], [88,28,0.000470398605], [42,29,-0.002647121990], [43,29,-0.999996496366], [45,29,0.002647121990], [46,29,0.999996496366], [48,30,-0.999999363976], [49,30,-0.001127850457], [72,30,0.999999363976], [73,30,0.001127850457], [51,31,0.005420703510], [52,31,-0.999985307879], [54,31,-0.005420703510], [55,31,0.999985307879], [51,32,-0.702962491896], [52,32,0.711226922288], [72,32,0.702962491896], [73,32,-0.711226922288], [54,33,-0.706310212202], [55,33,0.707902453830], [75,33,0.706310212202], [76,33,-0.707902453830], [54,34,-0.999978223362], [55,34,0.006599454688], [78,34,0.999978223362], [79,34,-0.006599454688], [54,35,-0.710371029377], [55,35,-0.703827394055], [81,35,0.710371029377], [82,35,0.703827394055], [57,36,-0.002374189269], [58,36,-0.999997181609], [60,36,0.002374189269], [61,36,0.999997181609], [57,37,-0.003259694296], [58,37,-0.999994687182], [63,37,0.003259694296], [64,37,0.999994687182], [57,38,-0.999999173376], [58,38,0.001285786696], [81,38,0.999999173376], [82,38,-0.001285786696], [57,39,-0.706395876220], [58,39,-0.707816972147], [84,39,0.706395876220], [85,39,0.707816972147], [57,40,-0.999996036465], [58,40,-0.002815502505], [105,40,0.999996036465], [106,40,0.002815502505], [60,41,-0.004147121476], [61,41,-0.999991400655], [63,41,0.004147121476], [64,41,0.999991400655], [60,42,-0.999980377297], [61,42,-0.006264584614], [84,42,0.999980377297], [85,42,0.006264584614], [60,43,-0.707311402679], [61,43,-0.706902100464], [87,43,0.707311402679], [88,43,0.706902100464], [63,44,-0.709305386630], [64,44,0.704901318269], [84,44,0.709305386630], [85,44,-0.704901318269], [63,45,-0.999999117772], [64,45,-0.001328327872], [87,45,0.999999117772], [88,45,0.001328327872], [63,46,-0.999993050237], [64,46,-0.003728200247], [111,46,0.999993050237], [112,46,0.003728200247], [66,47,-0.704867667752], [67,47,0.709338826625], [87,47,0.704867667752], [88,47,-0.709338826625], [66,48,-0.999999700560], [67,48,-0.000773873608], [90,48,0.999999700560], [91,48,0.000773873608], [66,49,-0.999996956050], [67,49,-0.002467365240], [114,49,0.999996956050], [115,49,0.002467365240], [69,50,-0.705874173132], [70,50,0.708337244330], [90,50,0.705874173132], [91,50,-0.708337244330], [69,51,-0.999998285983], [70,51,0.001851494022], [117,51,0.999998285983], [118,51,-0.001851494022], [75,52,-0.003814215718], [76,52,-0.999992725853], [78,52,0.003814215718], [79,52,0.999992725853], [75,53,0.000264231026], [76,53,-0.999999965091], [81,53,-0.000264231026], [82,53,0.999999965091], [75,54,-0.706567599830], [76,54,0.707645551721], [96,54,0.706567599830], [97,54,-0.707645551721], [75,55,-0.999993692047], [76,55,-0.003551882121], [99,55,0.999993692047], [100,55,0.003551882121], [78,56,-0.707577539116], [79,56,0.706635709641], [99,56,0.707577539116], [100,56,-0.706635709641], [78,57,-0.702026317103], [79,57,-0.712151002313], [105,57,0.702026317103], [106,57,0.712151002313], [81,58,-0.999998139323], [82,58,-0.001929080044], [129,58,0.999998139323], [130,58,0.001929080044], [84,59,0.002171108496], [85,59,-0.999997643141], [87,59,-0.002171108496], [88,59,0.999997643141], [84,60,-0.000244807656], [85,60,-0.999999970035], [90,60,0.000244807656], [91,60,0.999999970035], [84,61,-0.706870472652], [85,61,-0.707343010775], [111,61,0.706870472652], [112,61,0.707343010775], [84,62,-0.999999572945], [85,62,0.000924180212], [132,62,0.999999572945], [133,62,-0.000924180212], [87,63,-0.999981295401], [88,63,-0.006116277282], [111,63,0.999981295401], [112,63,0.006116277282], [90,64,-0.707935020657], [91,64,0.706277570455], [111,64,0.707935020657], [112,64,-0.706277570455], [90,65,-0.707386950951], [91,65,-0.706826500369], [117,65,0.707386950951], [118,65,0.706826500369], [93,66,-0.709190247297], [94,66,0.705017158045], [114,66,0.709190247297], [115,66,-0.705017158045], [93,67,-0.999999691577], [94,67,0.000785394821], [117,67,0.999999691577], [118,67,-0.000785394821], [93,68,-0.999992469327], [94,68,-0.003880887784], [141,68,0.999992469327], [142,68,0.003880887784], [96,69,-0.002561791764], [97,69,-0.999996718606], [99,69,0.002561791764], [100,69,0.999996718606], [96,70,0.000007447212], [97,70,-0.999999999972], [102,70,-0.000007447212], [103,70,0.999999999972], [96,71,-0.999998158799], [97,71,0.001918957627], [120,71,0.999998158799], [121,71,-0.001918957627], [96,72,-0.707381555707], [97,72,-0.706831899850], [123,72,0.707381555707], [124,72,0.706831899850], [99,73,0.002592386931], [100,73,-0.999996639759], [102,73,-0.002592386931], [103,73,0.999996639759], [99,74,0.001946606482], [100,74,-0.999998105360], [105,74,-0.001946606482], [106,74,0.999998105360], [99,75,-0.704764491902], [100,75,0.709441337218], [120,75,0.704764491902], [121,75,-0.709441337218], [99,76,-0.706885825834], [100,76,-0.707327667517], [126,76,0.706885825834], [127,76,0.707327667517], [102,77,0.001306375228], [103,77,-0.999999146692], [105,77,-0.001306375228], [106,77,0.999999146692], [102,78,-0.000382574414], [103,78,-0.999999926818], [108,78,0.000382574414], [109,78,0.999999926818], [102,79,-0.707243707686], [103,79,0.706969828167], [123,79,0.707243707686], [124,79,-0.706969828167], [102,80,-0.999977931949], [103,80,-0.006643464033], [126,80,0.999977931949], [127,80,0.006643464033], [102,81,-0.705567530883], [103,81,-0.708642688076], [129,81,0.705567530883], [130,81,0.708642688076], [102,82,-0.999997677861], [103,82,-0.002155057432], [150,82,0.999997677861], [151,82,0.002155057432], [105,83,-0.999995265323], [106,83,0.003077227912], [129,83,0.999995265323], [130,83,-0.003077227912], [108,84,-0.707067335219], [109,84,0.707146224953], [129,84,0.707067335219], [130,84,-0.707146224953], [108,85,-0.999988946528], [109,85,-0.004701789138], [132,85,0.999988946528], [133,85,0.004701789138], [108,86,-0.999999619084], [109,86,-0.000872830310], [156,86,0.999999619084], [157,86,0.000872830310], [111,87,-0.000366564657], [112,87,-0.999999932815], [117,87,0.000366564657], [118,87,0.999999932815], [114,88,0.003223668794], [115,88,-0.999994803966], [117,88,-0.003223668794], [118,88,0.999994803966], [114,89,-0.705412199075], [115,89,-0.708797311928], [141,89,0.705412199075], [142,89,0.708797311928], [114,90,-0.999999946082], [115,90,-0.000328382665], [162,90,0.999999946082], [163,90,0.000328382665], [120,91,0.000335936100], [121,91,-0.999999943573], [123,91,-0.000335936100], [124,91,0.999999943573], [120,92,-0.002322816142], [121,92,-0.999997302259], [126,92,0.002322816142], [127,92,0.999997302259], [120,93,-0.705170530887], [121,93,-0.709037743966], [147,93,0.705170530887], [148,93,0.709037743966], [123,94,-0.004967881167], [124,94,-0.999987660002], [126,94,0.004967881167], [127,94,0.999987660002], [123,95,-0.999991640534], [124,95,-0.004088870442], [147,95,0.999991640534], [148,95,0.004088870442], [126,96,-0.704578363825], [127,96,0.709626189785], [147,96,0.704578363825], [148,96,-0.709626189785], [126,97,-0.999997182489], [127,97,0.002373818295], [150,97,0.999997182489], [151,97,-0.002373818295], [129,98,-0.002366010838], [130,98,-0.999997200992], [132,98,0.002366010838], [133,98,0.999997200992], [129,99,-0.002408063459], [130,99,-0.999997100611], [135,99,0.002408063459], [136,99,0.999997100611], [129,100,-0.709168553138], [130,100,0.705038979944], [150,100,0.709168553138], [151,100,-0.705038979944], [129,101,-0.710369766814], [130,101,-0.703828668353], [156,101,0.710369766814], [157,101,0.703828668353], [132,102,-0.002450386058], [133,102,-0.999996997800], [135,102,0.002450386058], [136,102,0.999996997800], [132,103,0.000950831468], [133,103,-0.999999547960], [138,103,-0.000950831468], [139,103,0.999999547960], [132,104,-0.999995702301], [133,104,0.002931787768], [156,104,0.999995702301], [157,104,-0.002931787768], [135,105,0.004317173713], [136,105,-0.999990680962], [138,105,-0.004317173713], [139,105,0.999990680962], [135,106,-0.708859196827], [136,106,0.705350011749], [156,106,0.708859196827], [157,106,-0.705350011749], [135,107,-0.999977344027], [136,107,-0.006731376758], [159,107,0.999977344027], [160,107,0.006731376758], [135,108,-0.704577338292], [136,108,-0.709627208022], [162,108,0.704577338292], [163,108,0.709627208022], [135,109,-0.999999688573], [136,109,-0.000789210563], [183,109,0.999999688573], [184,109,0.000789210563], [138,110,-0.708741298848], [139,110,0.705468476480], [159,110,0.708741298848], [160,110,-0.705468476480], [138,111,-0.999999994026], [139,111,0.000109308327], [162,111,0.999999994026], [163,111,-0.000109308327], [141,112,-0.706429662431], [142,112,0.707783252160], [162,112,0.706429662431], [163,112,-0.707783252160], [144,113,-0.999996759403], [145,113,0.002545816750], [168,113,0.999996759403], [169,113,-0.002545816750], [144,114,-0.706092638077], [145,114,-0.708119471878], [171,114,0.706092638077], [172,114,0.708119471878], [147,115,-0.708049658280], [148,115,0.706162645153], [168,115,0.708049658280], [169,115,-0.706162645153], [150,116,0.002291272320], [151,116,-0.999997375032], [153,116,-0.002291272320], [154,116,0.999997375032], [150,117,-0.002253603508], [151,117,-0.999997460632], [156,117,0.002253603508], [157,117,0.999997460632], [150,118,-0.707447377787], [151,118,-0.706766020449], [177,118,0.707447377787], [178,118,0.706766020449], [153,119,-0.006815807025], [154,119,-0.999976772118], [156,119,0.006815807025], [157,119,0.999976772118], [153,120,-0.001371302878], [154,120,-0.999999059764], [159,120,0.001371302878], [160,120,0.999999059764], [153,121,-0.999998338716], [154,121,-0.001822790527], [177,121,0.999998338716], [178,121,0.001822790527], [153,122,-0.708813812450], [154,122,-0.705395618983], [180,122,0.708813812450], [181,122,0.705395618983], [156,123,-0.708510700241], [157,123,0.705700069182], [177,123,0.708510700241], [178,123,-0.705700069182], [156,124,-0.705925526671], [157,124,-0.708286065650], [183,124,0.705925526671], [184,124,0.708286065650], [159,125,0.000832614201], [160,125,-0.999999653377], [162,125,-0.000832614201], [163,125,0.999999653377], [159,126,-0.999986764972], [160,126,0.005144888824], [183,126,0.999986764972], [184,126,-0.005144888824], [165,127,-0.706421138683], [166,127,0.707791759504], [186,127,0.706421138683], [187,127,-0.707791759504], [165,128,-0.999977710946], [166,128,0.006676646778], [189,128,0.999977710946], [190,128,-0.006676646778], [168,129,0.006306219851], [169,129,-0.999980115598], [171,129,-0.006306219851], [172,129,0.999980115598], [168,130,0.001297847230], [169,130,-0.999999157796], [174,130,-0.001297847230], [175,130,0.999999157796], [177,131,0.006328552893], [178,131,-0.999979974509], [180,131,-0.006328552893], [181,131,0.999979974509], [177,132,0.000968087131], [178,132,-0.999999531404], [183,132,-0.000968087131], [184,132,0.999999531404], [180,133,-0.004340472180], [181,133,-0.999990580106], [183,133,0.004340472180], [184,133,0.999990580106], [183,134,0.000231777201], [184,134,-0.999999973140], [189,134,-0.000231777201], [190,134,0.999999973140], [186,135,0.001440511161], [187,135,-0.999998962463], [189,135,-0.001440511161], [190,135,0.999998962463], ]
},
"Q": {
"shape": [136, 136],
"data": [[0,0,2.000000000000], [1,0,0.999994811993], [2,0,-0.009171780224], [3,0,0.703647616594], [4,0,0.708077612984], [5,0,0.002187336446], [6,0,0.000876014663], [0,1,0.999994811993], [1,1,2.000000000000], [2,1,-0.005950690152], [3,1,0.705932771196], [7,1,-0.999994561710], [8,1,0.706601956461], [9,1,-0.706802059960], [0,2,-0.009171780224], [1,2,-0.005950690152], [2,2,2.000000000000], [3,2,0.704065517565], [4,2,0.712599245692], [20,2,0.008059083167], [0,3,0.703647616594], [1,3,0.705932771196], [2,3,0.704065517565], [3,3,2.000000000000], [5,3,0.709008291866], [8,3,0.002372598737], [20,3,0.704437836091], [21,3,-0.706863231124], [0,4,0.708077612984], [2,4,0.712599245692], [4,4,2.000000000000], [5,4,0.707681729377], [6,4,0.706754630066], [20,4,0.707291431670], [0,5,0.002187336446], [3,5,0.709008291866], [4,5,0.707681729377], [5,5,2.000000000000], [6,5,0.999999140216], [8,5,0.706880350578], [20,5,-0.001074599572], [21,5,-0.002348396281], [0,6,0.000876014663], [4,6,0.706754630066], [5,6,0.999999140216], [6,6,2.000000000000], [24,6,0.710122871252], [31,6,0.002964488624], [32,6,-0.701213431185], [1,7,-0.999994561710], [7,7,2.000000000000], [8,7,-0.704264439166], [9,7,0.709131231577], [10,7,0.708400738151], [11,7,-0.002273695012], [12,7,-0.708128888122], [1,8,0.706601956461], [3,8,0.002372598737], [5,8,0.706880350578], [7,8,-0.704264439166], [8,8,2.000000000000], [9,8,0.001144523207], [20,8,-0.708092344231], [21,8,0.705671153663], [1,9,-0.706802059960], [7,9,0.709131231577], [8,9,0.001144523207], [9,9,2.000000000000], [11,9,0.706687043747], [21,9,0.707731378797], [22,9,0.709362325853], [7,10,0.708400738151], [10,10,2.000000000000], [11,10,0.704197940387], [12,10,-0.003278128250], [22,10,0.708169327119], [23,10,0.709230231896], [24,10,-0.999930977881], [25,10,-0.698664230250], [7,11,-0.002273695012], [9,11,0.706687043747], [10,11,0.704197940387], [11,11,2.000000000000], [12,11,0.707691438681], [21,11,0.000290282650], [22,11,0.002601505806], [7,12,-0.708128888122], [10,12,-0.003278128250], [11,12,0.707691438681], [12,12,2.000000000000], [15,12,0.001277525035], [23,12,0.707298094255], [26,12,-0.704247807726], [13,13,2.000000000000], [14,13,0.999999603907], [18,13,0.711093973998], [19,13,0.004728166164], [13,14,0.999999603907], [14,14,2.000000000000], [15,14,-0.709718136576], [16,14,-0.009298190148], [17,14,-0.006455650933], [18,14,0.710467901750], [19,14,0.003838125487], [12,15,0.001277525035], [14,15,-0.709718136576], [15,15,2.000000000000], [16,15,0.711054386109], [17,15,0.709052758736], [23,15,-0.706011248452], [26,15,0.709053968151], [14,16,-0.009298190148], [15,16,0.711054386109], [16,16,2.000000000000], [17,16,0.999995959735], [18,16,0.710305251623], [26,16,-0.008355903475], [27,16,-0.711454693249], [28,16,-0.999978668490], [14,17,-0.006455650933], [15,17,0.709052758736], [16,17,0.999995959735], [17,17,2.000000000000], [37,17,0.000041021958], [41,17,0.000928455120], [44,17,-0.711570558997], [45,17,-0.999989662384], [46,17,-0.999975870478], [13,18,0.711093973998], [14,18,0.710467901750], [16,18,0.710305251623], [18,18,2.000000000000], [19,18,0.706451289128], [26,18,-0.709804445519], [27,18,-0.999998664492], [28,18,-0.705692505861], [13,19,0.004728166164], [14,19,0.003838125487], [18,19,0.706451289128], [19,19,2.000000000000], [29,19,-0.002046006408], [2,20,0.008059083167], [3,20,0.704437836091], [4,20,0.707291431670], [5,20,-0.001074599572], [8,20,-0.708092344231], [20,20,2.000000000000], [21,20,-0.999994141547], [3,21,-0.706863231124], [5,21,-0.002348396281], [8,21,0.705671153663], [9,21,0.707731378797], [11,21,0.000290282650], [20,21,-0.999994141547], [21,21,2.000000000000], [22,21,0.999997329118], [9,22,0.709362325853], [10,22,0.708169327119], [11,22,0.002601505806], [21,22,0.999997329118], [22,22,2.000000000000], [23,22,0.999998869380], [24,22,-0.699825138645], [25,22,0.010365424372], [10,23,0.709230231896], [12,23,0.707298094255], [15,23,-0.706011248452], [22,23,0.999998869380], [23,23,2.000000000000], [24,23,-0.700898491147], [25,23,0.008861752172], [26,23,-0.999990730646], [6,24,0.710122871252], [10,24,-0.999930977881], [22,24,-0.699825138645], [23,24,-0.700898491147], [24,24,2.000000000000], [25,24,0.707021840039], [31,24,0.706179828458], [32,24,-0.999920940137], [10,25,-0.698664230250], [22,25,0.010365424372], [23,25,0.008861752172], [24,25,0.707021840039], [25,25,2.000000000000], [31,25,0.001430168599], [33,25,-0.701443906617], [34,25,-0.999909544710], [35,25,-0.715176171647], [12,26,-0.704247807726], [15,26,0.709053968151], [16,26,-0.008355903475], [18,26,-0.709804445519], [23,26,-0.999990730646], [26,26,2.000000000000], [27,26,0.708652281978], [28,26,0.001824294609], [16,27,-0.711454693249], [18,27,-0.999998664492], [26,27,0.708652281978], [27,27,2.000000000000], [28,27,0.706849511506], [36,27,-0.705350400987], [41,27,0.704092527614], [42,27,-0.702739041603], [43,27,-0.000396050872], [16,28,-0.999978668490], [18,28,-0.705692505861], [26,28,0.001824294609], [27,28,0.706849511506], [28,28,2.000000000000], [43,28,0.707643850186], [45,28,0.999999631978], [47,28,0.704533917773], [59,28,-0.001700710759], [63,28,-0.999984061854], [19,29,-0.002046006408], [29,29,2.000000000000], [30,30,2.000000000000], [32,30,0.702159887185], [6,31,0.002964488624], [24,31,0.706179828458], [25,31,0.001430168599], [31,31,2.000000000000], [32,31,-0.715027024104], [33,31,0.711720751488], [34,31,0.012019943194], [35,31,-0.699966342605], [6,32,-0.701213431185], [24,32,-0.999920940137], [30,32,0.702159887185], [31,32,-0.715027024104], [32,32,2.000000000000], [25,33,-0.701443906617], [31,33,0.711720751488], [33,33,2.000000000000], [34,33,0.710966601308], [35,33,0.003501173177], [52,33,0.705203284931], [53,33,0.708089058190], [54,33,-0.999999933876], [55,33,-0.703791370761], [25,34,-0.999909544710], [31,34,0.012019943194], [33,34,0.710966601308], [34,34,2.000000000000], [35,34,0.705710682889], [52,34,-0.002785274026], [56,34,-0.712225540802], [57,34,-0.697311221059], [25,35,-0.715176171647], [31,35,-0.699966342605], [33,35,0.003501173177], [34,35,0.705710682889], [35,35,2.000000000000], [38,35,0.709465470267], [53,35,0.703639667419], [58,35,-0.711727446986], [27,36,-0.705350400987], [36,36,2.000000000000], [37,36,0.999999607937], [38,36,0.001088404234], [39,36,0.709492094751], [40,36,0.005189674429], [41,36,-0.999998428339], [42,36,-0.008638709638], [43,36,-0.708579399279], [17,37,0.000041021958], [36,37,0.999999607937], [37,37,2.000000000000], [38,37,0.001973911736], [39,37,0.710115846253], [40,37,0.006075168923], [41,37,0.999999606231], [44,37,0.702585454534], [45,37,-0.004588012235], [46,37,-0.006987852082], [35,38,0.709465470267], [36,38,0.001088404234], [37,38,0.001973911736], [38,38,2.000000000000], [39,38,0.705485190650], [40,38,0.999991589709], [53,38,-0.001550017459], [58,38,-0.999994832315], [36,39,0.709492094751], [37,39,0.710115846253], [38,39,0.705485190650], [39,39,2.000000000000], [40,39,0.708385936853], [42,39,0.710816194137], [44,39,0.002109283337], [59,39,-0.706281641834], [60,39,-0.707989882056], [61,39,-0.999999775059], [62,39,-0.705741424111], [36,40,0.005189674429], [37,40,0.006075168923], [38,40,0.999991589709], [39,40,0.708385936853], [40,40,2.000000000000], [57,40,0.704028597528], [74,40,0.000868898404], [77,40,0.001509130052], [83,40,-0.999982637864], [17,41,0.000928455120], [27,41,0.704092527614], [36,41,-0.999998428339], [37,41,0.999999606231], [41,41,2.000000000000], [42,41,0.010411570841], [43,41,0.709829327877], [44,41,0.701953680977], [45,41,-0.005475434267], [46,41,-0.007875260842], [27,42,-0.702739041603], [36,42,-0.008638709638], [39,42,0.710816194137], [41,42,0.010411570841], [42,42,2.000000000000], [43,42,0.711725971340], [44,42,0.704875554189], [59,42,-0.004093503956], [60,42,-0.006509387278], [61,42,-0.711287812085], [62,42,-0.999974160646], [27,43,-0.000396050872], [28,43,0.707643850186], [36,43,-0.708579399279], [41,43,0.709829327877], [42,43,0.711725971340], [43,43,2.000000000000], [45,43,0.708249776432], [47,43,-0.002872167701], [59,43,0.705364784600], [63,43,-0.711621781961], [17,44,-0.711570558997], [37,44,0.702585454534], [39,44,0.002109283337], [41,44,0.701953680977], [42,44,0.704875554189], [44,44,2.000000000000], [45,44,0.708368420793], [46,44,0.706672443857], [59,44,0.706439635867], [60,44,0.704727653757], [61,44,-0.002780013138], [62,44,-0.709956539568], [17,45,-0.999989662384], [28,45,0.999999631978], [37,45,-0.004588012235], [41,45,-0.005475434267], [43,45,0.708249776432], [44,45,0.708368420793], [45,45,2.000000000000], [46,45,0.999997120288], [47,45,0.703924811364], [59,45,-0.000842781839], [63,45,-0.999988537611], [17,46,-0.999975870478], [37,46,-0.006987852082], [41,46,-0.007875260842], [44,46,0.706672443857], [45,46,0.999997120288], [46,46,2.000000000000], [61,46,0.709502676458], [63,46,0.999997148475], [64,46,0.705296956463], [87,46,-0.004094762106], [28,47,0.704533917773], [43,47,-0.002872167701], [45,47,0.703924811364], [47,47,2.000000000000], [48,47,0.704318518089], [49,47,0.703115324206], [59,47,-0.710867498996], [63,47,-0.700515970535], [47,48,0.704318518089], [48,48,2.000000000000], [49,48,0.999998566039], [50,48,0.705325798266], [60,48,0.001018681168], [64,48,-0.707388239100], [65,48,-0.707933733506], [47,49,0.703115324206], [48,49,0.999998566039], [49,49,2.000000000000], [66,49,0.707448553728], [88,49,0.000756306562], [89,49,-0.707158913685], [90,49,-0.999997712372], [48,50,0.705325798266], [50,50,2.000000000000], [51,50,0.707184445425], [60,50,-0.708164419702], [64,50,-0.999995755326], [65,50,0.001345356404], [50,51,0.707184445425], [51,51,2.000000000000], [65,51,0.706077053438], [67,51,0.999999431715], [87,51,-0.001484929869], [88,51,-0.005075147670], [33,52,0.705203284931], [34,52,-0.002785274026], [52,52,2.000000000000], [53,52,0.999991683110], [54,52,-0.704945402959], [55,52,0.007366047942], [56,52,0.703931716097], [57,52,-0.714823501835], [33,53,0.708089058190], [35,53,0.703639667419], [38,53,-0.001550017459], [52,53,0.999991683110], [53,53,2.000000000000], [54,53,-0.707832224100], [55,53,0.003287652638], [58,53,-0.001664849442], [33,54,-0.999999933876], [52,54,-0.704945402959], [53,54,-0.707832224100], [54,54,2.000000000000], [55,54,0.704049669251], [69,54,0.705833150600], [70,54,0.707650813661], [71,54,-0.707924240725], [72,54,0.000373561764], [33,55,-0.703791370761], [52,55,0.007366047942], [53,55,0.003287652638], [54,55,0.704049669251], [55,55,2.000000000000], [56,55,0.705063189006], [69,55,0.006113646070], [73,55,-0.000959499607], [74,55,-0.001605281188], [75,55,-0.702240194279], [76,55,-0.709393711327], [34,56,-0.712225540802], [52,56,0.703931716097], [55,56,0.705063189006], [56,56,2.000000000000], [57,56,-0.006493275041], [69,56,-0.704820724579], [73,56,0.708467649940], [74,56,0.708011745845], [75,56,-0.999992107610], [76,56,-0.000353544795], [34,57,-0.697311221059], [40,57,0.704028597528], [52,57,-0.714823501835], [56,57,-0.006493275041], [57,57,2.000000000000], [74,57,0.710783084063], [77,57,0.711233284838], [83,57,-0.699831542293], [35,58,-0.711727446986], [38,58,-0.999994832315], [53,58,-0.001664849442], [58,58,2.000000000000], [81,58,0.706933246517], [83,58,0.999987468436], [84,58,0.705701877925], [98,58,-0.004295081080], [99,58,-0.004337133429], [100,58,-0.707807156978], [101,58,-0.711726186884], [28,59,-0.001700710759], [39,59,-0.706281641834], [42,59,-0.004093503956], [43,59,0.705364784600], [44,59,0.706439635867], [45,59,-0.000842781839], [47,59,-0.710867498996], [59,59,2.000000000000], [60,59,0.999997081672], [61,59,0.705806651179], [62,59,-0.003095285603], [63,59,-0.003945194980], [39,60,-0.707989882056], [42,60,-0.006509387278], [44,60,0.704727653757], [48,60,0.001018681168], [50,60,-0.708164419702], [59,60,0.999997081672], [60,60,2.000000000000], [61,60,0.707516036883], [62,60,-0.000679372633], [64,60,0.706104241378], [65,60,-0.706999652930], [39,61,-0.999999775059], [42,61,-0.711287812085], [44,61,-0.002780013138], [46,61,0.709502676458], [59,61,0.705806651179], [60,61,0.707516036883], [61,61,2.000000000000], [62,61,0.706216458366], [63,61,0.711183556911], [64,61,0.000837859529], [87,61,-0.707602076985], [39,62,-0.705741424111], [42,62,-0.999974160646], [44,62,-0.709956539568], [59,62,-0.003095285603], [60,62,-0.000679372633], [61,62,0.706216458366], [62,62,2.000000000000], [85,62,0.999984174178], [98,62,0.001441832202], [102,62,-0.001526207574], [103,62,0.001875010856], [104,62,-0.999997984748], [28,63,-0.999984061854], [43,63,-0.711621781961], [45,63,-0.999988537611], [46,63,0.999997148475], [47,63,-0.700515970535], [59,63,-0.003945194980], [61,63,0.711183556911], [63,63,2.000000000000], [64,63,0.703601989557], [87,63,-0.006482834671], [46,64,0.705296956463], [48,64,-0.707388239100], [50,64,-0.999995755326], [60,64,0.706104241378], [61,64,0.000837859529], [63,64,0.703601989557], [64,64,2.000000000000], [65,64,0.001568292320], [87,64,0.706018019046], [48,65,-0.707933733506], [50,65,0.001345356404], [51,65,0.706077053438], [60,65,-0.706999652930], [64,65,0.001568292320], [65,65,2.000000000000], [67,65,0.706831594905], [87,65,0.707085755936], [88,65,0.704542446436], [49,66,0.707448553728], [66,66,2.000000000000], [67,66,0.709743745392], [68,66,0.706448814141], [88,66,0.707299689221], [89,66,-0.000557185423], [90,66,-0.708958693646], [51,67,0.999999431715], [65,67,0.706831594905], [66,67,0.709743745392], [67,67,2.000000000000], [68,67,0.999989112877], [87,67,-0.000418830224], [88,67,-0.004009058539], [66,68,0.706448814141], [67,68,0.999989112877], [68,68,2.000000000000], [89,68,0.708157649676], [112,68,-0.703677515162], [54,69,0.705833150600], [55,69,0.006113646070], [56,69,-0.704820724579], [69,69,2.000000000000], [70,69,0.999996699500], [71,69,0.000642835717], [72,69,0.708641744699], [73,69,-0.999986717221], [74,69,-0.999989837172], [75,69,0.707633549391], [76,69,-0.709136240783], [54,70,0.707650813661], [69,70,0.999996699500], [70,70,2.000000000000], [71,70,-0.001926404825], [72,70,0.706826631809], [73,70,0.999996659038], [77,70,-0.999999156393], [78,70,-0.999999923942], [79,70,0.706975095142], [80,70,-0.006636016984], [81,70,-0.708637433545], [82,70,-0.002147610237], [54,71,-0.707924240725], [69,71,0.000642835717], [70,71,-0.001926404825], [71,71,2.000000000000], [72,71,0.706023872811], [75,71,0.706124582154], [91,71,0.002254893000], [92,71,-0.000403859415], [93,71,-0.703808619140], [54,72,0.000373561764], [69,72,0.708641744699], [70,72,0.706826631809], [71,72,0.706023872811], [72,72,2.000000000000], [79,72,0.000582327427], [91,72,0.706594224965], [94,72,-0.710337365054], [95,72,-0.710265786438], [55,73,-0.000959499607], [56,73,0.708467649940], [69,73,-0.999986717221], [70,73,0.999996659038], [73,73,2.000000000000], [74,73,0.999999791483], [75,73,-0.711265975583], [76,73,0.705492769149], [77,73,-0.999999173084], [78,73,-0.999995574797], [79,73,0.708800901924], [80,73,-0.004051111987], [81,73,-0.706811202820], [82,73,0.000437330721], [40,74,0.000868898404], [55,74,-0.001605281188], [56,74,0.708011745845], [57,74,0.710783084063], [69,74,-0.999989837172], [73,74,0.999999791483], [74,74,2.000000000000], [75,74,-0.710811892211], [76,74,0.705950298855], [77,74,0.999999795051], [83,74,0.005023819348], [55,75,-0.702240194279], [56,75,-0.999992107610], [69,75,0.707633549391], [71,75,0.706124582154], [73,75,-0.711265975583], [74,75,-0.710811892211], [75,75,2.000000000000], [76,75,-0.003619456418], [91,75,0.709678053022], [92,75,0.707802384991], [93,75,0.006041534313], [55,76,-0.709393711327], [56,76,-0.000353544795], [69,76,-0.709136240783], [73,76,0.705492769149], [74,76,0.705950298855], [75,76,-0.003619456418], [76,76,2.000000000000], [80,76,0.711569332160], [92,76,0.708967725137], [94,76,0.710830663877], [96,76,0.003881779053], [97,76,-0.705204766818], [40,77,0.001509130052], [57,77,0.711233284838], [70,77,-0.999999156393], [73,77,-0.999999173084], [74,77,0.999999795051], [77,77,2.000000000000], [78,77,0.999998573724], [79,77,-0.707893150564], [80,77,0.005337111965], [81,77,0.707720347442], [82,77,0.000848683399], [83,77,0.004383594329], [70,78,-0.999999923942], [73,78,-0.999995574797], [77,78,0.999998573724], [78,78,2.000000000000], [79,78,-0.706699203083], [80,78,0.007026029518], [81,78,0.708912568302], [82,78,0.002537630801], [84,78,0.706875667332], [85,78,-0.005084358980], [86,78,-0.001255404514], [70,79,0.706975095142], [72,79,0.000582327427], [73,79,0.708800901924], [77,79,-0.707893150564], [78,79,-0.706699203083], [79,79,2.000000000000], [80,79,0.702531371570], [81,79,-0.001980802857], [82,79,0.705718504785], [91,79,-0.707207376968], [94,79,0.703447601465], [95,79,-0.704347087472], [70,80,-0.006636016984], [73,80,-0.004051111987], [76,80,0.711569332160], [77,80,0.005337111965], [78,80,0.007026029518], [79,80,0.702531371570], [80,80,2.000000000000], [81,80,0.710259802593], [82,80,0.999989926908], [92,80,0.008966210992], [94,80,0.011611153588], [96,80,-0.699848439086], [97,80,-0.999959344124], [58,81,0.706933246517], [70,81,-0.708637433545], [73,81,-0.706811202820], [77,81,0.707720347442], [78,81,0.708912568302], [79,81,-0.001980802857], [80,81,0.710259802593], [81,81,2.000000000000], [82,81,0.707093058149], [83,81,0.703383535189], [84,81,-0.002230247835], [98,81,-0.710310085005], [99,81,-0.710339684835], [100,81,-0.000745587071], [101,81,-0.999976881872], [70,82,-0.002147610237], [73,82,0.000437330721], [77,82,0.000848683399], [78,82,0.002537630801], [79,82,0.705718504785], [80,82,0.999989926908], [81,82,0.707093058149], [82,82,2.000000000000], [97,82,0.999989744642], [100,82,0.707647506856], [116,82,0.000136215224], [117,82,-0.004408650235], [118,82,-0.708968856362], [40,83,-0.999982637864], [57,83,-0.699831542293], [58,83,0.999987468436], [74,83,0.005023819348], [77,83,0.004383594329], [81,83,0.703383535189], [83,83,2.000000000000], [84,83,0.709240037586], [98,83,0.000711219663], [99,83,0.000669166933], [100,83,-0.711334761082], [101,83,-0.708200562219], [58,84,0.705701877925], [78,84,0.706875667332], [81,84,-0.002230247835], [83,84,0.709240037586], [84,84,2.000000000000], [85,84,0.703734667231], [86,84,0.706449847227], [98,84,0.705471316667], [99,84,0.705441511648], [100,84,-0.999995572201], [101,84,-0.004569472202], [62,85,0.999984174178], [78,85,-0.005084358980], [84,85,0.703734667231], [85,85,2.000000000000], [86,85,0.999992669480], [98,85,0.007067760663], [102,85,-0.007152133995], [103,85,-0.003750966055], [104,85,-0.999970864229], [78,86,-0.001255404514], [84,86,0.706449847227], [85,86,0.999992669480], [86,86,2.000000000000], [101,86,0.710983819217], [104,86,0.999992762433], [106,86,0.708243275941], [117,86,0.003126430743], [119,86,0.007688614464], [123,86,-0.707894473948], [124,86,-0.706543471318], [46,87,-0.004094762106], [51,87,-0.001484929869], [61,87,-0.707602076985], [63,87,-0.006482834671], [64,87,0.706018019046], [65,87,0.707085755936], [67,87,-0.000418830224], [87,87,2.000000000000], [88,87,0.999993555099], [49,88,0.000756306562], [51,88,-0.005075147670], [65,88,0.704542446436], [66,88,0.707299689221], [67,88,-0.004009058539], [87,88,0.999993555099], [88,88,2.000000000000], [89,88,0.706519613700], [90,88,-0.002895287661], [49,89,-0.707158913685], [66,89,-0.000557185423], [68,89,0.708157649676], [88,89,0.706519613700], [89,89,2.000000000000], [90,89,0.705644917792], [112,89,0.003350764891], [49,90,-0.999997712372], [66,90,-0.708958693646], [88,90,-0.002895287661], [89,90,0.705644917792], [90,90,2.000000000000], [108,90,0.704810329577], [111,90,0.999999904213], [112,90,0.706197200591], [125,90,-0.000504231605], [71,91,0.002254893000], [72,91,0.706594224965], [75,91,0.709678053022], [79,91,-0.707207376968], [91,91,2.000000000000], [92,91,0.999996465515], [93,91,0.708800811720], [94,91,-0.999985934686], [95,91,-0.003752936920], [71,92,-0.000403859415], [75,92,0.707802384991], [76,92,0.708967725137], [80,92,0.008966210992], [91,92,0.999996465515], [92,92,2.000000000000], [93,92,0.710673812658], [94,92,0.999996501769], [96,92,0.707987669401], [97,92,0.000051002294], [71,93,-0.703808619140], [75,93,0.006041534313], [91,93,0.708800811720], [92,93,0.710673812658], [93,93,2.000000000000], [95,93,0.708063799512], [96,93,-0.006303853795], [115,93,0.001400215369], [72,94,-0.710337365054], [76,94,0.710830663877], [79,94,0.703447601465], [80,94,0.011611153588], [91,94,-0.999985934686], [92,94,0.999996501769], [94,94,2.000000000000], [95,94,0.009056659624], [96,94,0.706117171415], [97,94,-0.002594078168], [72,95,-0.710265786438], [79,95,-0.704347087472], [91,95,-0.003752936920], [93,95,0.708063799512], [94,95,0.009056659624], [95,95,2.000000000000], [96,95,0.701670904374], [115,95,-0.705156331796], [76,96,0.003881779053], [80,96,-0.699848439086], [92,96,0.707987669401], [93,96,-0.006303853795], [94,96,0.706117171415], [95,96,0.701670904374], [96,96,2.000000000000], [97,96,0.706260902300], [115,96,-0.999987976987], [76,97,-0.705204766818], [80,97,-0.999959344124], [82,97,0.999989744642], [92,97,0.000051002294], [94,97,-0.002594078168], [96,97,0.706260902300], [97,97,2.000000000000], [100,97,0.710840189477], [116,97,0.004665077928], [117,97,0.000120215108], [118,97,-0.705767650437], [58,98,-0.004295081080], [62,98,0.001441832202], [81,98,-0.710310085005], [83,98,0.000711219663], [84,98,0.705471316667], [85,98,0.007067760663], [98,98,2.000000000000], [99,98,0.999999999116], [100,98,-0.703359106052], [101,98,0.705507440899], [102,98,-0.999999996440], [103,98,-0.999994499276], [104,98,0.000565778893], [58,99,-0.004337133429], [81,99,-0.710339684835], [83,99,0.000669166933], [84,99,0.705441511648], [98,99,0.999999999116], [99,99,2.000000000000], [100,99,-0.703329212883], [101,99,0.705537243158], [102,99,0.999999999104], [105,99,-0.999977385572], [106,99,0.703640988735], [107,99,-0.009139366143], [108,99,-0.711321817479], [109,99,-0.003197270984], [58,100,-0.707807156978], [81,100,-0.000745587071], [82,100,0.707647506856], [83,100,-0.711334761082], [84,100,-0.999995572201], [97,100,0.710840189477], [98,100,-0.703359106052], [99,100,-0.703329212883], [100,100,2.000000000000], [101,100,0.007545253333], [116,100,0.706662027515], [117,100,0.703439004852], [118,100,-0.003401839210], [58,101,-0.711726186884], [81,101,-0.999976881872], [83,101,-0.708200562219], [84,101,-0.004569472202], [86,101,0.710983819217], [98,101,0.705507440899], [99,101,0.705537243158], [100,101,0.007545253333], [101,101,2.000000000000], [104,101,0.708303237578], [106,101,0.007106582862], [117,101,0.705427772872], [119,101,0.708654063151], [123,101,-0.006612640967], [124,101,-0.999980190169], [62,102,-0.001526207574], [85,102,-0.007152133995], [98,102,-0.999999996440], [99,102,0.999999999104], [102,102,2.000000000000], [103,102,0.999994215856], [104,102,-0.000481403440], [105,102,-0.999977100047], [106,102,0.703610915454], [107,102,-0.009181687091], [108,102,-0.711351564065], [109,102,-0.003239593489], [62,103,0.001875010856], [85,103,-0.003750966055], [98,103,-0.999994499276], [102,103,0.999994215856], [103,103,2.000000000000], [104,103,-0.003882613824], [105,103,0.999994333831], [110,103,0.706142051109], [111,103,0.001060139739], [62,104,-0.999997984748], [85,104,-0.999970864229], [86,104,0.999992762433], [98,104,0.000565778893], [101,104,0.708303237578], [102,104,-0.000481403440], [103,104,-0.003882613824], [104,104,2.000000000000], [106,104,0.710924086900], [117,104,-0.000678186501], [119,104,0.003884058063], [123,104,-0.710576618106], [124,104,-0.703845948392], [99,105,-0.999977385572], [102,105,-0.999977100047], [103,105,0.999994333831], [105,105,2.000000000000], [106,105,-0.708403706856], [107,105,0.002414238124], [108,105,0.706578812216], [109,105,-0.003527969160], [110,105,0.708521661497], [111,105,0.004426480996], [86,106,0.708243275941], [99,106,0.703640988735], [101,106,0.007106582862], [102,106,0.703610915454], [104,106,0.710924086900], [105,106,-0.708403706856], [106,106,2.000000000000], [107,106,0.704095160256], [108,106,-0.001089433392], [109,106,0.708302306389], [117,106,-0.703750733033], [119,106,-0.700502180469], [123,106,-0.999999878005], [124,106,-0.000812217127], [99,107,-0.009139366143], [102,107,-0.009181687091], [105,107,0.002414238124], [106,107,0.704095160256], [107,107,2.000000000000], [108,107,0.709338143501], [109,107,0.999982345081], [110,107,0.703976467518], [120,107,0.008102642239], [125,107,-0.005898779087], [126,107,-0.999929477114], [90,108,0.704810329577], [99,108,-0.711321817479], [102,108,-0.711351564065], [105,108,0.706578812216], [106,108,-0.001089433392], [107,108,0.709338143501], [108,108,2.000000000000], [109,108,0.705137164156], [111,108,0.704499765920], [112,108,-0.004527921869], [125,108,0.709040320951], [99,109,-0.003197270984], [102,109,-0.003239593489], [105,109,-0.003527969160], [106,109,0.708302306389], [107,109,0.999982345081], [108,109,0.705137164156], [109,109,2.000000000000], [124,109,0.706484293672], [126,109,0.999982393149], [132,109,-0.000178876636], [133,109,0.005129673958], [134,109,-0.000557433413], [103,110,0.706142051109], [105,110,0.708521661497], [107,110,0.703976467518], [110,110,2.000000000000], [111,110,0.708818408193], [120,110,-0.704495914190], [125,110,0.706058340019], [126,110,-0.712361475517], [90,111,0.999999904213], [103,111,0.001060139739], [105,111,0.004426480996], [108,111,0.704499765920], [110,111,0.708818408193], [111,111,2.000000000000], [112,111,0.706507024814], [125,111,-0.000941922485], [68,112,-0.703677515162], [89,112,0.003350764891], [90,112,0.706197200591], [108,112,-0.004527921869], [111,112,0.706507024814], [112,112,2.000000000000], [125,112,-0.708371190195], [113,113,2.000000000000], [114,113,0.704287607504], [115,113,0.709845124467], [129,113,0.008851965543], [130,113,0.003843657630], [113,114,0.704287607504], [114,114,2.000000000000], [129,114,0.703652615935], [93,115,0.001400215369], [95,115,-0.705156331796], [96,115,-0.999987976987], [113,115,0.709845124467], [115,115,2.000000000000], [129,115,0.710613720342], [130,115,0.707080990708], [82,116,0.000136215224], [97,116,0.004665077928], [100,116,0.706662027515], [116,116,2.000000000000], [117,116,0.999989672052], [118,116,0.705143210617], [119,116,-0.999958530341], [120,116,-0.999993292770], [121,116,0.000468482771], [122,116,-0.703769681874], [82,117,-0.004408650235], [86,117,0.003126430743], [97,117,0.000120215108], [100,117,0.703439004852], [101,117,0.7054277