{
"N": {
"shape": [192, 149],
"data": [[3,0,0.002994560746], [4,0,-0.999995516293], [6,0,-0.002994560746], [7,0,0.999995516293], [3,1,-0.704700975299], [4,1,-0.709504429452], [30,1,0.704700975299], [31,1,0.709504429452], [3,2,-0.999991469586], [4,2,-0.004130466812], [51,2,0.999991469586], [52,2,0.004130466812], [6,3,-0.999997524878], [7,3,-0.002224913127], [30,3,0.999997524878], [31,3,0.002224913127], [9,4,0.001756960230], [10,4,-0.999998456544], [12,4,-0.001756960230], [13,4,0.999998456544], [9,5,-0.001661961513], [10,5,-0.999998618941], [15,5,0.001661961513], [16,5,0.999998618941], [9,6,-0.707799477750], [10,6,0.706413405377], [30,6,0.707799477750], [31,6,-0.706413405377], [9,7,-0.999999468497], [10,7,-0.001031021941], [33,7,0.999999468497], [34,7,0.001031021941], [9,8,-0.707621478141], [10,8,-0.706591709315], [36,8,0.707621478141], [37,8,0.706591709315], [12,9,-0.005099563587], [13,9,-0.999986997141], [15,9,0.005099563587], [16,9,0.999986997141], [12,10,0.001379519276], [13,10,-0.999999048463], [18,10,-0.001379519276], [19,10,0.999999048463], [12,11,-0.707882505180], [13,11,0.706330205258], [33,11,0.707882505180], [34,11,-0.706330205258], [12,12,-0.999998679869], [13,12,0.001624887909], [36,12,0.999998679869], [37,12,-0.001624887909], [12,13,-0.710591021851], [13,13,-0.703605286837], [39,13,0.710591021851], [40,13,0.703605286837], [12,14,-0.999990901786], [13,14,0.004265717520], [60,14,0.999990901786], [61,14,-0.004265717520], [15,15,0.007820283874], [16,15,-0.999969421113], [18,15,-0.007820283874], [19,15,0.999969421113], [15,16,0.003815971277], [16,16,-0.999992719155], [21,16,-0.003815971277], [22,16,0.999992719155], [15,17,-0.704015521770], [16,17,-0.710184585236], [42,17,0.704015521770], [43,17,0.710184585236], [18,18,-0.999999124236], [19,18,0.001323453129], [42,18,0.999999124236], [43,18,-0.001323453129], [21,19,-0.708738552747], [22,19,0.705471235310], [42,19,0.708738552747], [43,19,-0.705471235310], [24,20,-0.999999850394], [25,20,0.000547002917], [48,20,0.999999850394], [49,20,-0.000547002917], [24,21,-0.704496542378], [25,21,-0.709707419841], [51,21,0.704496542378], [52,21,0.709707419841], [24,22,-0.999998380354], [25,22,-0.001799802512], [72,22,0.999998380354], [73,22,0.001799802512], [27,23,0.002141500279], [28,23,-0.999997706986], [30,23,-0.002141500279], [31,23,0.999997706986], [27,24,-0.999964596160], [28,24,-0.008414655489], [51,24,0.999964596160], [52,24,0.008414655489], [27,25,-0.703556694691], [28,25,-0.710639133003], [54,25,0.703556694691], [55,25,0.710639133003], [27,26,-0.999988508110], [28,26,-0.004794126370], [75,26,0.999988508110], [76,26,0.004794126370], [30,27,-0.000620345601], [31,27,-0.999999807586], [33,27,0.000620345601], [34,27,0.999999807586], [30,28,-0.000520498116], [31,28,-0.999999864541], [36,28,0.000520498116], [37,28,0.999999864541], [33,29,-0.703520622498], [34,29,0.710674843878], [54,29,0.703520622498], [55,29,-0.710674843878], [36,30,-0.999976146688], [37,30,0.006906957025], [60,30,0.999976146688], [61,30,-0.006906957025], [36,31,-0.705697866350], [37,31,-0.708512894328], [63,31,0.705697866350], [64,31,0.708512894328], [36,32,-0.999999535824], [37,32,0.000963510644], [84,32,0.999999535824], [85,32,-0.000963510644], [39,33,0.003982125329], [40,33,-0.999992071307], [45,33,-0.003982125329], [46,33,0.999992071307], [39,34,-0.706486067990], [40,34,0.707726949986], [60,34,0.706486067990], [61,34,-0.707726949986], [39,35,-0.999997468690], [40,35,-0.002250025034], [63,35,0.999997468690], [64,35,0.002250025034], [39,36,-0.706651235459], [40,36,-0.707562033623], [66,36,0.706651235459], [67,36,0.707562033623], [39,37,-0.999999694032], [40,37,0.000782263407], [87,37,0.999999694032], [88,37,-0.000782263407], [42,38,0.000428685826], [43,38,-0.999999908114], [45,38,-0.000428685826], [46,38,0.999999908114], [45,39,-0.710350578469], [46,39,0.703848034500], [66,39,0.710350578469], [67,39,-0.703848034500], [48,40,-0.999991339510], [49,40,-0.004161839076], [72,40,0.999991339510], [73,40,0.004161839076], [48,41,-0.702050628080], [49,41,-0.712127036148], [75,41,0.702050628080], [76,41,0.712127036148], [48,42,-0.999997593322], [49,42,-0.002193934669], [96,42,0.999997593322], [97,42,0.002193934669], [51,43,0.000418451724], [52,43,-0.999999912449], [57,43,-0.000418451724], [58,43,0.999999912449], [51,44,-0.706185557791], [52,44,0.708026805966], [72,44,0.706185557791], [73,44,-0.708026805966], [51,45,-0.999999310534], [52,45,-0.001174278838], [75,45,0.999999310534], [76,45,0.001174278838], [51,46,-0.711233960726], [52,46,-0.702955370639], [78,46,0.711233960726], [79,46,0.702955370639], [54,47,-0.002184994550], [55,47,-0.999997612897], [57,47,0.002184994550], [58,47,0.999997612897], [54,48,-0.004282647295], [55,48,-0.999990829424], [60,48,0.004282647295], [61,48,0.999990829424], [54,49,-0.999994104845], [55,49,0.003433697037], [78,49,0.999994104845], [79,49,-0.003433697037], [57,50,-0.706818867161], [58,50,0.707394578029], [78,50,0.706818867161], [79,50,-0.707394578029], [57,51,-0.999997350743], [58,51,-0.002301848710], [81,51,0.999997350743], [82,51,0.002301848710], [57,52,-0.708506805235], [58,52,-0.705703979679], [84,52,0.708506805235], [85,52,0.705703979679], [57,53,-0.999999505128], [58,53,-0.000994858939], [105,53,0.999999505128], [106,53,0.000994858939], [60,54,0.008299308574], [61,54,-0.999965560146], [63,54,-0.008299308574], [64,54,0.999965560146], [60,55,-0.706794583682], [61,55,0.707418840912], [81,55,0.706794583682], [82,55,-0.707418840912], [60,56,-0.999987458123], [61,56,-0.005008352656], [84,56,0.999987458123], [85,56,0.005008352656], [60,57,-0.703288979555], [61,57,-0.710904080194], [87,57,0.703288979555], [88,57,0.710904080194], [63,58,-0.709231328471], [64,58,0.704975831298], [84,58,0.709231328471], [85,58,-0.704975831298], [63,59,-0.999992795786], [64,59,0.003795836758], [87,59,0.999992795786], [88,59,-0.003795836758], [63,60,-0.707950368734], [64,60,-0.706262186026], [90,60,0.707950368734], [91,60,0.706262186026], [66,61,-0.001425921473], [67,61,-0.999998983373], [69,61,0.001425921473], [70,61,0.999998983373], [66,62,-0.999989306559], [67,62,-0.004624583020], [90,62,0.999989306559], [91,62,0.004624583020], [69,63,-0.707048076174], [70,63,0.707165481326], [90,63,0.707048076174], [91,63,-0.707165481326], [69,64,-0.999986513886], [70,64,0.005193461889], [93,64,0.999986513886], [94,64,-0.005193461889], [72,65,0.002497272507], [73,65,-0.999996881810], [75,65,-0.002497272507], [76,65,0.999996881810], [72,66,-0.002041726233], [73,66,-0.999997915675], [78,66,0.002041726233], [79,66,0.999997915675], [72,67,-0.710276632802], [73,67,-0.703922655478], [99,67,0.710276632802], [100,67,0.703922655478], [72,68,-0.999997705118], [73,68,0.002142372165], [120,68,0.999997705118], [121,68,-0.002142372165], [75,69,-0.006638128209], [76,69,-0.999977967384], [78,69,0.006638128209], [79,69,0.999977967384], [75,70,-0.708206576098], [76,70,0.706005273048], [96,70,0.708206576098], [97,70,-0.706005273048], [75,71,-0.999981877481], [76,71,0.006020357961], [99,71,0.999981877481], [100,71,-0.006020357961], [78,72,-0.708993911939], [79,72,0.705214600553], [99,72,0.708993911939], [100,72,-0.705214600553], [81,73,-0.005794537203], [82,73,-0.999983211528], [84,73,0.005794537203], [85,73,0.999983211528], [81,74,0.000718549683], [82,74,-0.999999741843], [87,74,-0.000718549683], [88,74,0.999999741843], [81,75,-0.710534243658], [82,75,-0.703662624124], [108,75,0.710534243658], [109,75,0.703662624124], [84,76,0.007241860218], [85,76,-0.999973777386], [87,76,-0.007241860218], [88,76,0.999973777386], [93,77,-0.707711894059], [94,77,0.706501150039], [114,77,0.707711894059], [115,77,-0.706501150039], [93,78,-0.999999976279], [94,78,0.000217810162], [141,78,0.999999976279], [142,78,-0.000217810162], [96,79,0.000468817054], [97,79,-0.999999890105], [102,79,-0.000468817054], [103,79,0.999999890105], [96,80,-0.999989675906], [97,80,0.004544015980], [120,80,0.999989675906], [121,80,-0.004544015980], [96,81,-0.705121367966], [97,81,-0.709086635354], [123,81,0.705121367966], [124,81,0.709086635354], [96,82,-0.999999810685], [97,82,0.000615328457], [144,82,0.999999810685], [145,82,-0.000615328457], [99,83,0.003479589005], [100,83,-0.999993946212], [102,83,-0.003479589005], [103,83,0.999993946212], [99,84,0.002075946502], [100,84,-0.999997845221], [105,84,-0.002075946502], [106,84,0.999997845221], [99,85,-0.999984688060], [100,85,-0.005533863606], [123,85,0.999984688060], [124,85,0.005533863606], [102,86,-0.707621435148], [103,86,0.706591752371], [123,86,0.707621435148], [124,86,-0.706591752371], [102,87,-0.999999907700], [103,87,0.000429650914], [150,87,0.999999907700], [151,87,-0.000429650914], [105,88,-0.001428235081], [106,88,-0.999998980072], [108,88,0.001428235081], [109,88,0.999998980072], [105,89,0.002398153433], [106,89,-0.999997124426], [111,89,-0.002398153433], [112,89,0.999997124426], [105,90,-0.999990133479], [106,90,0.004442178003], [129,90,0.999990133479], [130,90,-0.004442178003], [105,91,-0.999993890178], [106,91,0.003495655258], [153,91,0.999993890178], [154,91,-0.003495655258], [108,92,0.006178708292], [109,92,-0.999980911600], [111,92,-0.006178708292], [112,92,0.999980911600], [108,93,-0.707627106998], [109,93,0.706586072210], [129,93,0.707627106998], [130,93,-0.706586072210], [108,94,-0.999980432035], [109,94,-0.006255840979], [132,94,0.999980432035], [133,94,0.006255840979], [108,95,-0.708540889409], [109,95,-0.705669758482], [135,95,0.708540889409], [136,95,0.705669758482], [108,96,-0.999999568052], [109,96,0.000929460151], [156,96,0.999999568052], [157,96,-0.000929460151], [111,97,-0.709301768126], [112,97,0.704904959362], [132,97,0.709301768126], [133,97,-0.704904959362], [111,98,-0.999964261243], [112,98,0.008454361945], [135,98,0.999964261243], [136,98,-0.008454361945], [111,99,-0.999998668885], [112,99,0.001631633761], [159,99,0.999998668885], [160,99,-0.001631633761], [114,100,-0.705710291596], [115,100,-0.708500518233], [141,100,0.705710291596], [142,100,0.708500518233], [114,101,-0.999999376113], [115,101,-0.001117037991], [162,101,0.999999376113], [163,101,0.001117037991], [117,102,-0.705681293409], [118,102,0.708529401036], [138,102,0.705681293409], [139,102,-0.708529401036], [117,103,-0.999998827897], [118,103,0.001531079628], [141,103,0.999998827897], [142,103,-0.001531079628], [117,104,-0.999999981506], [118,104,-0.000192321254], [165,104,0.999999981506], [166,104,0.000192321254], [120,105,-0.000572575354], [121,105,-0.999999836079], [123,105,0.000572575354], [124,105,0.999999836079], [120,106,-0.999999442422], [121,106,-0.001056009703], [168,106,0.999999442422], [169,106,0.001056009703], [123,107,-0.705254209681], [124,107,0.708954511748], [144,107,0.705254209681], [145,107,-0.708954511748], [126,108,-0.709385560673], [127,108,0.704820634139], [147,108,0.709385560673], [148,108,-0.704820634139], [126,109,-0.999998795701], [127,109,-0.001551965387], [150,109,0.999998795701], [151,109,0.001551965387], [126,110,-0.708657838878], [127,110,-0.705552313721], [153,110,0.708657838878], [154,110,0.705552313721], [126,111,-0.999999865511], [127,111,0.000518630356], [174,111,0.999999865511], [175,111,-0.000518630356], [129,112,-0.000822814331], [130,112,-0.999999661488], [135,112,0.000822814331], [136,112,0.999999661488], [129,113,-0.705781639454], [130,113,0.708429444200], [150,113,0.705781639454], [151,113,-0.708429444200], [129,114,-0.999996760638], [130,114,0.002545331550], [153,114,0.999996760638], [154,114,-0.002545331550], [129,115,-0.707322506463], [130,115,-0.706890990076], [156,115,0.707322506463], [157,115,0.706890990076], [129,116,-0.999999932865], [130,116,0.000366427485], [177,116,0.999999932865], [178,116,-0.000366427485], [132,117,-0.001788408316], [133,117,-0.999998400797], [135,117,0.001788408316], [136,117,0.999998400797], [132,118,0.002653875863], [133,118,-0.999996478465], [138,118,-0.002653875863], [139,118,0.999996478465], [132,119,-0.703653348042], [133,119,0.710543429911], [153,119,0.703653348042], [154,119,-0.710543429911], [132,120,-0.999966932101], [133,120,0.008132324630], [156,120,0.999966932101], [157,120,-0.008132324630], [135,121,-0.705758126108], [136,121,0.708452868886], [156,121,0.705758126108], [157,121,-0.708452868886], [135,122,-0.703488439243], [136,122,-0.710706701707], [162,122,0.703488439243], [163,122,0.710706701707], [135,123,-0.999990722021], [136,123,-0.004307652611], [183,123,0.999990722021], [184,123,0.004307652611], [138,124,-0.999998252622], [139,124,0.001869426060], [162,124,0.999998252622], [163,124,-0.001869426060], [138,125,-0.999999996174], [139,125,-0.000087471770], [186,125,0.999999996174], [187,125,0.000087471770], [144,126,-0.007049142068], [145,126,-0.999975154489], [147,126,0.007049142068], [148,126,0.999975154489], [144,127,-0.000213443995], [145,127,-0.999999977221], [150,127,0.000213443995], [151,127,0.999999977221], [144,128,-0.999999290373], [145,128,0.001191324096], [168,128,0.999999290373], [169,128,-0.001191324096], [144,129,-0.706109213715], [145,129,-0.708102943298], [171,129,0.706109213715], [172,129,0.708102943298], [147,130,0.001472749666], [148,130,-0.999998915504], [153,130,-0.001472749666], [154,130,0.999998915504], [147,131,-0.704003432105], [148,131,0.710196569680], [168,131,0.704003432105], [169,131,-0.710196569680], [147,132,-0.999998095095], [148,132,-0.001951872686], [171,132,0.999998095095], [172,132,0.001951872686], [147,133,-0.707069263040], [148,133,-0.707144297342], [174,133,0.707069263040], [175,133,0.707144297342], [150,134,-0.003691888429], [151,134,-0.999993184957], [153,134,0.003691888429], [154,134,0.999993184957], [150,135,-0.001770033158], [151,135,-0.999998433490], [156,135,0.001770033158], [157,135,0.999998433490], [150,136,-0.708742312292], [151,136,-0.705467458333], [177,136,0.708742312292], [178,136,0.705467458333], [156,137,0.006340380037], [157,137,-0.999979899588], [159,137,-0.006340380037], [160,137,0.999979899588], [156,138,-0.703523581126], [157,138,-0.710671915021], [183,138,0.703523581126], [184,138,0.710671915021], [159,139,-0.999994519097], [160,139,-0.003310857435], [183,139,0.999994519097], [184,139,0.003310857435], [159,140,-0.708858988835], [160,140,-0.705350220775], [186,140,0.708858988835], [187,140,0.705350220775], [162,141,-0.708376749992], [163,141,-0.705834527400], [189,141,0.708376749992], [190,141,0.705834527400], [165,142,-0.708052195540], [166,142,0.706160101104], [186,142,0.708052195540], [187,142,-0.706160101104], [165,143,-0.999995014314], [166,143,0.003157743907], [189,143,0.999995014314], [190,143,-0.003157743907], [171,144,-0.006062768470], [172,144,-0.999981621250], [174,144,0.006062768470], [175,144,0.999981621250], [180,145,0.000165215641], [181,145,-0.999999986352], [183,145,-0.000165215641], [184,145,0.999999986352], [180,146,0.000136468217], [181,146,-0.999999990688], [186,146,-0.000136468217], [187,146,0.999999990688], [183,147,0.000907335660], [184,147,-0.999999588371], [189,147,-0.000907335660], [190,147,0.999999588371], [186,148,0.001708765903], [187,148,-0.999998540058], [189,148,-0.001708765903], [190,148,0.999998540058], ]
},
"Q": {
"shape": [149, 149],
"data": [[0,0,2.000000000000], [1,0,0.707390978364], [2,0,0.001135913091], [3,0,0.000769650183], [0,1,0.707390978364], [1,1,2.000000000000], [2,1,0.707625548406], [3,1,0.706277816797], [6,1,-0.002416457853], [23,1,0.707993685213], [27,1,-0.709941451084], [28,1,-0.709871128873], [0,2,0.001135913091], [1,2,0.707625548406], [2,2,2.000000000000], [21,2,0.707421955674], [24,2,0.999990822503], [43,2,-0.003712018296], [44,2,-0.703255052512], [45,2,-0.999995630446], [46,2,-0.714131427434], [0,3,0.000769650183], [1,3,0.706277816797], [3,3,2.000000000000], [6,3,0.706226017401], [23,3,0.000083413046], [27,3,-0.002845256764], [28,3,-0.002745409653], [4,4,2.000000000000], [5,4,0.999994155487], [6,4,-0.707655890593], [7,4,-0.000725938947], [8,4,0.705347355927], [9,4,-0.999976493975], [10,4,-0.999999928769], [11,4,0.707572836478], [12,4,0.003381843312], [13,4,-0.702355720688], [14,4,0.006022655181], [4,5,0.999994155487], [5,5,2.000000000000], [6,5,-0.705236094288], [7,5,0.002692981147], [8,5,0.707766773133], [9,5,0.999994091378], [15,5,-0.999955043085], [16,5,-0.999984996109], [17,5,-0.711353651131], [1,6,-0.002416457853], [3,6,0.706226017401], [4,6,-0.707655890593], [5,6,-0.705236094288], [6,6,2.000000000000], [7,6,0.707070773832], [8,6,0.001708257084], [23,6,-0.707927538341], [27,6,0.705974189161], [28,6,0.706044901393], [4,7,-0.000725938947], [5,7,0.002692981147], [6,7,0.707070773832], [7,7,2.000000000000], [8,7,0.708349613594], [11,7,0.707153886999], [27,7,0.001651367014], [29,7,-0.702787527217], [4,8,0.705347355927], [5,8,0.707766773133], [6,8,0.001708257084], [7,8,0.708349613594], [8,8,2.000000000000], [12,8,0.706472411663], [28,8,0.706959929247], [30,8,-0.702724200455], [31,8,-0.999996304383], [32,8,-0.706940341047], [4,9,-0.999976493975], [5,9,0.999994091378], [9,9,2.000000000000], [10,9,0.999979010670], [11,9,-0.702711129099], [12,9,0.003474690074], [13,9,0.707219842057], [14,9,0.000833855136], [15,9,-0.999916538616], [16,9,-0.999960256603], [17,9,-0.713765522725], [4,10,-0.999999928769], [9,10,0.999979010670], [10,10,2.000000000000], [11,10,-0.707306070720], [12,10,-0.003004403818], [13,10,0.702624343319], [14,10,-0.005645220186], [15,10,0.999979257837], [18,10,0.002702969937], [4,11,0.707572836478], [7,11,0.707153886999], [9,11,-0.702711129099], [10,11,-0.707306070720], [11,11,2.000000000000], [12,11,0.709029278092], [13,11,0.006037286033], [14,11,0.710889069844], [27,11,-0.705890937552], [29,11,-0.999981049047], [4,12,0.003381843312], [8,12,0.706472411663], [9,12,0.003474690074], [10,12,-0.003004403818], [11,12,0.709029278092], [12,12,2.000000000000], [13,12,0.709446804054], [14,12,0.999996512979], [28,12,-0.001104390260], [30,12,-0.999986049619], [31,12,-0.704545680701], [32,12,-0.999999781290], [4,13,-0.702355720688], [9,13,0.707219842057], [10,13,0.702624343319], [11,13,0.006037286033], [12,13,0.709446804054], [13,13,2.000000000000], [14,13,0.707583175342], [33,13,-0.700770045660], [34,13,-0.004062233329], [35,13,-0.712172352634], [36,13,-0.999984411119], [37,13,-0.710040399763], [4,14,0.006022655181], [9,14,0.000833855136], [10,14,-0.005645220186], [11,14,0.710889069844], [12,14,0.999996512979], [13,14,0.707583175342], [14,14,2.000000000000], [30,14,0.999996511818], [34,14,0.709498603478], [48,14,0.000016929930], [54,14,0.012564803674], [55,14,-0.709805802057], [56,14,-0.999956995805], [57,14,-0.700250064892], [5,15,-0.999955043085], [9,15,-0.999916538616], [10,15,0.999979257837], [15,15,2.000000000000], [16,15,0.999991982469], [17,15,0.704657267349], [18,15,0.009143689684], [5,16,-0.999984996109], [9,16,-0.999960256603], [15,16,0.999991982469], [16,16,2.000000000000], [17,16,0.707492911482], [19,16,0.708170624844], [5,17,-0.711353651131], [9,17,-0.713765522725], [15,17,0.704657267349], [16,17,0.707492911482], [17,17,2.000000000000], [18,17,0.703075009207], [19,17,-0.002051854634], [38,17,-0.709882718504], [10,18,0.002702969937], [15,18,0.009143689684], [17,18,0.703075009207], [18,18,2.000000000000], [19,18,0.709671590173], [38,18,0.001752138458], [16,19,0.708170624844], [17,19,-0.002051854634], [18,19,0.709671590173], [19,19,2.000000000000], [38,19,0.705774996660], [20,20,2.000000000000], [21,20,0.704108224952], [22,20,0.999997246251], [40,20,-0.999988913367], [41,20,-0.701660987483], [42,20,-0.999996243628], [2,21,0.707421955674], [20,21,0.704108224952], [21,21,2.000000000000], [22,21,0.705772734540], [24,21,0.710443543931], [43,21,-0.709412559913], [44,21,0.004986593899], [45,21,-0.705329451056], [46,21,-0.999954508513], [20,22,0.999997246251], [21,22,0.705772734540], [22,22,2.000000000000], [40,22,0.999997210367], [44,22,0.704910105597], [65,22,0.000697471562], [66,22,-0.003841521687], [67,22,-0.711542404169], [68,22,-0.999992229629], [1,23,0.707993685213], [3,23,0.000083413046], [6,23,-0.707927538341], [23,23,2.000000000000], [24,23,0.006273211732], [25,23,0.709130836639], [26,23,0.002652639708], [27,23,-0.999996186101], [28,23,-0.999996456880], [2,24,0.999990822503], [21,24,0.710443543931], [23,24,0.006273211732], [24,24,2.000000000000], [25,24,0.709511569563], [26,24,0.999993445599], [43,24,-0.007996217843], [44,24,-0.700202754462], [45,24,-0.999973787870], [46,24,-0.717123907580], [23,25,0.709130836639], [24,25,0.709511569563], [25,25,2.000000000000], [26,25,0.706955503303], [29,25,-0.010066711089], [47,25,-0.712174704177], [48,25,-0.713645701208], [49,25,-0.701112427630], [23,26,0.002652639708], [24,26,0.999993445599], [25,26,0.706955503303], [26,26,2.000000000000], [41,26,0.705456587195], [45,26,0.999993448294], [65,26,0.002296867613], [69,26,-0.011432072668], [70,26,-0.704813758969], [71,26,-0.999941523442], [1,27,-0.709941451084], [3,27,-0.002845256764], [6,27,0.705974189161], [7,27,0.001651367014], [11,27,-0.705890937552], [23,27,-0.999996186101], [27,27,2.000000000000], [28,27,0.999999995015], [29,27,0.710238281210], [1,28,-0.709871128873], [3,28,-0.002745409653], [6,28,0.706044901393], [8,28,0.706959929247], [12,28,-0.001104390260], [23,28,-0.999996456880], [27,28,0.999999995015], [28,28,2.000000000000], [30,28,0.006386470389], [31,28,-0.708880112763], [32,28,0.000443012639], [7,29,-0.702787527217], [11,29,-0.999981049047], [25,29,-0.010066711089], [27,29,0.710238281210], [29,29,2.000000000000], [47,29,0.709135958697], [48,29,0.707655395889], [49,29,-0.705956717240], [8,30,-0.702724200455], [12,30,-0.999986049619], [14,30,0.999996511818], [28,30,0.006386470389], [30,30,2.000000000000], [31,30,0.700787365006], [32,30,0.999982337449], [34,30,0.711357455586], [48,30,-0.002624348544], [54,30,0.015205829758], [55,30,-0.711663835823], [56,30,-0.999929012634], [57,30,-0.698362019853], [8,31,-0.999996304383], [12,31,-0.704545680701], [28,31,-0.708880112763], [30,31,0.700787365006], [31,31,2.000000000000], [32,31,0.705014879066], [35,31,0.707290251760], [54,31,0.702631688894], [58,31,-0.001018568586], [59,31,-0.703003383064], [60,31,-0.999994930273], [8,32,-0.706940341047], [12,32,-0.999999781290], [28,32,0.000443012639], [30,32,0.999982337449], [31,32,0.705014879066], [32,32,2.000000000000], [52,32,0.707826523067], [56,32,0.999982168351], [58,32,0.709910250980], [73,32,0.004831040045], [76,32,0.008205342235], [13,33,-0.700770045660], [33,33,2.000000000000], [34,33,-0.710534654703], [35,33,-0.001732108055], [36,33,0.704742449797], [37,33,-0.004764381316], [38,33,0.999993686503], [39,33,0.706671158936], [13,34,-0.004062233329], [14,34,0.709498603478], [30,34,0.711357455586], [33,34,-0.710534654703], [34,34,2.000000000000], [35,34,0.704891876300], [36,34,-0.001521467202], [37,34,0.707039480723], [48,34,-0.704694829074], [54,34,0.713565921854], [55,34,-0.999999904943], [56,34,-0.702932661179], [57,34,0.006262110581], [13,35,-0.712172352634], [31,35,0.707290251760], [33,35,-0.001732108055], [34,35,0.704891876300], [35,35,2.000000000000], [36,35,0.708241478995], [37,35,0.999995402611], [54,35,-0.006049340022], [58,35,-0.707643319918], [59,35,-0.999981723767], [60,35,-0.709537684292], [13,36,-0.999984411119], [33,36,0.704742449797], [34,36,-0.001521467202], [35,36,0.708241478995], [36,36,2.000000000000], [37,36,0.706097519359], [39,36,0.003953967232], [61,36,-0.708568943466], [62,36,-0.709915858292], [13,37,-0.710040399763], [33,37,-0.004764381316], [34,37,0.707039480723], [35,37,0.999995402611], [36,37,0.706097519359], [37,37,2.000000000000], [57,37,0.702732650123], [59,37,0.999995459164], [74,37,-0.001500812668], [76,37,-0.008024100896], [17,38,-0.709882718504], [18,38,0.001752138458], [19,38,0.705774996660], [33,38,0.999993686503], [38,38,2.000000000000], [39,38,0.704152487051], [33,39,0.706671158936], [36,39,0.003953967232], [38,39,0.704152487051], [39,39,2.000000000000], [61,39,0.702834414806], [62,39,-0.707087978708], [20,40,-0.999988913367], [22,40,0.999997210367], [40,40,2.000000000000], [41,40,0.705008306104], [42,40,0.999998063657], [44,40,0.703232748250], [65,40,-0.001664575219], [66,40,-0.006203538953], [67,40,-0.713200094273], [68,40,-0.999980128440], [20,41,-0.701660987483], [26,41,0.705456587195], [40,41,0.705008306104], [41,41,2.000000000000], [42,41,0.703611298664], [45,41,0.702886379749], [65,41,0.710371603868], [69,41,-0.716771648205], [70,41,0.005568571040], [71,41,-0.697750645483], [20,42,-0.999996243628], [40,42,0.999998063657], [41,42,0.703611298664], [42,42,2.000000000000], [70,42,0.706655942228], [79,42,-0.001725118502], [80,42,-0.999977299979], [81,42,-0.706675360719], [82,42,-0.999996054018], [2,43,-0.003712018296], [21,43,-0.709412559913], [24,43,-0.007996217843], [43,43,2.000000000000], [44,43,-0.708322248542], [45,43,0.000755827300], [46,43,0.702657692018], [47,43,0.999996611031], [50,43,0.707690285670], [51,43,-0.001883397893], [52,43,-0.705407442000], [53,43,-0.000576407335], [2,44,-0.703255052512], [21,44,0.004986593899], [22,44,0.704910105597], [24,44,-0.700202754462], [40,44,0.703232748250], [43,44,-0.708322248542], [44,44,2.000000000000], [45,44,0.705353650006], [46,44,0.004551905465], [65,44,0.709788135983], [66,44,0.706583492629], [67,44,-0.003190990716], [68,44,-0.707700794100], [2,45,-0.999995630446], [21,45,-0.705329451056], [24,45,-0.999973787870], [26,45,0.999993448294], [41,45,0.702886379749], [43,45,0.000755827300], [44,45,0.705353650006], [45,45,2.000000000000], [46,45,0.712058935970], [65,45,-0.001322995609], [69,45,-0.007812376598], [70,45,-0.707377040763], [71,45,-0.999974118449], [2,46,-0.714131427434], [21,46,-0.999954508513], [24,46,-0.717123907580], [43,46,0.702657692018], [44,46,0.004551905465], [45,46,0.712058935970], [46,46,2.000000000000], [49,46,0.708816032118], [50,46,0.005446764620], [66,46,0.704406050487], [69,46,0.707661144911], [72,46,-0.008526157207], [25,47,-0.712174704177], [29,47,0.709135958697], [43,47,0.999996611031], [47,47,2.000000000000], [48,47,0.999997799903], [49,47,-0.001248707171], [50,47,0.705848494033], [51,47,-0.004486831977], [52,47,-0.707250378599], [53,47,-0.003179850033], [14,48,0.000016929930], [25,48,-0.713645701208], [29,48,0.707655395889], [30,48,-0.002624348544], [34,48,-0.704694829074], [47,48,0.999997799903], [48,48,2.000000000000], [49,48,0.000848956501], [54,48,-0.999920846874], [55,48,0.704385401562], [56,48,-0.009290900309], [57,48,-0.713909499440], [25,49,-0.701112427630], [29,49,-0.705956717240], [46,49,0.708816032118], [47,49,-0.001248707171], [48,49,0.000848956501], [49,49,2.000000000000], [50,49,0.709243679020], [66,49,-0.001391975683], [69,49,0.003204467693], [72,49,-0.711411225594], [43,50,0.707690285670], [46,50,0.005446764620], [47,50,0.705848494033], [49,50,0.709243679020], [50,50,2.000000000000], [51,50,0.705188679319], [52,50,0.001574808533], [53,50,0.706114759557], [66,50,-0.705949972966], [69,50,-0.702687038016], [72,50,-0.999995258439], [43,51,-0.001883397893], [47,51,-0.004486831977], [50,51,0.705188679319], [51,51,2.000000000000], [52,51,0.710129352014], [53,51,0.999999145887], [55,51,0.705164340055], [73,51,-0.008096331917], [74,51,-0.001583300337], [75,51,-0.712152086174], [32,52,0.707826523067], [43,52,-0.705407442000], [47,52,-0.707250378599], [50,52,0.001574808533], [51,52,0.710129352014], [52,52,2.000000000000], [53,52,0.709208530527], [56,52,0.712032333631], [58,52,0.004990972983], [73,52,0.709797601030], [76,52,-0.700554567030], [43,53,-0.000576407335], [47,53,-0.003179850033], [50,53,0.706114759557], [51,53,0.999999145887], [52,53,0.709208530527], [53,53,2.000000000000], [84,53,-0.001081088680], [88,53,-0.002423092298], [89,53,0.001403296169], [90,53,-0.999985219271], [91,53,-0.999989917625], [14,54,0.012564803674], [30,54,0.015205829758], [31,54,0.702631688894], [34,54,0.713565921854], [35,54,-0.006049340022], [48,54,-0.999920846874], [54,54,2.000000000000], [55,54,-0.713260383858], [56,54,-0.003291024316], [57,54,0.705042784503], [58,54,0.710837681679], [59,54,0.012094954813], [60,54,-0.700362363894], [14,55,-0.709805802057], [30,55,-0.711663835823], [34,55,-0.999999904943], [48,55,0.704385401562], [51,55,0.705164340055], [54,55,-0.713260383858], [55,55,2.000000000000], [56,55,0.703242716121], [57,55,-0.005826098897], [73,55,0.703311416921], [74,55,0.707926525311], [75,55,-0.004417556988], [14,56,-0.999956995805], [30,56,-0.999929012634], [32,56,0.999982168351], [34,56,-0.702932661179], [48,56,-0.009290900309], [52,56,0.712032333631], [54,56,-0.003291024316], [55,56,0.703242716121], [56,56,2.000000000000], [57,56,0.706840617330], [58,56,0.705691665802], [73,56,0.010802733102], [76,56,0.002233548068], [14,57,-0.700250064892], [30,57,-0.698362019853], [34,57,0.006262110581], [37,57,0.702732650123], [48,57,-0.713909499440], [54,57,0.705042784503], [55,57,-0.005826098897], [56,57,0.706840617330], [57,57,2.000000000000], [59,57,0.700585437072], [74,57,0.710398548596], [76,57,0.705792317948], [31,58,-0.001018568586], [32,58,0.709910250980], [35,58,-0.707643319918], [52,58,0.004990972983], [54,58,0.710837681679], [56,58,0.705691665802], [58,58,2.000000000000], [59,58,0.711902192190], [60,58,0.004202808801], [73,58,-0.700854328513], [76,58,0.710093499133], [31,59,-0.703003383064], [35,59,-0.999981723767], [37,59,0.999995459164], [54,59,0.012094954813], [57,59,0.700585437072], [58,59,0.711902192190], [59,59,2.000000000000], [60,59,0.705264412542], [74,59,-0.004514380284], [76,59,-0.011037545267], [31,60,-0.999994930273], [35,60,-0.709537684292], [54,60,-0.700362363894], [58,60,0.004202808801], [59,60,0.705264412542], [60,60,2.000000000000], [62,60,0.711208966421], [63,60,0.001110707517], [36,61,-0.708568943466], [39,61,0.702834414806], [61,61,2.000000000000], [62,61,0.006050484543], [63,61,0.706156567369], [64,61,0.003767554367], [36,62,-0.709915858292], [39,62,-0.707087978708], [60,62,0.711208966421], [61,62,0.006050484543], [62,62,2.000000000000], [63,62,0.703770169920], [60,63,0.001110707517], [61,63,0.706156567369], [62,63,0.703770169920], [63,63,2.000000000000], [64,63,0.710711177819], [61,64,0.003767554367], [63,64,0.710711177819], [64,64,2.000000000000], [77,64,-0.711371536573], [78,64,-0.999987621354], [22,65,0.000697471562], [26,65,0.002296867613], [40,65,-0.001664575219], [41,65,0.710371603868], [44,65,0.709788135983], [45,65,-0.001322995609], [65,65,2.000000000000], [66,65,0.999989698745], [67,65,0.702146706206], [68,65,-0.004639632260], [69,65,-0.999958272048], [70,65,0.707771656401], [71,65,0.008517566438], [22,66,-0.003841521687], [40,66,-0.006203538953], [44,66,0.706583492629], [46,66,0.704406050487], [49,66,-0.001391975683], [50,66,-0.705949972966], [65,66,0.999989698745], [66,66,2.000000000000], [67,66,0.705371378709], [68,66,-0.000100646151], [69,66,0.999989436345], [72,66,0.703765559187], [22,67,-0.711542404169], [40,67,-0.713200094273], [44,67,-0.003190990716], [65,67,0.702146706206], [66,67,0.705371378709], [67,67,2.000000000000], [68,67,0.708766938498], [71,67,0.706025894437], [72,67,0.007165274145], [83,67,-0.701446923318], [84,67,-0.702446642389], [85,67,-0.714161169053], [22,68,-0.999992229629], [40,68,-0.999980128440], [44,68,-0.707700794100], [65,68,-0.004639632260], [66,68,-0.000100646151], [67,68,0.708766938498], [68,68,2.000000000000], [80,68,0.999997116021], [105,68,0.001569797774], [106,68,-0.999994885175], [26,69,-0.011432072668], [41,69,-0.716771648205], [45,69,-0.007812376598], [46,69,0.707661144911], [49,69,0.003204467693], [50,69,-0.702687038016], [65,69,-0.999958272048], [66,69,0.999989436345], [69,69,2.000000000000], [70,69,-0.701288551854], [71,69,0.000617782593], [72,69,0.700492670344], [26,70,-0.704813758969], [41,70,0.005568571040], [42,70,0.706655942228], [45,70,-0.707377040763], [65,70,0.707771656401], [69,70,-0.701288551854], [70,70,2.000000000000], [71,70,0.712444146077], [79,70,0.706337214782], [80,70,-0.711407363750], [81,70,0.001247313866], [82,70,-0.708640867160], [26,71,-0.999941523442], [41,71,-0.697750645483], [45,71,-0.999974118449], [65,71,0.008517566438], [67,71,0.706025894437], [69,71,0.000617782593], [70,71,0.712444146077], [71,71,2.000000000000], [72,71,0.713226707518], [83,71,0.009499847460], [84,71,0.008096253869], [85,71,-0.999933249978], [46,72,-0.008526157207], [49,72,-0.711411225594], [50,72,-0.999995258439], [66,72,0.703765559187], [67,72,0.007165274145], [69,72,0.700492670344], [71,72,0.713226707518], [72,72,2.000000000000], [83,72,0.707677338754], [84,72,0.706684914403], [85,72,-0.705080494454], [32,73,0.004831040045], [51,73,-0.008096331917], [52,73,0.709797601030], [55,73,0.703311416921], [56,73,0.010802733102], [58,73,-0.700854328513], [73,73,2.000000000000], [74,73,0.999978789713], [75,73,0.707768027813], [76,73,-0.999915026127], [37,74,-0.001500812668], [51,74,-0.001583300337], [55,74,0.707926525311], [57,74,0.710398548596], [59,74,-0.004514380284], [73,74,0.999978789713], [74,74,2.000000000000], [75,74,0.703151888313], [76,74,0.999978722873], [51,75,-0.712152086174], [55,75,-0.004417556988], [73,75,0.707768027813], [74,75,0.703151888313], [75,75,2.000000000000], [88,75,0.704676716371], [92,75,-0.699259008507], [93,75,-0.005595081523], [94,75,-0.714922341429], [95,75,-0.999995998975], [96,75,-0.709879910375], [32,76,0.008205342235], [37,76,-0.008024100896], [52,76,-0.700554567030], [56,76,0.002233548068], [57,76,0.705792317948], [58,76,0.710093499133], [59,76,-0.011037545267], [73,76,-0.999915026127], [74,76,0.999978722873], [76,76,2.000000000000], [64,77,-0.711371536573], [77,77,2.000000000000], [78,77,0.707865760402], [100,77,0.001116863813], [101,77,-0.706922263902], [64,78,-0.999987621354], [77,78,0.707865760402], [78,78,2.000000000000], [100,78,0.705555956243], [103,78,0.999999137661], [42,79,-0.001725118502], [70,79,0.706337214782], [79,79,2.000000000000], [80,79,-0.005012827694], [81,79,0.708755984507], [82,79,-0.001084145354], [83,79,0.999995467608], [86,79,0.706923419717], [87,79,0.000898467877], [42,80,-0.999977299979], [68,80,0.999997116021], [70,80,-0.711407363750], [79,80,-0.005012827694], [80,80,2.000000000000], [81,80,0.701891987225], [82,80,0.999992282656], [105,80,0.003971445792], [106,80,-0.999984319808], [42,81,-0.706675360719], [70,81,0.001247313866], [79,81,0.708755984507], [80,81,0.701891987225], [81,81,2.000000000000], [82,81,0.704684913291], [85,81,0.709034559915], [86,81,-0.002075773904], [105,81,0.709490254236], [107,81,0.005420356260], [42,82,-0.999996054018], [70,82,-0.708640867160], [79,82,-0.001084145354], [80,82,0.999992282656], [81,82,0.704684913291], [82,82,2.000000000000], [107,82,0.705690316051], [126,82,-0.006433827565], [127,82,0.000401884488], [128,82,-0.999999834114], [129,82,-0.705673364147], [67,83,-0.701446923318], [71,83,0.009499847460], [72,83,0.707677338754], [79,83,0.999995467608], [83,83,2.000000000000], [84,83,0.999999014886], [85,83,0.002054294380], [86,83,0.709049706579], [87,83,0.003909236996], [53,84,-0.001081088680], [67,84,-0.702446642389], [71,84,0.008096253869], [72,84,0.706684914403], [83,84,0.999999014886], [84,84,2.000000000000], [85,84,0.003457936966], [88,84,-0.999993860355], [89,84,-0.999999948091], [90,84,0.006518094451], [91,84,0.005571581544], [67,85,-0.714161169053], [71,85,-0.999933249978], [72,85,-0.705080494454], [81,85,0.709034559915], [83,85,0.002054294380], [84,85,0.003457936966], [85,85,2.000000000000], [86,85,0.703700417708], [105,85,0.006106429286], [107,85,-0.701320153299], [79,86,0.706923419717], [81,86,-0.002075773904], [83,86,0.709049706579], [85,86,0.703700417708], [86,86,2.000000000000], [87,86,0.707924957627], [105,86,-0.706186469952], [107,86,-0.999994406806], [79,87,0.000898467877], [83,87,0.003909236996], [86,87,0.707924957627], [87,87,2.000000000000], [109,87,0.999998036598], [113,87,0.706085951669], [127,87,-0.000216206928], [134,87,-0.003262240102], [135,87,-0.001340382754], [136,87,-0.708439142137], [53,88,-0.002423092298], [75,88,0.704676716371], [84,88,-0.999993860355], [88,88,2.000000000000], [89,88,0.999992679374], [90,88,-0.003013952483], [91,88,-0.002067425338], [92,88,-0.999971067043], [93,88,0.705574693685], [94,88,-0.007684041732], [95,88,-0.706681001704], [96,88,-0.000498775260], [53,89,0.001403296169], [84,89,-0.999999948091], [88,89,0.999992679374], [89,89,2.000000000000], [90,89,-0.006840295001], [91,89,-0.005893783987], [92,89,0.999992853571], [97,89,0.706603946826], [98,89,0.010852405360], [99,89,0.004029779310], [53,90,-0.999985219271], [84,90,0.006518094451], [88,90,-0.003013952483], [89,90,-0.006840295001], [90,90,2.000000000000], [91,90,0.999999552040], [93,90,0.710758906287], [112,90,0.003619370287], [113,90,-0.708921645538], [114,90,-0.999998200965], [115,90,-0.704175392044], [116,90,-0.999991694081], [53,91,-0.999989917625], [84,91,0.005571581544], [88,91,-0.002067425338], [89,91,-0.005893783987], [90,91,0.999999552040], [91,91,2.000000000000], [110,91,0.706187141449], [114,91,0.999999548438], [119,91,0.706132863723], [130,91,-0.004968392135], [134,91,0.000196234437], [75,92,-0.699259008507], [88,92,-0.999971067043], [89,92,0.999992853571], [92,92,2.000000000000], [93,92,-0.710944806086], [94,92,0.000077134177], [95,92,0.701278420906], [96,92,-0.007108148033], [97,92,0.709274072571], [98,92,0.014632688038], [99,92,0.007810302683], [75,93,-0.005595081523], [88,93,0.705574693685], [90,93,0.710758906287], [92,93,-0.710944806086], [93,93,2.000000000000], [94,93,0.703192970070], [95,93,0.002766316839], [96,93,0.708283544938], [112,93,0.706003587298], [113,93,-0.999996598115], [114,93,-0.709423310560], [115,93,-0.001041250805], [116,93,-0.707885972049], [75,94,-0.714922341429], [88,94,-0.007684041732], [92,94,0.000077134177], [93,94,0.703192970070], [94,94,2.000000000000], [95,94,0.712941582498], [96,94,0.999974185541], [97,94,0.704878115203], [117,94,-0.008044204295], [118,94,-0.003601995017], [119,94,-0.699194532272], [120,94,-0.999896490254], [75,95,-0.999995998975], [88,95,-0.706681001704], [92,95,0.701278420906], [93,95,0.002766316839], [94,95,0.712941582498], [95,95,2.000000000000], [96,95,0.707884691435], [98,95,0.702549579487], [112,95,0.706252517202], [117,95,0.706935790391], [121,95,-0.000124725498], [122,95,-0.999974550975], [123,95,-0.711574095759], [75,96,-0.709879910375], [88,96,-0.000498775260], [92,96,-0.007108148033], [93,96,0.708283544938], [94,96,0.999974185541], [95,96,0.707884691435], [96,96,2.000000000000], [115,96,0.706665173930], [120,96,0.999974058839], [121,96,0.706416299968], [135,96,0.000840573698], [137,96,0.007269818767], [138,96,-0.702862736015], [89,97,0.706603946826], [92,97,0.709274072571], [94,97,0.704878115203], [97,97,2.000000000000], [98,97,0.715235940226], [99,97,0.710450970693], [117,97,0.703635310895], [118,97,0.706784875857], [119,97,-0.999968151500], [120,97,-0.715010828970], [89,98,0.010852405360], [92,98,0.014632688038], [95,98,0.702549579487], [97,98,0.715235940226], [98,98,2.000000000000], [99,98,0.999976724598], [112,98,-0.007631574159], [117,98,-0.006666004024], [121,98,-0.711722420165], [122,98,-0.697454725748], [123,98,-0.999918565142], [89,99,0.004029779310], [92,99,0.007810302683], [97,99,0.710450970693], [98,99,0.999976724598], [99,99,2.000000000000], [137,99,-0.007971972561], [139,99,-0.999987785882], [140,99,-0.707707172029], [77,100,0.001116863813], [78,100,0.705555956243], [100,100,2.000000000000], [101,100,0.706501273307], [103,100,0.704624693720], [77,101,-0.706922263902], [100,101,0.706501273307], [101,101,2.000000000000], [122,101,0.704281886732], [124,101,0.999995540516], [141,101,-0.709164752027], [102,102,2.000000000000], [103,102,0.706765281210], [104,102,0.705545015095], [118,102,-0.710399696477], [124,102,-0.707004603643], [125,102,-0.705619314388], [78,103,0.999999137661], [100,103,0.704624693720], [102,103,0.706765281210], [103,103,2.000000000000], [104,103,0.999998514944], [102,104,0.705545015095], [103,104,0.999998514944], [104,104,2.000000000000], [142,104,-0.707916372849], [143,104,-0.999994388519], [68,105,0.001569797774], [80,105,0.003971445792], [81,105,0.709490254236], [85,105,0.006106429286], [86,105,-0.706186469952], [105,105,2.000000000000], [106,105,0.001628584564], [107,105,0.708550584356], [68,106,-0.999994885175], [80,106,-0.999984319808], [105,106