{
"N": {
"shape": [192, 143],
"data": [[0,0,-0.002683062513], [1,0,-0.999996400581], [6,0,0.002683062513], [7,0,0.999996400581], [0,1,-0.707416696004], [1,1,-0.706796730478], [27,1,0.707416696004], [28,1,0.706796730478], [3,2,-0.006626876443], [4,2,-0.999978042013], [6,2,0.006626876443], [7,2,0.999978042013], [3,3,-0.001872001210], [4,3,-0.999998247804], [9,3,0.001872001210], [10,3,0.999998247804], [3,4,-0.707894507675], [4,4,0.706318176181], [24,4,0.707894507675], [25,4,-0.706318176181], [3,5,-0.999999489722], [4,5,-0.001010226044], [27,5,0.999999489722], [28,5,0.001010226044], [3,6,-0.708993567487], [4,6,-0.705214946851], [30,6,0.708993567487], [31,6,0.705214946851], [3,7,-0.999998993410], [4,7,-0.001418865486], [51,7,0.999998993410], [52,7,0.001418865486], [6,8,0.002867321748], [7,8,-0.999995889225], [9,8,-0.002867321748], [10,8,0.999995889225], [6,9,-0.706031779017], [7,9,0.708180151528], [27,9,0.706031779017], [28,9,-0.708180151528], [6,10,-0.999993773463], [7,10,0.003528885755], [30,10,0.999993773463], [31,10,-0.003528885755], [6,11,-0.703351519863], [7,11,-0.710842204365], [33,11,0.703351519863], [34,11,0.710842204365], [6,12,-0.999999924010], [7,12,0.000389844993], [54,12,0.999999924010], [55,12,-0.000389844993], [9,13,-0.704016446468], [10,13,0.710183668570], [30,13,0.704016446468], [31,13,-0.710183668570], [9,14,-0.999998171195], [10,14,-0.001912487082], [33,14,0.999998171195], [34,14,0.001912487082], [9,15,-0.999999893778], [10,15,-0.000460917027], [57,15,0.999999893778], [58,15,0.000460917027], [12,16,-0.706190542304], [13,16,0.708021834381], [33,16,0.706190542304], [34,16,-0.708021834381], [12,17,-0.999957534182], [13,17,0.009215738338], [36,17,0.999957534182], [37,17,-0.009215738338], [15,18,-0.008302217353], [16,18,-0.999965536000], [18,18,0.008302217353], [19,18,0.999965536000], [18,19,-0.709466001367], [19,19,-0.704739663212], [45,19,0.709466001367], [46,19,0.704739663212], [18,20,-0.999996968782], [19,20,0.002462199464], [66,20,0.999996968782], [67,20,-0.002462199464], [21,21,-0.999997525179], [22,21,-0.002224777598], [45,21,0.999997525179], [46,21,0.002224777598], [24,22,0.004241927544], [25,22,-0.999991002985], [27,22,-0.004241927544], [28,22,0.999991002985], [24,23,-0.999998919376], [25,23,0.001470117655], [48,23,0.999998919376], [49,23,-0.001470117655], [27,24,0.000665220733], [28,24,-0.999999778741], [33,24,-0.000665220733], [34,24,0.999999778741], [30,25,0.000571964569], [31,25,-0.999999836428], [33,25,-0.000571964569], [34,25,0.999999836428], [30,26,-0.000108647964], [31,26,-0.999999994098], [36,26,0.000108647964], [37,26,0.999999994098], [30,27,-0.706354100292], [31,27,-0.707858661740], [57,27,0.706354100292], [58,27,0.707858661740], [33,28,-0.706393582119], [34,28,0.707819261635], [54,28,0.706393582119], [55,28,-0.707819261635], [36,29,-0.001843971285], [37,29,-0.999998299884], [39,29,0.001843971285], [40,29,0.999998299884], [36,30,-0.003392374619], [37,30,-0.999994245881], [42,30,0.003392374619], [43,30,0.999994245881], [36,31,-0.999981926361], [37,31,-0.006012233454], [60,31,0.999981926361], [61,31,0.006012233454], [36,32,-0.705835175515], [37,32,-0.708376104203], [63,32,0.705835175515], [64,32,0.708376104203], [36,33,-0.999999143685], [37,33,-0.001308674886], [84,33,0.999999143685], [85,33,0.001308674886], [39,34,-0.004949522207], [40,34,-0.999987751040], [42,34,0.004949522207], [43,34,0.999987751040], [39,35,-0.002466061431], [40,35,-0.999996959266], [45,35,0.002466061431], [46,35,0.999996959266], [39,36,-0.999998692420], [40,36,-0.001617145042], [63,36,0.999998692420], [64,36,0.001617145042], [39,37,-0.706773393705], [40,37,-0.707440011557], [66,37,0.706773393705], [67,37,0.707440011557], [39,38,-0.999999946444], [40,38,-0.000327280224], [87,38,0.999999946444], [88,38,0.000327280224], [42,39,-0.706570108726], [43,39,0.707643046638], [63,39,0.706570108726], [64,39,-0.707643046638], [42,40,-0.999999686985], [43,40,-0.000791220860], [66,40,0.999999686985], [67,40,0.000791220860], [45,41,-0.705229857726], [46,41,0.708978735769], [66,41,0.705229857726], [67,41,-0.708978735769], [51,42,0.001441050819], [52,42,-0.999998961686], [54,42,-0.001441050819], [55,42,0.999998961686], [51,43,-0.000386767034], [52,43,-0.999999925206], [57,43,0.000386767034], [58,43,0.999999925206], [51,44,-0.707020635588], [52,44,-0.707192916291], [78,44,0.707020635588], [79,44,0.707192916291], [51,45,-0.999999946275], [52,45,-0.000327794762], [99,45,0.999999946275], [100,45,0.000327794762], [54,46,-0.002198872326], [55,46,-0.999997582477], [57,46,0.002198872326], [58,46,0.999997582477], [54,47,-0.001328812147], [55,47,-0.999999117129], [60,47,0.001328812147], [61,47,0.999999117129], [54,48,-0.999985100659], [55,48,-0.005458796495], [78,48,0.999985100659], [79,48,0.005458796495], [57,49,-0.000454086582], [58,49,-0.999999896903], [60,49,0.000454086582], [61,49,0.999999896903], [57,50,-0.707564567719], [58,50,0.706648698087], [78,50,0.707564567719], [79,50,-0.706648698087], [57,51,-0.999999806716], [58,51,0.000621745963], [81,51,0.999999806716], [82,51,-0.000621745963], [57,52,-0.709706002601], [58,52,-0.704497970098], [84,52,0.709706002601], [85,52,0.704497970098], [57,53,-0.999999922111], [58,53,-0.000394687655], [105,53,0.999999922111], [106,53,0.000394687655], [60,54,-0.707658787375], [61,54,0.706554343736], [81,54,0.707658787375], [82,54,-0.706554343736], [60,55,-0.999994194144], [61,55,0.003407591401], [84,55,0.999994194144], [85,55,-0.003407591401], [60,56,-0.999999799120], [61,56,0.000633844615], [108,56,0.999999799120], [109,56,-0.000633844615], [63,57,-0.707528793016], [64,57,0.706684517344], [84,57,0.707528793016], [85,57,-0.706684517344], [63,58,-0.999999533239], [64,58,0.000966188939], [87,58,0.999999533239], [88,58,-0.000966188939], [63,59,-0.999998911309], [64,59,0.001475594787], [111,59,0.999998911309], [112,59,-0.001475594787], [66,60,-0.004846387780], [67,60,-0.999988256194], [69,60,0.004846387780], [70,60,0.999988256194], [66,61,-0.707412233967], [67,61,0.706801196401], [87,61,0.707412233967], [88,61,-0.706801196401], [69,62,-0.702392887953], [70,62,0.711789456900], [90,62,0.702392887953], [91,62,-0.711789456900], [69,63,-0.999999363257], [70,63,0.001128487910], [117,63,0.999999363257], [118,63,-0.001128487910], [72,64,0.008717286806], [73,64,-0.999962003734], [75,64,-0.008717286806], [76,64,0.999962003734], [72,65,-0.999993917924], [73,65,-0.003487709147], [96,65,0.999993917924], [97,65,0.003487709147], [72,66,-0.702463427649], [73,66,-0.711719841522], [99,66,0.702463427649], [100,66,0.711719841522], [75,67,-0.710077935358], [76,67,0.704123089891], [96,67,0.710077935358], [97,67,-0.704123089891], [75,68,-0.999995346492], [76,68,-0.003050736735], [99,68,0.999995346492], [100,68,0.003050736735], [75,69,-0.999999998254], [76,69,0.000059088494], [123,69,0.999999998254], [124,69,-0.000059088494], [78,70,-0.001465477742], [79,70,-0.999998926187], [81,70,0.001465477742], [82,70,0.999998926187], [78,71,-0.001387729241], [79,71,-0.999999037103], [84,71,0.001387729241], [85,71,0.999999037103], [81,72,-0.001309820569], [82,72,-0.999999142185], [84,72,0.001309820569], [85,72,0.999999142185], [81,73,-0.704924739557], [82,73,0.709282109996], [102,73,0.704924739557], [103,73,-0.709282109996], [81,74,-0.999999000526], [82,74,-0.001413840939], [105,74,0.999999000526], [106,74,0.001413840939], [84,75,-0.708123053178], [85,75,0.706089046480], [105,75,0.708123053178], [106,75,-0.706089046480], [87,76,-0.001971410576], [88,76,-0.999998056768], [93,76,0.001971410576], [94,76,0.999998056768], [87,77,-0.707731959761], [88,77,-0.706481049380], [114,77,0.707731959761], [115,77,0.706481049380], [90,78,-0.006409429143], [91,78,-0.999979459398], [93,78,0.006409429143], [94,78,0.999979459398], [90,79,-0.999986345624], [91,79,-0.005225759850], [114,79,0.999986345624], [115,79,0.005225759850], [90,80,-0.709286501000], [91,80,-0.704920321383], [117,80,0.709286501000], [118,80,0.704920321383], [90,81,-0.999998424229], [91,81,0.001775257794], [138,81,0.999998424229], [139,81,-0.001775257794], [93,82,-0.707643819005], [94,82,0.706569335185], [114,82,0.707643819005], [115,82,-0.706569335185], [93,83,-0.999997659025], [94,83,0.002163780062], [117,83,0.999997659025], [118,83,-0.002163780062], [93,84,-0.999999751242], [94,84,0.000705347446], [141,84,0.999999751242], [142,84,-0.000705347446], [102,85,-0.706864489972], [103,85,-0.707348989408], [129,85,0.706864489972], [130,85,0.707348989408], [102,86,-0.999999971809], [103,86,-0.000237447831], [150,86,0.999999971809], [151,86,0.000237447831], [105,87,-0.000501373332], [106,87,-0.999999874312], [111,87,0.000501373332], [112,87,0.999999874312], [108,88,0.001836262382], [109,88,-0.999998314069], [111,88,-0.001836262382], [112,88,0.999998314069], [108,89,0.000606924326], [109,89,-0.999999815821], [114,89,-0.000606924326], [115,89,0.999999815821], [111,90,-0.000613022750], [112,90,-0.999999812102], [114,90,0.000613022750], [115,90,0.999999812102], [114,91,-0.705025908272], [115,91,0.709181548452], [135,91,0.705025908272], [136,91,-0.709181548452], [114,92,-0.999960669134], [115,92,0.008869057708], [138,92,0.999960669134], [139,92,-0.008869057708], [114,93,-0.999994148778], [115,93,0.003420878507], [162,93,0.999994148778], [163,93,-0.003420878507], [117,94,-0.999999523728], [118,94,0.000975983341], [165,94,0.999999523728], [166,94,-0.000975983341], [120,95,0.008143587337], [121,95,-0.999966840443], [123,95,-0.008143587337], [124,95,0.999966840443], [126,96,-0.002757798136], [127,96,-0.999996197267], [129,96,0.002757798136], [130,96,0.999996197267], [126,97,0.000534813053], [127,97,-0.999999856987], [132,97,-0.000534813053], [133,97,0.999999856987], [126,98,-0.999990571163], [127,98,-0.004342532170], [150,98,0.999990571163], [151,98,0.004342532170], [126,99,-0.710235797455], [127,99,-0.703963857037], [153,99,0.710235797455], [154,99,0.703963857037], [129,100,-0.705318105960], [130,100,0.708890943238], [150,100,0.705318105960], [151,100,-0.708890943238], [129,101,-0.999975723593], [130,101,0.006967942593], [153,101,0.999975723593], [154,101,-0.006967942593], [129,102,-0.999999942605], [130,102,0.000338805999], [177,102,0.999999942605], [178,102,-0.000338805999], [132,103,-0.001589995273], [133,103,-0.999998735957], [138,103,0.001589995273], [139,103,0.999998735957], [132,104,-0.708398209004], [133,104,0.705812990444], [153,104,0.708398209004], [154,104,-0.705812990444], [132,105,-0.710920839909], [133,105,-0.703272037964], [159,105,0.710920839909], [160,105,0.703272037964], [132,106,-0.999999883171], [133,106,0.000483382044], [180,106,0.999999883171], [181,106,-0.000483382044], [135,107,0.001535514523], [136,107,-0.999998821097], [138,107,-0.001535514523], [139,107,0.999998821097], [135,108,0.000192033569], [136,108,-0.999999981562], [141,108,-0.000192033569], [142,108,0.999999981562], [135,109,-0.707507357571], [136,109,-0.706705977747], [162,109,0.707507357571], [163,109,0.706705977747], [135,110,-0.999999271786], [136,110,-0.001206825691], [183,110,0.999999271786], [184,110,0.001206825691], [138,111,-0.999997980056], [139,111,-0.002009946032], [162,111,0.999997980056], [163,111,0.002009946032], [138,112,-0.705947853136], [139,112,-0.708263812892], [165,112,0.705947853136], [166,112,0.708263812892], [141,113,-0.999996335347], [142,113,0.002707266776], [165,113,0.999996335347], [166,113,-0.002707266776], [144,114,-0.999998150611], [145,114,0.001923219751], [168,114,0.999998150611], [169,114,-0.001923219751], [147,115,-0.707033539600], [148,115,0.707180015188], [168,115,0.707033539600], [169,115,-0.707180015188], [147,116,-0.999994509956], [148,116,-0.003313616961], [171,116,0.999994509956], [172,116,0.003313616961], [150,117,-0.002762354259], [151,117,-0.999996184692], [156,117,0.002762354259], [157,117,0.999996184692], [150,118,-0.708041007211], [151,118,0.706171319233], [171,118,0.708041007211], [172,118,-0.706171319233], [150,119,-0.707818964394], [151,119,-0.706393879959], [177,119,0.707818964394], [178,119,0.706393879959], [153,120,0.003001017521], [154,120,-0.999995496937], [156,120,-0.003001017521], [157,120,0.999995496937], [153,121,0.000101970978], [154,121,-0.999999994801], [159,121,-0.000101970978], [160,121,0.999999994801], [153,122,-0.704526922558], [154,122,0.709677261430], [174,122,0.704526922558], [175,122,-0.709677261430], [153,123,-0.999979767123], [154,123,-0.006361237737], [177,123,0.999979767123], [178,123,0.006361237737], [156,124,-0.002787509886], [157,124,-0.999996114887], [159,124,0.002787509886], [160,124,0.999996114887], [156,125,0.002460929143], [157,125,-0.999996971909], [162,125,-0.002460929143], [163,125,0.999996971909], [156,126,-0.708481699994], [157,126,0.705729183734], [177,126,0.708481699994], [178,126,-0.705729183734], [156,127,-0.999990336523], [157,127,-0.004396232439], [180,127,0.999990336523], [181,127,0.004396232439], [156,128,-0.703706155401], [157,128,-0.710491130734], [183,128,0.703706155401], [184,128,0.710491130734], [159,129,0.007748119244], [160,129,-0.999969982874], [162,129,-0.007748119244], [163,129,0.999969982874], [159,130,-0.704865902474], [160,130,0.709340580772], [180,130,0.704865902474], [181,130,-0.709340580772], [159,131,-0.999995303553], [160,131,-0.003064779368], [183,131,0.999995303553], [184,131,0.003064779368], [162,132,-0.710217721368], [163,132,0.703982093703], [183,132,0.710217721368], [184,132,-0.703982093703], [168,133,0.002724286628], [169,133,-0.999996289124], [171,133,-0.002724286628], [172,133,0.999996289124], [168,134,0.001478964746], [169,134,-0.999998906331], [174,134,-0.001478964746], [175,134,0.999998906331], [171,135,-0.001641141159], [172,135,-0.999998653327], [177,135,0.001641141159], [178,135,0.999998653327], [174,136,-0.003483588605], [175,136,-0.999993932287], [177,136,0.003483588605], [178,136,0.999993932287], [177,137,0.000400798383], [178,137,-0.999999919680], [183,137,-0.000400798383], [184,137,0.999999919680], [180,138,-0.001314177390], [181,138,-0.999999136469], [183,138,0.001314177390], [184,138,0.999999136469], [180,139,-0.001073357472], [181,139,-0.999999423952], [186,139,0.001073357472], [187,139,0.999999423952], [183,140,-0.000830463294], [184,140,-0.999999655165], [186,140,0.000830463294], [187,140,0.999999655165], [183,141,0.001088029344], [184,141,-0.999999408096], [189,141,-0.001088029344], [190,141,0.999999408096], [186,142,0.002990802422], [187,142,-0.999995527540], [189,142,-0.002990802422], [190,142,0.999995527540], ]
},
"Q": {
"shape": [143, 143],
"data": [[0,0,2.000000000000], [1,0,0.708692229639], [2,0,0.999992222997], [8,0,-0.999984596617], [9,0,0.706283275092], [10,0,0.000845827246], [11,0,-0.712726781842], [12,0,-0.002293218719], [0,1,0.708692229639], [1,1,2.000000000000], [5,1,0.708130359490], [9,1,-0.001080747303], [22,1,0.703789561049], [24,1,-0.706325985839], [0,2,0.999992222997], [2,2,2.000000000000], [3,2,0.999988695377], [4,2,-0.701611537418], [5,2,0.007637076923], [6,2,0.709897874521], [7,2,0.008045704103], [8,2,-0.999954929941], [9,2,0.703485815953], [10,2,-0.003098026913], [11,2,-0.715487619319], [12,2,-0.006237039506], [2,3,0.999988695377], [3,3,2.000000000000], [4,3,-0.704991759198], [5,3,0.002882224529], [6,3,0.706540947992], [7,3,0.003290862326], [8,3,0.999988769406], [13,3,0.708864504549], [14,3,-0.003784481517], [15,3,-0.002332917231], [2,4,-0.701611537418], [3,4,-0.704991759198], [4,4,2.000000000000], [5,4,0.707180605435], [6,4,0.003786517327], [7,4,0.706891624633], [22,4,0.709314658636], [23,4,-0.708932113529], [1,5,0.708130359490], [2,5,0.007637076923], [3,5,0.002882224529], [4,5,0.707180605435], [5,5,2.000000000000], [6,5,0.709705632209], [7,5,0.999999916507], [9,5,0.705315996712], [22,5,-0.003231708425], [24,5,-0.000345005427], [2,6,0.709897874521], [3,6,0.706540947992], [4,6,0.003786517327], [5,6,0.709705632209], [6,6,2.000000000000], [7,6,0.709993458970], [10,6,0.706500529933], [13,6,-0.001689006134], [25,6,-0.704809312297], [26,6,-0.705291973396], [27,6,-0.999993021992], [2,7,0.008045704103], [3,7,0.003290862326], [4,7,0.706891624633], [5,7,0.999999916507], [6,7,0.709993458970], [7,7,2.000000000000], [42,7,0.000022185355], [43,7,-0.001805632025], [44,7,-0.708023335529], [45,7,-0.999999404782], [0,8,-0.999984596617], [2,8,-0.999954929941], [3,8,0.999988769406], [8,8,2.000000000000], [9,8,-0.710201660633], [10,8,-0.006396175143], [11,8,0.708822547143], [12,8,-0.003257164920], [13,8,0.712199390832], [14,8,0.000954837284], [15,8,0.002406406310], [0,9,0.706283275092], [1,9,-0.001080747303], [2,9,0.703485815953], [5,9,0.705315996712], [8,9,-0.710201660633], [9,9,2.000000000000], [10,9,0.708526469733], [11,9,-0.006815815156], [12,9,0.706307805853], [22,9,-0.711168715671], [24,9,0.708649661814], [0,10,0.000845827246], [2,10,-0.003098026913], [6,10,0.706500529933], [8,10,-0.006396175143], [9,10,0.708526469733], [10,10,2.000000000000], [11,10,0.700838659490], [12,10,0.999995073193], [13,10,0.706518219915], [25,10,0.004100846185], [26,10,0.003420238447], [27,10,-0.703851749804], [0,11,-0.712726781842], [2,11,-0.715487619319], [8,11,0.708822547143], [9,11,-0.006815815156], [10,11,0.700838659490], [11,11,2.000000000000], [12,11,0.703074348142], [14,11,0.704709710104], [16,11,-0.006591610247], [24,11,0.710374163070], [25,11,0.710439795942], [28,11,0.006304804627], [0,12,-0.002293218719], [2,12,-0.006237039506], [8,12,-0.003257164920], [9,12,0.706307805853], [10,12,0.999995073193], [11,12,0.703074348142], [12,12,2.000000000000], [28,12,0.706669468236], [42,12,-0.001830895297], [46,12,-0.001809028108], [47,12,-0.000938967397], [48,12,-0.999982896587], [3,13,0.708864504549], [6,13,-0.001689006134], [8,13,0.712199390832], [10,13,0.706518219915], [13,13,2.000000000000], [14,13,0.702656941867], [15,13,0.703689035940], [25,13,0.710586224867], [26,13,0.710107174425], [27,13,0.005424757588], [3,14,-0.003784481517], [8,14,0.000954837284], [11,14,0.704709710104], [13,14,0.702656941867], [14,14,2.000000000000], [15,14,0.999998946471], [16,14,0.704835168207], [24,14,0.001247267142], [25,14,0.001340523246], [28,14,-0.705038595069], [3,15,-0.002332917231], [8,15,0.002406406310], [13,15,0.703689035940], [14,15,0.999998946471], [15,15,2.000000000000], [27,15,0.706680289372], [43,15,0.000847683986], [46,15,0.002659788006], [49,15,-0.000915003513], [50,15,-0.707238786143], [51,15,-0.999999413920], [52,15,-0.710030642325], [53,15,-0.999999997807], [11,16,-0.006591610247], [14,16,0.704835168207], [16,16,2.000000000000], [17,16,0.712685497308], [24,16,-0.708491450315], [25,16,-0.708425634537], [28,16,-0.999999958870], [16,17,0.712685497308], [17,17,2.000000000000], [26,17,-0.009107094934], [29,17,0.007371829691], [30,17,0.005823454751], [31,17,-0.999884054140], [32,17,-0.699276992825], [33,17,-0.999944617497], [18,18,2.000000000000], [19,18,-0.710605516012], [20,18,-0.005840077580], [18,19,-0.710605516012], [19,19,2.000000000000], [20,19,0.707728641200], [21,19,0.711032134581], [35,19,0.706487107029], [41,19,-0.000691171735], [18,20,-0.005840077580], [19,20,0.707728641200], [20,20,2.000000000000], [37,20,0.705029392904], [40,20,0.999994707624], [41,20,0.706973367084], [60,20,-0.002384202541], [61,20,-0.709150375173], [19,21,0.711032134581], [21,21,2.000000000000], [35,21,0.004690826161], [41,21,-0.703650792399], [1,22,0.703789561049], [4,22,0.709314658636], [5,22,-0.003231708425], [9,22,-0.711168715671], [22,22,2.000000000000], [23,22,-0.005712027389], [24,22,-0.999993603546], [4,23,-0.708932113529], [22,23,-0.005712027389], [23,23,2.000000000000], [1,24,-0.706325985839], [5,24,-0.000345005427], [9,24,0.708649661814], [11,24,0.710374163070], [14,24,0.001247267142], [16,24,-0.708491450315], [22,24,-0.999993603546], [24,24,2.000000000000], [25,24,0.999999995652], [28,24,0.708289012680], [6,25,-0.704809312297], [10,25,0.004100846185], [11,25,0.710439795942], [13,25,0.710586224867], [14,25,0.001340523246], [16,25,-0.708425634537], [24,25,0.999999995652], [25,25,2.000000000000], [26,25,0.999999768383], [27,25,0.707454536436], [28,25,0.708223177956], [6,26,-0.705291973396], [10,26,0.003420238447], [13,26,0.710107174425], [17,26,-0.009107094934], [25,26,0.999999768383], [26,26,2.000000000000], [27,26,0.707935401497], [29,26,-0.999998494325], [30,26,-0.999994608553], [31,26,-0.006120879419], [32,26,-0.708452787577], [33,26,-0.001417322749], [6,27,-0.999993021992], [10,27,-0.703851749804], [13,27,0.005424757588], [15,27,0.706680289372], [25,27,0.707454536436], [26,27,0.707935401497], [27,27,2.000000000000], [43,27,0.708131803277], [46,27,0.709410132959], [49,27,-0.708179334681], [50,27,0.000416268119], [51,27,-0.705913855500], [52,27,-0.999988735251], [53,27,-0.706633428350], [11,28,0.006304804627], [12,28,0.706669468236], [14,28,-0.705038595069], [16,28,-0.999999958870], [24,28,0.708289012680], [25,28,0.708223177956], [28,28,2.000000000000], [42,28,-0.708836475745], [46,28,0.706264281166], [47,28,0.706879972349], [48,28,-0.702519216016], [17,29,0.007371829691], [26,29,-0.999998494325], [29,29,2.000000000000], [30,29,0.999998801215], [31,29,0.007856161190], [32,29,0.709676439677], [33,29,0.003152642367], [34,29,-0.999995177721], [35,29,-0.999999806501], [36,29,-0.003461111167], [37,29,-0.708742078669], [38,29,-0.002171250854], [17,30,0.005823454751], [26,30,-0.999994608553], [29,30,0.999998801215], [30,30,2.000000000000], [31,30,0.009404512165], [32,30,0.710766485457], [33,30,0.004701039070], [34,30,0.999998787625], [39,30,0.705242024272], [40,30,-0.004183589864], [17,31,-0.999884054140], [26,31,-0.006120879419], [29,31,0.007856161190], [30,31,0.009404512165], [31,31,2.000000000000], [32,31,0.710081341016], [33,31,0.999988938120], [47,31,0.007341016276], [49,31,0.006466311209], [54,31,-0.703398027743], [55,31,-0.999955633375], [56,31,-0.999977914663], [17,32,-0.699276992825], [26,32,-0.708452787577], [29,32,0.709676439677], [30,32,0.710766485457], [31,32,0.710081341016], [32,32,2.000000000000], [33,32,0.706761605115], [36,32,0.706979799484], [39,32,-0.002555387837], [57,32,0.001199715497], [58,32,-0.705150420902], [59,32,-0.704789130992], [17,33,-0.999944617497], [26,33,-0.001417322749], [29,33,0.003152642367], [30,33,0.004701039070], [31,33,0.999988938120], [32,33,0.706761605115], [33,33,2.000000000000], [52,33,0.710627353670], [55,33,0.999988878404], [57,33,0.706603366868], [71,33,0.002696401678], [72,33,0.002618493211], [75,33,-0.707198405799], [29,34,-0.999995177721], [30,34,0.999998787625], [34,34,2.000000000000], [35,34,0.999996916169], [36,34,0.006566640969], [37,34,0.710929536760], [38,34,0.005276798158], [39,34,0.704137194302], [40,34,-0.005740731826], [19,35,0.706487107029], [21,35,0.004690826161], [29,35,-0.999999806501], [34,35,0.999996916169], [35,35,2.000000000000], [36,35,0.004083198331], [37,35,0.709180807026], [38,35,0.002793340527], [41,35,0.707237439801], [29,36,-0.003461111167], [32,36,0.706979799484], [34,36,0.006566640969], [35,36,0.004083198331], [36,36,2.000000000000], [37,36,0.707916502649], [38,36,0.999999168124], [39,36,0.705424823385], [57,36,-0.706385056501], [58,36,-0.999996663192], [59,36,-0.999995217480], [20,37,0.705029392904], [29,37,-0.708742078669], [34,37,0.710929536760], [35,37,0.709180807026], [36,37,0.707916502649], [37,37,2.000000000000], [38,37,0.707004886978], [40,37,0.707332913768], [41,37,-0.003122225139], [60,37,-0.710857001456], [61,37,0.000039301202], [29,38,-0.002171250854], [34,38,0.005276798158], [35,38,0.002793340527], [36,38,0.999999168124], [37,38,0.707004886978], [38,38,2.000000000000], [58,38,0.999999163469], [61,38,0.707180874026], [76,38,-0.002298690058], [77,38,-0.707963139134], [30,39,0.705242024272], [32,39,-0.002555387837], [34,39,0.704137194302], [36,39,0.705424823385], [39,39,2.000000000000], [40,39,0.706009985619], [57,39,-0.999999081073], [58,39,-0.707253495812], [59,39,-0.707613533881], [20,40,0.999994707624], [30,40,-0.004183589864], [34,40,-0.005740731826], [37,40,0.707332913768], [39,40,0.706009985619], [40,40,2.000000000000], [41,40,0.704668678213], [60,40,-0.005637597830], [61,40,-0.706852776686], [19,41,-0.000691171735], [20,41,0.706973367084], [21,41,-0.703650792399], [35,41,0.707237439801], [37,41,-0.003122225139], [40,41,0.704668678213], [41,41,2.000000000000], [60,41,0.705552592295], [61,41,-0.999995247778], [7,42,0.000022185355], [12,42,-0.001830895297], [28,42,-0.708836475745], [42,42,2.000000000000], [43,42,0.999998329540], [44,42,0.706173329337], [45,42,-0.001113256319], [46,42,-0.999993375479], [47,42,-0.999996163930], [48,42,-0.004017761479], [7,43,-0.001805632025], [15,43,0.000847683986], [27,43,0.708131803277], [42,43,0.999998329540], [43,43,2.000000000000], [44,43,0.707466315672], [45,43,0.000714561751], [46,43,0.999998358134], [49,43,-0.999999997734], [50,43,0.706374982585], [51,43,0.000234978957], [52,43,-0.704772408291], [53,43,-0.000781454630], [7,44,-0.708023335529], [42,44,0.706173329337], [43,44,0.707466315672], [44,44,2.000000000000], [45,44,0.707252411738], [48,44,0.710870523659], [50,44,0.000525796794], [70,44,-0.708228279903], [71,44,-0.708173388547], [7,45,-0.999999404782], [42,45,-0.001113256319], [43,45,0.000714561751], [44,45,0.707252411738], [45,45,2.000000000000], [66,45,0.702696687946], [68,45,0.999996292783], [12,46,-0.001809028108], [15,46,0.002659788006], [27,46,0.709410132959], [28,46,0.706264281166], [42,46,-0.999993375479], [43,46,0.999998358134], [46,46,2.000000000000], [47,46,0.999999621496], [48,46,0.007657622862], [49,46,-0.999998477859], [50,46,0.705091145601], [51,46,-0.001577127441], [52,46,-0.706056819847], [53,46,-0.002593558856], [12,47,-0.000938967397], [28,47,0.706879972349], [31,47,0.007341016276], [42,47,-0.999996163930], [46,47,0.999999621496], [47,47,2.000000000000], [48,47,0.006787584023], [49,47,0.999999617427], [54,47,0.705613374347], [55,47,0.002078783961], [56,47,-0.000694967825], [12,48,-0.999982896587], [28,48,-0.702519216016], [42,48,-0.004017761479], [44,48,0.710870523659], [46,48,0.007657622862], [47,48,0.006787584023], [48,48,2.000000000000], [50,48,0.703696574038], [70,48,-0.006924246540], [71,48,-0.006846499803], [15,49,-0.000915003513], [27,49,-0.708179334681], [31,49,0.006466311209], [43,49,-0.999999997734], [46,49,-0.999998477859], [47,49,0.999999617427], [49,49,2.000000000000], [50,49,-0.706327329658], [51,49,-0.000167659405], [52,49,0.704820165439], [53,49,0.000848774161], [54,49,0.706232932532], [55,49,0.002953507105], [56,49,0.000179758059], [15,50,-0.707238786143], [27,50,0.000416268119], [43,50,0.706374982585], [44,50,0.000525796794], [46,50,0.705091145601], [48,50,0.703696574038], [49,50,-0.706327329658], [50,50,2.000000000000], [51,50,0.708003786933], [52,50,0.004330247563], [53,50,0.707285607090], [70,50,0.705611019153], [71,50,0.705666109617], [15,51,-0.999999413920], [27,51,-0.705913855500], [43,51,0.000234978957], [46,51,-0.001577127441], [49,51,-0.000167659405], [50,51,0.708003786933], [51,51,2.000000000000], [52,51,0.709267846658], [53,51,0.999999483431], [54,51,0.708097947906], [70,51,0.000843732164], [72,51,-0.000688074887], [73,51,-0.705365596595], [74,51,-0.999997928193], [15,52,-0.710030642325], [27,52,-0.999988735251], [33,52,0.710627353670], [43,52,-0.704772408291], [46,52,-0.706056819847], [49,52,0.704820165439], [50,52,0.004330247563], [51,52,0.709267846658], [52,52,2.000000000000], [53,52,0.709984003974], [55,52,0.707301240925], [57,52,0.004279623448], [71,52,0.705482171511], [72,52,0.705426953289], [75,52,-0.005120881467], [15,53,-0.999999997807], [27,53,-0.706633428350], [43,53,-0.000781454630], [46,53,-0.002593558856], [49,53,0.000848774161], [50,53,0.707285607090], [51,53,0.999999483431], [52,53,0.709984003974], [53,53,2.000000000000], [74,53,0.999999480663], [75,53,0.707844313393], [87,53,-0.000896060898], [31,54,-0.703398027743], [47,54,0.705613374347], [49,54,0.706232932532], [51,54,0.708097947906], [54,54,2.000000000000], [55,54,0.710062327316], [56,54,0.708106490886], [70,54,-0.705516526826], [72,54,0.705626831607], [73,54,-0.999992542137], [74,54,-0.706659124631], [31,55,-0.999955633375], [33,55,0.999988878404], [47,55,0.002078783961], [49,55,0.002953507105], [52,55,0.707301240925], [54,55,0.710062327316], [55,55,2.000000000000], [56,55,0.999996153149], [57,55,0.709932777290], [71,55,-0.002019866937], [72,55,-0.002097775514], [75,55,-0.710525004880], [31,56,-0.999977914663], [47,56,-0.000694967825], [49,56,0.000179758059], [54,56,0.708106490886], [55,56,0.999996153149], [56,56,2.000000000000], [88,56,0.002470105559], [89,56,0.001240768702], [32,57,0.001199715497], [33,57,0.706603366868], [36,57,-0.706385056501], [39,57,-0.999999081073], [52,57,0.004279623448], [55,57,0.709932777290], [57,57,2.000000000000], [58,57,0.708211253533], [59,57,0.708570802726], [71,57,-0.705701978485], [72,57,-0.705757175373], [75,57,-0.999999646135], [32,58,-0.705150420902], [36,58,-0.999996663192], [38,58,0.999999163469], [39,58,-0.707253495812], [57,58,0.708211253533], [58,58,2.000000000000], [59,58,0.999999870253], [61,58,0.708094807272], [76,58,-0.001005222594], [77,58,-0.707049035244], [32,59,-0.704789130992], [36,59,-0.999995217480], [39,59,-0.707613533881], [57,59,0.708570802726], [58,59,0.999999870253], [59,59,2.000000000000], [87,59,-0.000974221816], [88,59,-0.003311852683], [90,59,0.000862572428], [20,60,-0.002384202541], [37,60,-0.710857001456], [40,60,-0.005637597830], [41,60,0.705552592295], [60,60,2.000000000000], [61,60,-0.703364501859], [62,60,0.708377029474], [63,60,-0.003717910037], [20,61,-0.709150375173], [37,61,0.000039301202], [38,61,0.707180874026], [40,61,-0.706852776686], [41,61,-0.999995247778], [58,61,0.708094807272], [60,61,-0.703364501859], [61,61,2.000000000000], [76,61,0.705405222963], [77,61,-0.001316595768], [60,62,0.708377029474], [62,62,2.000000000000], [63,62,0.703195686506], [78,62,0.707272898870], [79,62,-0.698663656450], [80,62,0.003557058891], [81,62,-0.703655390923], [60,63,-0.003717910037], [62,63,0.703195686506], [63,63,2.000000000000], [80,63,0.708490555307], [83,63,0.999999464084], [94,63,-0.999999988371], [64,64,2.000000000000], [65,64,-0.005229657160], [66,64,0.705569223655], [67,64,0.710286288860], [68,64,0.005666625422], [69,64,0.008776373040], [64,65,-0.005229657160], [65,65,2.000000000000], [66,65,0.704941427014], [67,65,0.707617840069], [45,66,0.702696687946], [64,66,0.705569223655], [65,66,0.704941427014], [66,66,2.000000000000], [68,66,0.704631428595], [64,67,0.710286288860], [65,67,0.707617840069], [67,67,2.000000000000], [68,67,0.707926536828], [69,67,0.710119539691], [45,68,0.999996292783], [64,68,0.005666625422], [66,68,0.704631428595], [67,68,0.707926536828], [68,68,2.000000000000], [69,68,0.999995164483], [64,69,0.008776373040], [67,69,0.710119539691], [68,69,0.999995164483], [69,69,2.000000000000], [95,69,-0.008202673858], [44,70,-0.708228279903], [48,70,-0.006924246540], [50,70,0.705611019153], [51,70,0.000843732164], [54,70,-0.705516526826], [70,70,2.000000000000], [71,70,0.999999996978], [72,70,-0.999999987885], [73,70,0.708248296843], [74,70,-0.002879315699], [33,71,0.002696401678], [44,71,-0.708173388547], [48,71,-0.006846499803], [50,71,0.705666109617], [52,71,0.705482171511], [55,71,-0.002019866937], [57,71,-0.705701978485], [70,71,0.999999996978], [71,71,2.000000000000], [72,71,0.999999996965], [75,71,0.705105683522], [33,72,0.002618493211], [51,72,-0.000688074887], [52,72,0.705426953289], [54,72,0.705626831607], [55,72,-0.002097775514], [57,72,-0.705757175373], [70,72,-0.999999987885], [71,72,0.999999996965], [72,72,2.000000000000], [73,72,-0.708358176639], [74,72,0.002723658987], [75,72,0.705160926645], [51,73,-0.705365596595], [54,73,-0.999992542137], [70,73,0.708248296843], [72,73,-0.708358176639], [73,73,2.000000000000], [74,73,0.703921222919], [85,73,0.003423717215], [86,73,-0.704756302186], [51,74,-0.999997928193], [53,74,0.999999480663], [54,74,-0.706659124631], [70,74,-0.002879315699], [72,74,0.002723658987], [73,74,0.703921222919], [74,74,2.000000000000], [75,74,0.707124047827], [87,74,-0.001915213592], [33,75,-0.707198405799], [52,75,-0.005120881467], [53,75,0.707844313393], [55,75,-0.710525004880], [57,75,-0.999999646135], [71,75,0.705105683522], [72,75,0.705160926645], [74,75,0.707124047827], [75,75,2.000000000000], [87,75,0.705733923719], [38,76,-0.002298690058], [58,76,-0.001005222594], [61,76,0.705405222963], [76,76,2.000000000000], [77,76,0.707874906794], [78,76,0.999990151823], [82,76,0.705172905648], [83,76,0.000192369896], [84,76,-0.001266064010], [38,77,-0.707963139134], [58,77,-0.707049035244], [61,77,-0.001316595768], [76,77,0.707874906794], [77,77,2.000000000000], [79,77,0.711414196426], [82,77,0.001644301456], [89,77,0.706051379518], [90,77,0.706914772425], [91,77,0.002053956807], [92,77,-0.701438302854], [93,77,-0.705311032827], [62,78,0.707272898870], [76,78,0.999990151823], [78,78,2.000000000000], [79,78,0.011634994136], [80,78,0.709451963465], [81,78,0.004634197714], [82,78,0.702019228909], [83,78,-0.004245678522], [84,78,-0.005704094591], [62,79,-0.698663656450], [77,79,0.711414196426], [78,79,0.011634994136], [79,79,2.000000000000], [80,79,0.712960560449], [81,79,0.999975492803], [82,79,0.703941794907], [89,79,0.004618842849], [90,79,0.005838773248], [91,79,-0.701310269121], [92,79,-0.999900667729], [93,79,-0.999962617792], [62,80,0.003557058891], [63,80,0.708490555307], [78,80,0.709451963465], [79,80,0.712960560449], [80,80,2.000000000000], [81,80,0.708033968032], [83,80,0.707759548042], [94,80,-0.708598172697], [62,81,-0.703655390923], [78,81,0.004634197714], [79,81,0.999975492803], [80,81,0.708033968032], [81,81,2.000000000000], [92,81,0.999974838289], [103,81,-0.000185262783], [107,81,-0.003310767804], [111,81,-0.999992836116], [112,81,-0.704689389870], [76,82,0.705172905648], [77,82,0.001644301456], [78,82,0.702019228909], [79,82,0.703941794907], [82,82,2.000000000000], [83,82,0.709171023069], [84,82,0.708142019849], [89,82,-0.706998691298], [90,82,-0.706135400662], [91,82,-0.999993161443], [92,82,-0.713882590969], [93,82,-0.710056766277], [63,83,0.999999464084], [76,83,0.000192369896], [78,83,-0.004245678522], [80,83,0.707759548042], [82,83,0.709171023069], [83,83,2.000000000000], [84,83,0.999998936485], [94,83,-0.999999294568], [76,84,-0.001266064010], [78,84,-0.005704094591], [82,84,0.708142019849], [83,84,0.999998936485], [84,84,2.000000000000], [108,84,-0.000897380954], [113,84,-0.999997996154], [73,85,0.003423717215], [85,85,2.000000000000], [86,85,0.707032428528], [96,85,0.709295689122], [100,85,0.002868969063], [101,85,-0.701918562690], [102,85,-0.706624795321], [73,86,-0.704756302186], [85,86,0.707032428528], [86,86,2.000000000000], [98,86,0.999991574097], [100,86,0.705149761460], [117,86,-0.002999801106], [118,86,-0.707873308403], [119,86,-0.707986676135], [53,87,-0.000896060898], [59,87,-0.000974221816], [74,87,-0.001915213592], [75,87,0.705733923719], [87,87,2.000000000000], [88,87,0.999997267728], [90,87,-0.999999993767], [56,88,0.002470105559], [59,88,-0.003311852683], [87,88,0.999997267728], [88,88,2.000000000000], [89,88,0.999999244363], [90,88,-0.999997000500], [56,89,0.001240768702], [77,89,0.706051379518], [79,89,0.004618842849], [82,89,-0.706998691298], [88,89,0.999999244363], [89,89,2.000000000000], [90,89,0.999999255865], [91,89,0.709609315210], [92,89,0.009475956530], [93,89,0.004027798652], [59,90,0.000862572428], [77,90,0.706914772425], [79,90,0.005838773248], [82,90,-0.706135400662], [87,90,-0.999999993767], [88,90,-0.999997000500], [89,90,0.999999255865], [90,90,2.000000000000], [91,90,0.708749218277], [92,90,0.008256057402], [93,90,0.002807858702], [77,91,0.002053956807], [79,91,-0.701310269121], [82,91,-0.999993161443], [89,91,0.709609315210], [90,91,0.708749218277], [91,91,2.000000000000], [92,91,0.711287951071], [93,91,0.707447806926], [107,91,0.710263289917], [108,91,0.709316924017], [109,91,0.002371822218], [110,91,-0.704169536350], [77,92,-0.701438302854], [79,92,-0.999900667729], [81,92,0.999974838289], [82,92,-0.713882590969], [89,92,0.009475956530], [90,92,0.008256057402], [91,92,0.711287951071], [92,92,2.000000000000], [93,92,0.999985158111], [103,92,-0.007279113760], [107,92,-0.010404501382], [111,92,-0.999940822943], [112,92,-0.699638454967], [77,93,-0.705311032827], [79,93,-0.999962617792], [82,93,-0.710056766277], [89,93,0.004027798652], [90,93,0.002807858702], [91,93,0.707447806926], [92,93,0.999985158111], [93,93,2.000000000000], [109,93,0.705085662498], [111,93,0.999985253065], [125,93,-0.005881782892], [129,93,-0.011168849731], [132,93,-0.712621802941], [63,94,-0.999999988371], [80,94,-0.708598172697], [83,94,-0.999999294568], [94,94,2.000000000000], [112,94,0.705256263230], [113,94,0.999998501324], [69,95,-0.008202673858], [95,95,2.000000000000], [85,96,0.709295689122], [96,96,2.000000000000], [97,96,0.999994579349], [98,96,0.007100287790], [99,96,0.705919867008], [100,96,0.706943122557], [101,96,0.004210184910], [102,96,-0.002418993267], [96,97,0.999994579349], [97,97,2.000000000000], [98,97,0.003807723539], [99,97,0.703583912985], [103,97,-0.999997742594], [104,97,0.706191750113], [105,97,-0.702891727643], [106,97,0.001018194965], [86,98,0.999991574097], [96,98,0.007100287790], [97,98,0.003807723539], [98,98,2.000000000000], [99,98,0.713286086453], [100,98,0.702233073904], [117,98,-0.007104843815], [118,98,-0.704967759536], [119,98,-0.710879828633], [96,99,0.705919867008], [97,99,0.703583912985], [98,99,0.713286086453], [99,99,2.000000000000], [101,99,0.705313375738], [104,99,0.006262931788], [120,99,-0.701829256971], [121,99,-0.703891429938], [122,99,-0.000793098464], [123,99,-0.714699508794], [85,100,0.002868969063], [86,100,0.705149761460], [96,100,0.706943122557], [98,100,0.702233073904], [100,100,2.000000000000], [101,100,0.710240494768], [102,100,0.705558241983], [117,100,0.706939900127], [118,100,-0.999992594727], [119,100,0.001518692532], [85,101,-0.701918562690], [96,101,0.004210184910], [99,101,0.705313375738], [100,101,0.710240494768], [101,101,2.000000000000], [102,101,0.999978026981], [104,101,0.713299076040], [120,101,0.009968855883], [121,101,0.007069911059], [122,101,-0.709454809593], [123,101,-0.999911166468], [85,102,-0.706624795321], [96,102,-0.002418993267], [100,102,0.705558241983], [101,102,0.999978026981], [102,102,2.000000000000], [119,102,0.707579593285], [123,102,0.999977554503], [126,102,0.708720764612], [135,102,0.001302335523], [136,102,0.003144784462], [137,102,0.000739604331], [81,103,-0.000185262783], [92,103,-0.007279113760], [97,103,-0.999997742594], [103,103,2.000000000000], [104,103,-0.704685748463], [105,103,0.704401509773], [106,103,0.001106613654], [107,103,0.999995115594], [111,103,-0.003599935552], [112,103,-0.709385371365], [97,104,0.706191750113], [99,104,0.006262931788], [101,104,0.713299076040], [103,104,-0.704685748463], [104,104,2.000000000000], [105,104,0.007236509524], [106,104,0.708739303568], [120,104,0.707935727561], [121,104,0.705885222833], [122,104,-0.999985040276], [123,104,-0.703894031839], [97,105,-0.702891727643], [103,105,0.704401509773], [104,105,0.007236509524], [105,105,2.000000000000], [106,105,0.710580807778], [121,105,0.703199541015], [124,105,0.705251004543], [129,105,-0.697742628318], [130,105,-0.002244463560], [131,105,-0.713072874739], [97,106,0.001018194965], [103,106,0.001106613654], [104,106,0.708739303568], [105,106,0.710580807778], [106,106,2.000000000000], [127,106,0.999988094636], [130,106,0.705208702624], [138,106,-0.000830795610], [139,106,-0.000589975582], [81,107,-0.003310767804], [91,107,0.710263289917], [92,107,-0.010404501382], [103,107,0.999995115594], [107,107,2.000000000000], [108,107,0.999999097529], [109,107,0.705618756786], [110,107,-0.000328689137], [111,107,-0.000474432241], [112,107,-0.707178984737], [84,108,-0.000897380954], [91,108,0.709316924017], [107,108,0.999999097529], [108,108,2.000000000000], [109,108,0.706570099554], [110,108,0.001014792240], [113,108,0.002899299591], [91,109,0.002371822218], [93,109,0.705085662498], [107,109,0.705618756786], [108,109,0.706570099554], [109,109,2.000000000000], [110,109,0.708359713284], [111,109,0.708926369322], [125,109,0.704962712302], [129,109,0.701202913091], [132,109,-0.00497