{
"N": {
"shape": [192, 152],
"data": [[0,0,0.004129481459], [1,0,-0.999991473655], [3,0,-0.004129481459], [4,0,0.999991473655], [0,1,-0.701775613837], [1,1,-0.712398054337], [27,1,0.701775613837], [28,1,0.712398054337], [0,2,-0.999999490104], [1,2,-0.001009846915], [48,2,0.999999490104], [49,2,0.001009846915], [3,3,-0.000051226768], [4,3,-0.999999998688], [9,3,0.000051226768], [10,3,0.999999998688], [3,4,-0.999995836100], [4,4,-0.002885789712], [27,4,0.999995836100], [28,4,0.002885789712], [3,5,-0.707987977515], [4,5,-0.706224485340], [30,5,0.707987977515], [31,5,0.706224485340], [6,6,0.003775627591], [7,6,-0.999992872293], [9,6,-0.003775627591], [10,6,0.999992872293], [6,7,0.004005763664], [7,7,-0.999991976897], [12,7,-0.004005763664], [13,7,0.999991976897], [6,8,-0.705528849968], [7,8,0.708681199033], [27,8,0.705528849968], [28,8,-0.708681199033], [9,9,-0.708127387327], [10,9,0.706084699818], [30,9,0.708127387327], [31,9,-0.706084699818], [12,10,-0.002447570709], [13,10,-0.999997004694], [15,10,0.002447570709], [16,10,0.999997004694], [12,11,-0.709736751238], [13,11,0.704466992798], [33,11,0.709736751238], [34,11,-0.704466992798], [12,12,-0.999972178436], [13,12,-0.007459380298], [36,12,0.999972178436], [37,12,0.007459380298], [12,13,-0.707371076341], [13,13,-0.706842387209], [39,13,0.707371076341], [40,13,0.706842387209], [15,14,-0.000640952210], [16,14,-0.999999794590], [21,14,0.000640952210], [22,14,0.999999794590], [15,15,-0.706194790768], [16,15,0.708017596881], [36,15,0.706194790768], [37,15,-0.708017596881], [18,16,0.003275551935], [19,16,-0.999994635365], [21,16,-0.003275551935], [22,16,0.999994635365], [18,17,-0.703735033304], [19,17,0.710462527442], [39,17,0.703735033304], [40,17,-0.710462527442], [18,18,-0.999999801700], [19,18,0.000629761472], [42,18,0.999999801700], [43,18,-0.000629761472], [18,19,-0.999999601721], [19,19,-0.000892500618], [66,19,0.999999601721], [67,19,0.000892500618], [21,20,-0.999989888975], [22,20,-0.004496881978], [69,20,0.999989888975], [70,20,0.004496881978], [24,21,-0.999973427928], [25,21,0.007289954559], [48,21,0.999973427928], [49,21,-0.007289954559], [24,22,-0.711959190544], [25,22,-0.702220842043], [51,22,0.711959190544], [52,22,0.702220842043], [27,23,-0.002939614914], [28,23,-0.999995679323], [30,23,0.002939614914], [31,23,0.999995679323], [27,24,-0.001472995715], [28,24,-0.999998915141], [33,24,0.001472995715], [34,24,0.999998915141], [30,25,-0.000011405277], [31,25,-0.999999999935], [33,25,0.000011405277], [34,25,0.999999999935], [30,26,-0.706859470919], [31,26,-0.707354004988], [57,26,0.706859470919], [58,26,0.707354004988], [33,27,-0.703754878728], [34,27,0.710442869389], [54,27,0.703754878728], [55,27,-0.710442869389], [33,28,-0.999999713662], [34,28,0.000756753006], [57,28,0.999999713662], [58,28,-0.000756753006], [36,29,-0.002305340713], [37,29,-0.999997342699], [39,29,0.002305340713], [40,29,0.999997342699], [36,30,-0.004536011519], [37,30,-0.999989712247], [42,30,0.004536011519], [43,30,0.999989712247], [36,31,-0.710319164306], [37,31,-0.703879737469], [63,31,0.710319164306], [64,31,0.703879737469], [39,32,-0.006744201887], [40,32,-0.999977257612], [42,32,0.006744201887], [43,32,0.999977257612], [42,33,-0.705135279508], [43,33,0.709072801335], [63,33,0.705135279508], [64,33,-0.709072801335], [42,34,-0.999997076679], [43,34,-0.002417981402], [66,34,0.999997076679], [67,34,0.002417981402], [42,35,-0.702667833801], [43,35,-0.711518035851], [69,35,0.702667833801], [70,35,0.711518035851], [42,36,-0.999999879734], [43,36,0.000490440937], [90,36,0.999999879734], [91,36,-0.000490440937], [45,37,-0.709703099291], [46,37,0.704500894859], [66,37,0.709703099291], [67,37,-0.704500894859], [45,38,-0.999999980266], [46,38,-0.000198667055], [69,38,0.999999980266], [70,38,0.000198667055], [45,39,-0.999999999631], [46,39,0.000027175441], [93,39,0.999999999631], [94,39,-0.000027175441], [48,40,-0.001234768375], [49,40,-0.999999237673], [51,40,0.001234768375], [52,40,0.999999237673], [48,41,-0.999993376124], [49,41,-0.003639740149], [72,41,0.999993376124], [73,41,0.003639740149], [51,42,-0.707470520222], [52,42,0.706742854945], [72,42,0.707470520222], [73,42,-0.706742854945], [51,43,-0.999989518282], [52,43,-0.004578572466], [75,43,0.999989518282], [76,43,0.004578572466], [51,44,-0.705388101023], [52,44,-0.708821294076], [78,44,0.705388101023], [79,44,0.708821294076], [51,45,-0.999999708120], [52,45,-0.000764042134], [99,45,0.999999708120], [100,45,0.000764042134], [54,46,-0.004403083006], [55,46,-0.999990306383], [57,46,0.004403083006], [58,46,0.999990306383], [54,47,-0.003162753490], [55,47,-0.999994998483], [60,47,0.003162753490], [61,47,0.999994998483], [54,48,-0.711611689248], [55,48,0.702572988184], [75,48,0.711611689248], [76,48,-0.702572988184], [54,49,-0.999997492551], [55,49,-0.002239395226], [78,49,0.999997492551], [79,49,0.002239395226], [54,50,-0.705109337781], [55,50,-0.709098598062], [81,50,0.705109337781], [82,50,0.709098598062], [54,51,-0.999998521407], [55,51,-0.001719646589], [102,51,0.999998521407], [103,51,0.001719646589], [60,52,0.001550308625], [61,52,-0.999998798271], [63,52,-0.001550308625], [64,52,0.999998798271], [60,53,-0.707510416478], [61,53,0.706702915357], [81,53,0.707510416478], [82,53,-0.706702915357], [60,54,-0.999976565731], [61,54,-0.006846019882], [84,54,0.999976565731], [85,54,0.006846019882], [60,55,-0.705518844683], [61,55,-0.708691159672], [87,55,0.705518844683], [88,55,0.708691159672], [60,56,-0.999990195516], [61,56,-0.004428190533], [108,56,0.999990195516], [109,56,0.004428190533], [66,57,0.008029538870], [67,57,-0.999967762733], [69,57,-0.008029538870], [70,57,0.999967762733], [66,58,-0.705559528449], [67,58,-0.708650655693], [93,58,0.705559528449], [94,58,0.708650655693], [66,59,-0.999999572324], [67,59,0.000924852410], [114,59,0.999999572324], [115,59,-0.000924852410], [69,60,-0.706900516492], [70,60,0.707312985730], [90,60,0.706900516492], [91,60,-0.707312985730], [69,61,-0.999999968233], [70,61,0.000252058778], [93,61,0.999999968233], [94,61,-0.000252058778], [72,62,0.001746020014], [73,62,-0.999998475706], [78,62,-0.001746020014], [79,62,0.999998475706], [72,63,-0.705676316633], [73,63,-0.708534357772], [99,63,0.705676316633], [100,63,0.708534357772], [72,64,-0.999999735768], [73,64,0.000726955891], [120,64,0.999999735768], [121,64,-0.000726955891], [75,65,0.001184870673], [76,65,-0.999999298040], [78,65,-0.001184870673], [79,65,0.999999298040], [75,66,0.002930571532], [76,66,-0.999995705866], [81,66,-0.002930571532], [82,66,0.999995705866], [75,67,-0.999995359771], [76,67,0.003046380761], [99,67,0.999995359771], [100,67,-0.003046380761], [75,68,-0.707788532309], [76,68,-0.706424372125], [102,68,0.707788532309], [103,68,0.706424372125], [78,69,-0.707149782216], [79,69,0.707063777542], [99,69,0.707149782216], [100,69,-0.707063777542], [78,70,-0.999999283269], [79,70,-0.001197272739], [102,70,0.999999283269], [103,70,0.001197272739], [78,71,-0.999996807932], [79,71,-0.002526682635], [126,71,0.999996807932], [127,71,0.002526682635], [81,72,-0.005373325546], [82,72,-0.999985563582], [84,72,0.005373325546], [85,72,0.999985563582], [81,73,-0.001680120356], [82,73,-0.999998588597], [87,73,0.001680120356], [88,73,0.999998588597], [81,74,-0.707846075913], [82,74,0.706366712703], [102,74,0.707846075913], [103,74,-0.706366712703], [81,75,-0.999973042258], [82,75,0.007342666956], [105,75,0.999973042258], [106,75,-0.007342666956], [81,76,-0.709109686167], [82,76,-0.705098186769], [108,76,0.709109686167], [109,76,0.705098186769], [81,77,-0.999999928090], [82,77,0.000379236109], [129,77,0.999999928090], [130,77,-0.000379236109], [84,78,0.002030649034], [85,78,-0.999997938230], [87,78,-0.002030649034], [88,78,0.999997938230], [84,79,-0.999997966339], [85,79,-0.002016759351], [108,79,0.999997966339], [109,79,0.002016759351], [84,80,-0.706808055256], [85,80,-0.707405380970], [111,80,0.706808055256], [112,80,0.707405380970], [84,81,-0.999994658578], [85,81,0.003268457754], [132,81,0.999994658578], [133,81,-0.003268457754], [87,82,-0.711027097107], [88,82,0.703164608879], [108,82,0.711027097107], [109,82,-0.703164608879], [87,83,-0.999982000008], [88,83,-0.005999971734], [111,83,0.999982000008], [112,83,0.005999971734], [87,84,-0.707167900114], [88,84,-0.707045656976], [114,84,0.707167900114], [115,84,0.707045656976], [90,85,-0.000608790549], [91,85,-0.999999814687], [93,85,0.000608790549], [94,85,0.999999814687], [90,86,-0.999998817479], [91,86,-0.001537869064], [114,86,0.999998817479], [115,86,0.001537869064], [90,87,-0.708773867207], [91,87,-0.705435755518], [117,87,0.708773867207], [118,87,0.705435755518], [93,88,-0.707427715388], [94,88,0.706785701256], [114,88,0.707427715388], [115,88,-0.706785701256], [93,89,-0.999986859152], [94,89,0.005126550782], [117,89,0.999986859152], [118,89,-0.005126550782], [93,90,-0.999998084533], [94,90,0.001957276096], [141,90,0.999998084533], [142,90,-0.001957276096], [96,91,0.004227818942], [97,91,-0.999991062734], [99,91,-0.004227818942], [100,91,0.999991062734], [96,92,0.001546996822], [97,92,-0.999998803400], [102,92,-0.001546996822], [103,92,0.999998803400], [96,93,-0.999998174522], [97,93,-0.001910746374], [120,93,0.999998174522], [121,93,0.001910746374], [96,94,-0.705584173106], [97,94,-0.708626117683], [123,94,0.705584173106], [124,94,0.708626117683], [96,95,-0.999998693469], [97,95,-0.001616496537], [144,95,0.999998693469], [145,95,0.001616496537], [99,96,-0.001141396742], [100,96,-0.999999348607], [102,96,0.001141396742], [103,96,0.999999348607], [99,97,-0.001167590330], [100,97,-0.999999318366], [105,97,0.001167590330], [106,97,0.999999318366], [105,98,-0.708306488570], [106,98,0.705905034866], [126,98,0.708306488570], [127,98,-0.705905034866], [105,99,-0.999978003101], [106,99,-0.006632745667], [129,99,0.999978003101], [130,99,0.006632745667], [105,100,-0.706927447481], [106,100,-0.707286069422], [132,100,0.706927447481], [133,100,0.707286069422], [105,101,-0.999999995387], [106,101,-0.000096053376], [153,101,0.999999995387], [154,101,0.000096053376], [108,102,0.001895590564], [109,102,-0.999998203367], [111,102,-0.001895590564], [112,102,0.999998203367], [111,103,-0.001000678965], [112,103,-0.999999499321], [117,103,0.001000678965], [118,103,0.999999499321], [111,104,-0.704562745226], [112,104,0.709641696942], [132,104,0.704562745226], [133,104,-0.709641696942], [114,105,0.000394164693], [115,105,-0.999999922317], [117,105,-0.000394164693], [118,105,0.999999922317], [114,106,-0.706030899146], [115,106,-0.708181028729], [141,106,0.706030899146], [142,106,0.708181028729], [120,107,-0.005149188010], [121,107,-0.999986742844], [123,107,0.005149188010], [124,107,0.999986742844], [120,108,-0.000096393602], [121,108,-0.999999995354], [126,108,0.000096393602], [127,108,0.999999995354], [120,109,-0.710367321801], [121,109,-0.703831136081], [147,109,0.710367321801], [148,109,0.703831136081], [120,110,-0.999999997902], [121,110,0.000064778024], [168,110,0.999999997902], [169,110,-0.000064778024], [123,111,-0.707833910582], [124,111,0.706378903302], [144,111,0.707833910582], [145,111,-0.706378903302], [123,112,-0.704986090746], [124,112,-0.709221130434], [150,112,0.704986090746], [151,112,0.709221130434], [126,113,-0.002697180182], [127,113,-0.999996362603], [132,113,0.002697180182], [133,113,0.999996362603], [129,114,-0.001189746274], [130,114,-0.999999292252], [132,114,0.001189746274], [133,114,0.999999292252], [129,115,-0.707000182894], [130,115,-0.707213363412], [156,115,0.707000182894], [157,115,0.707213363412], [135,116,-0.000099541426], [136,116,-0.999999995046], [141,116,0.000099541426], [142,116,0.999999995046], [135,117,-0.708656161355], [136,117,-0.705553998623], [162,117,0.708656161355], [163,117,0.705553998623], [135,118,-0.999997586204], [136,118,0.002197176825], [183,118,0.999997586204], [184,118,-0.002197176825], [138,119,0.002778558357], [139,119,-0.999996139799], [141,119,-0.002778558357], [142,119,0.999996139799], [138,120,-0.999997946389], [139,120,0.002026626998], [162,120,0.999997946389], [163,120,-0.002026626998], [138,121,-0.705740300697], [139,121,-0.708470626047], [165,121,0.705740300697], [166,121,0.708470626047], [144,122,0.000846423255], [145,122,-0.999999641784], [147,122,-0.000846423255], [148,122,0.999999641784], [144,123,0.001932990236], [145,123,-0.999998131773], [150,123,-0.001932990236], [151,123,0.999998131773], [144,124,-0.999998918507], [145,124,0.001470709136], [168,124,0.999998918507], [169,124,-0.001470709136], [144,125,-0.706967649974], [145,125,-0.707245885029], [171,125,0.706967649974], [172,125,0.707245885029], [147,126,0.003005944832], [148,126,-0.999995482138], [150,126,-0.003005944832], [151,126,0.999995482138], [147,127,-0.001291724988], [148,127,-0.999999165723], [153,127,0.001291724988], [154,127,0.999999165723], [147,128,-0.707136631961], [148,128,0.707076929151], [168,128,0.707136631961], [169,128,-0.707076929151], [147,129,-0.704255176131], [148,129,-0.709946932448], [174,129,0.704255176131], [175,129,0.709946932448], [150,130,-0.999998685715], [151,130,0.001621286044], [174,130,0.999998685715], [175,130,-0.001621286044], [153,131,0.001685289313], [154,131,-0.999998579899], [156,131,-0.001685289313], [157,131,0.999998579899], [153,132,0.003160867506], [154,132,-0.999995004446], [159,132,-0.003160867506], [160,132,0.999995004446], [153,133,-0.707235207591], [154,133,0.706978331453], [174,133,0.707235207591], [175,133,-0.706978331453], [153,134,-0.705861579791], [154,134,-0.708349793658], [180,134,0.705861579791], [181,134,0.708349793658], [156,135,0.004649082104], [157,135,-0.999989192959], [159,135,-0.004649082104], [160,135,0.999989192959], [156,136,-0.703142431792], [157,136,0.711049028277], [177,136,0.703142431792], [178,136,-0.711049028277], [156,137,-0.999979056654], [157,137,0.006471959031], [180,137,0.999979056654], [181,137,-0.006471959031], [156,138,-0.707983354274], [157,138,-0.706229120095], [183,138,0.707983354274], [184,138,0.706229120095], [159,139,-0.706564776737], [160,139,0.707648370502], [180,139,0.706564776737], [181,139,-0.707648370502], [159,140,-0.999994746534], [160,140,0.003241435575], [183,140,0.999994746534], [184,140,-0.003241435575], [162,141,0.001963368308], [163,141,-0.999998072591], [165,141,-0.001963368308], [166,141,0.999998072591], [162,142,-0.707178577606], [163,142,-0.707034977476], [189,142,0.707178577606], [190,142,0.707034977476], [165,143,-0.708854651758], [166,143,0.705354579401], [186,143,0.708854651758], [187,143,-0.705354579401], [165,144,-0.999999466814], [166,144,-0.001032653152], [189,144,0.999999466814], [190,144,0.001032653152], [168,145,-0.008201860418], [169,145,-0.999966364177], [171,145,0.008201860418], [172,145,0.999966364177], [174,146,0.001667510632], [175,146,-0.999998609703], [177,146,-0.001667510632], [178,146,0.999998609703], [174,147,-0.001744309562], [175,147,-0.999998478691], [180,147,0.001744309562], [181,147,0.999998478691], [177,148,-0.005146293413], [178,148,-0.999986757744], [180,148,0.005146293413], [181,148,0.999986757744], [177,149,-0.002038786121], [178,149,-0.999997921673], [183,149,0.002038786121], [184,149,0.999997921673], [180,150,0.001058354177], [181,150,-0.999999439943], [183,150,-0.001058354177], [184,150,0.999999439943], [186,151,0.000923148756], [187,151,-0.999999573898], [189,151,-0.000923148756], [190,151,0.999999573898], ]
},
"Q": {
"shape": [152, 152],
"data": [[0,0,2.000000000000], [1,0,0.709494010800], [2,0,-0.003119641049], [3,0,-0.999991260803], [4,0,0.001243699157], [5,0,-0.703294840600], [0,1,0.709494010800], [1,1,2.000000000000], [2,1,0.702494668982], [4,1,0.703828522690], [8,1,-0.009740165570], [23,1,-0.714457926356], [24,1,-0.713430993958], [0,2,-0.003119641049], [1,2,0.702494668982], [2,2,2.000000000000], [21,2,0.999965556308], [40,2,-0.002244613890], [41,2,-0.999996541812], [0,3,-0.999991260803], [3,3,2.000000000000], [4,3,0.002937016263], [5,3,0.706260752349], [6,3,0.999992677567], [9,3,0.706048423814], [0,4,0.001243699157], [1,4,0.703828522690], [3,4,0.002937016263], [4,4,2.000000000000], [5,4,0.710023044879], [8,4,0.703480807303], [23,4,-0.005825379917], [24,4,-0.004358776163], [0,5,-0.703294840600], [3,5,0.706260752349], [4,5,0.710023044879], [5,5,2.000000000000], [9,5,0.002691373042], [23,5,0.708302645989], [25,5,-0.706232560093], [26,5,-0.999998725329], [3,6,0.999992677567], [6,6,2.000000000000], [7,6,0.999999973518], [8,6,-0.711339961953], [9,6,0.708753292354], [6,7,0.999999973518], [7,7,2.000000000000], [8,7,-0.711501695042], [10,7,-0.999979177225], [11,7,0.707304378475], [12,7,-0.003453668233], [13,7,-0.704003154785], [1,8,-0.009740165570], [4,8,0.703480807303], [6,8,-0.711339961953], [7,8,-0.711501695042], [8,8,2.000000000000], [23,8,0.706604153921], [24,8,0.707641189241], [3,9,0.706048423814], [5,9,0.002691373042], [6,9,0.708753292354], [9,9,2.000000000000], [23,9,-0.704000027225], [25,9,0.706076623383], [26,9,-0.001094710073], [7,10,-0.999979177225], [10,10,2.000000000000], [11,10,-0.702727751821], [12,10,0.009906860568], [13,10,0.708571610727], [14,10,-0.999998368061], [15,10,0.706287014467], [7,11,0.707304378475], [10,11,-0.702727751821], [11,11,2.000000000000], [12,11,0.704462118045], [13,11,0.004100118743], [24,11,-0.703420789357], [25,11,-0.704458898008], [27,11,-0.999964253050], [28,11,-0.710269655528], [7,12,-0.003453668233], [10,12,0.009906860568], [11,12,0.704462118045], [12,12,2.000000000000], [13,12,0.712624002349], [15,12,0.700893770811], [29,12,-0.009764637052], [30,12,-0.011995188878], [31,12,-0.715549908762], [7,13,-0.704003154785], [10,13,0.708571610727], [11,13,0.004100118743], [12,13,0.712624002349], [13,13,2.000000000000], [17,13,-0.004383220952], [29,13,0.708471240258], [32,13,-0.711596965273], [10,14,-0.999998368061], [14,14,2.000000000000], [15,14,-0.707564814335], [16,14,0.999992330484], [20,14,-0.005137826784], [10,15,0.706287014467], [12,15,0.700893770811], [14,15,-0.707564814335], [15,15,2.000000000000], [29,15,0.706387695862], [30,15,0.704807005265], [31,15,-0.003264453400], [14,16,0.999992330484], [16,16,2.000000000000], [17,16,-0.712763836720], [18,16,-0.003905309379], [19,16,-0.002383054800], [20,16,-0.001221339039], [13,17,-0.004383220952], [16,17,-0.712763836720], [17,17,2.000000000000], [18,17,0.704182315681], [19,17,0.703100664777], [29,17,-0.708838290506], [32,17,0.705700238688], [16,18,-0.003905309379], [17,18,0.704182315681], [18,18,2.000000000000], [19,18,0.999998841359], [30,18,0.003906255626], [32,18,0.006114453399], [33,18,-0.705581686411], [34,18,-0.999995355628], [35,18,-0.702219607816], [36,18,-0.999999990295], [16,19,-0.002383054800], [17,19,0.703100664777], [18,19,0.999998841359], [19,19,2.000000000000], [34,19,0.999998836451], [37,19,0.709074049147], [57,19,0.007137063825], [58,19,-0.706191718588], [59,19,-0.999998348614], [14,20,-0.005137826784], [16,20,-0.001221339039], [20,20,2.000000000000], [35,20,0.705860341742], [38,20,0.999990762623], [57,20,-0.003532720672], [60,20,-0.703712665985], [61,20,-0.999988723730], [2,21,0.999965556308], [21,21,2.000000000000], [22,21,0.706821114285], [40,21,0.006055213438], [41,21,-0.999940270688], [21,22,0.706821114285], [22,22,2.000000000000], [40,22,0.703099411414], [42,22,-0.007400576204], [43,22,-0.715166897001], [44,22,-0.999956627408], [45,22,-0.712495509049], [1,23,-0.714457926356], [4,23,-0.005825379917], [5,23,0.708302645989], [8,23,0.706604153921], [9,23,-0.704000027225], [23,23,2.000000000000], [24,23,0.999998924509], [25,23,-0.999995712785], [26,23,-0.709428843382], [1,24,-0.713430993958], [4,24,-0.004358776163], [8,24,0.707641189241], [11,24,-0.703420789357], [23,24,0.999998924509], [24,24,2.000000000000], [25,24,0.999998931876], [27,24,0.709405470738], [28,24,-0.000716243108], [5,25,-0.706232560093], [9,25,0.706076623383], [11,25,-0.704458898008], [23,25,-0.999995712785], [24,25,0.999998931876], [25,25,2.000000000000], [26,25,0.707362066870], [27,25,0.710434842824], [28,25,0.000745347732], [5,26,-0.999998725329], [9,26,-0.001094710073], [23,26,-0.709428843382], [25,26,0.707362066870], [26,26,2.000000000000], [28,26,0.706323976249], [46,26,0.710459509093], [11,27,-0.999964253050], [24,27,0.709405470738], [25,27,0.710434842824], [27,27,2.000000000000], [28,27,0.704292306994], [46,27,0.707337291481], [47,27,0.708213512898], [48,27,-0.999938167749], [49,27,-0.702162151729], [50,27,0.007549906186], [51,27,-0.702532127504], [11,28,-0.710269655528], [24,28,-0.000716243108], [25,28,0.000745347732], [26,28,0.706323976249], [27,28,0.704292306994], [28,28,2.000000000000], [46,28,0.003646336075], [12,29,-0.009764637052], [13,29,0.708471240258], [15,29,0.706387695862], [17,29,-0.708838290506], [29,29,2.000000000000], [30,29,0.999997512025], [31,29,0.705515394738], [32,29,-0.999990148054], [12,30,-0.011995188878], [15,30,0.704807005265], [18,30,0.003906255626], [29,30,0.999997512025], [30,30,2.000000000000], [31,30,0.707094512040], [32,30,0.999997561870], [33,30,0.705867004819], [34,30,-0.006953954785], [35,30,-0.714698025317], [36,30,-0.004045575081], [12,31,-0.715549908762], [15,31,-0.003264453400], [29,31,0.705515394738], [30,31,0.707094512040], [31,31,2.000000000000], [33,31,0.001769125212], [52,31,0.702777677669], [13,32,-0.711596965273], [17,32,0.705700238688], [18,32,0.006114453399], [29,32,-0.999990148054], [30,32,0.999997561870], [32,32,2.000000000000], [33,32,0.704301100644], [34,32,-0.009162108583], [35,32,-0.716240787962], [36,32,-0.006253771292], [18,33,-0.705581686411], [30,33,0.705867004819], [31,33,0.001769125212], [32,33,0.704301100644], [33,33,2.000000000000], [34,33,0.703418693325], [35,33,-0.009042207493], [36,33,0.705482953033], [52,33,-0.710165126528], [18,34,-0.999995355628], [19,34,0.999998836451], [30,34,-0.006953954785], [32,34,-0.009162108583], [33,34,0.703418693325], [34,34,2.000000000000], [35,34,0.704386217055], [36,34,0.999995770536], [37,34,0.707997554540], [57,34,0.005611611944], [58,34,-0.707270969978], [59,34,-0.999994412728], [18,35,-0.702219607816], [20,35,0.705860341742], [30,35,-0.714698025317], [32,35,-0.716240787962], [33,35,-0.009042207493], [34,35,0.704386217055], [35,35,2.000000000000], [36,35,0.702318791721], [38,35,0.702809175127], [57,35,0.705852999770], [60,35,0.006549691703], [61,35,-0.702488467113], [18,36,-0.999999990295], [30,36,-0.004045575081], [32,36,-0.006253771292], [33,36,0.705482953033], [34,36,0.999995770536], [35,36,0.702318791721], [36,36,2.000000000000], [60,36,0.707247326720], [85,36,-0.000118349629], [86,36,-0.999997942979], [87,36,-0.708427807393], [19,37,0.709074049147], [34,37,0.707997554540], [37,37,2.000000000000], [38,37,0.709563124168], [39,37,0.709722244151], [57,37,0.710176772297], [58,37,-0.001492762997], [59,37,-0.710354355118], [20,38,0.999990762623], [35,38,0.702809175127], [37,38,0.709563124168], [38,38,2.000000000000], [39,38,0.999999974498], [57,38,-0.007830878061], [60,38,-0.706759982754], [61,38,-0.999999898423], [37,39,0.709722244151], [38,39,0.999999974498], [39,39,2.000000000000], [58,39,0.705540270295], [61,39,0.999999974714], [85,39,0.000581615113], [88,39,-0.707446922340], [89,39,-0.999986998099], [90,39,-0.999998137354], [2,40,-0.002244613890], [21,40,0.006055213438], [22,40,0.703099411414], [40,40,2.000000000000], [41,40,0.004874497571], [42,40,0.705868753952], [43,40,-0.005813324408], [44,40,-0.709691744641], [45,40,-0.001998809566], [2,41,-0.999996541812], [21,41,-0.999940270688], [40,41,0.004874497571], [41,41,2.000000000000], [42,41,0.704893473681], [62,41,-0.001893726153], [63,41,-0.708250523270], [64,41,-0.999990465963], [22,42,-0.007400576204], [40,42,0.705868753952], [41,42,0.704893473681], [42,42,2.000000000000], [43,42,0.704227231340], [44,42,-0.001913098232], [45,42,0.706930332406], [62,42,0.707977035349], [63,42,0.001506404001], [64,42,-0.707984104167], [22,43,-0.715166897001], [40,43,-0.005813324408], [42,43,0.704227231340], [43,43,2.000000000000], [44,43,0.708626097004], [45,43,0.999992724627], [48,43,0.708387448996], [65,43,-0.003393710998], [66,43,-0.001648011991], [67,43,-0.999970930027], [68,43,-0.711015528649], [22,44,-0.999956627408], [40,44,-0.709691744641], [42,44,-0.001913098232], [43,44,0.708626097004], [44,44,2.000000000000], [45,44,0.705929464468], [49,44,0.706973663321], [62,44,0.707588591882], [65,44,0.707985002838], [69,44,0.002366819776], [70,44,-0.706236247861], [71,44,-0.707176815831], [22,45,-0.712495509049], [40,45,-0.001998809566], [42,45,0.706930332406], [43,45,0.999992724627], [44,45,0.705929464468], [45,45,2.000000000000], [63,45,0.706217460763], [67,45,0.999992740329], [69,45,0.706609349295], [91,45,-0.003463782402], [96,45,-0.001905438046], [97,45,-0.001931631603], [26,46,0.710459509093], [27,46,0.707337291481], [28,46,0.003646336075], [46,46,2.000000000000], [47,46,0.999999230780], [48,46,-0.699432892374], [49,46,0.006642445484], [50,46,0.712196379274], [51,46,0.006122706416], [27,47,0.708213512898], [46,47,0.999999230780], [47,47,2.000000000000], [48,47,-0.700318821899], [49,47,0.005402129585], [50,47,0.711325138512], [51,47,0.004882386802], [52,47,-0.999988893516], [53,47,0.704461699732], [54,47,-0.010008665014], [55,47,-0.710918997329], [56,47,-0.007590890865], [27,48,-0.999938167749], [43,48,0.708387448996], [46,48,-0.699432892374], [47,48,-0.700318821899], [48,48,2.000000000000], [49,48,0.710036566323], [50,48,0.003570526006], [51,48,0.710402459821], [65,48,0.703415662828], [66,48,0.704655400199], [67,48,-0.713748692042], [68,48,-0.007355911057], [27,49,-0.702162151729], [44,49,0.706973663321], [46,49,0.006642445484], [47,49,0.005402129585], [48,49,0.710036566323], [49,49,2.000000000000], [50,49,0.706695521771], [51,49,0.999999864930], [62,49,0.000493376177], [65,49,0.001054525952], [69,49,-0.705564613826], [70,49,-0.999999456989], [71,49,-0.999999958733], [27,50,0.007549906186], [46,50,0.712196379274], [47,50,0.711325138512], [48,50,0.003570526006], [49,50,0.706695521771], [50,50,2.000000000000], [51,50,0.706327694197], [53,50,-0.002249845290], [66,50,0.707029179746], [72,50,-0.712877143235], [73,50,-0.710282265789], [74,50,0.001774767857], [75,50,-0.699883654781], [76,50,-0.999983996961], [77,50,-0.704840371284], [27,51,-0.702532127504], [46,51,0.006122706416], [47,51,0.004882386802], [48,51,0.710402459821], [49,51,0.999999864930], [50,51,0.706327694197], [51,51,2.000000000000], [68,51,0.709002286040], [70,51,0.999999863562], [74,51,0.706630328188], [92,51,0.000172649997], [96,51,0.002861040524], [31,52,0.702777677669], [33,52,-0.710165126528], [47,52,-0.999988893516], [52,52,2.000000000000], [53,52,-0.707798925593], [54,52,0.005295739360], [55,52,0.707596536067], [56,52,0.002877891786], [47,53,0.704461699732], [50,53,-0.002249845290], [52,53,-0.707798925593], [53,53,2.000000000000], [54,53,0.702655734280], [55,53,-0.001672176994], [56,53,0.704374064545], [66,53,-0.708773290565], [72,53,0.702891029304], [73,53,0.705513215262], [74,53,-0.999999887150], [75,53,-0.712680427739], [76,53,-0.003407545186], [77,53,-0.707778372865], [47,54,-0.010008665014], [52,54,0.005295739360], [53,54,0.702655734280], [54,54,2.000000000000], [55,54,0.710354025134], [56,54,0.999997076958], [72,54,0.012219120676], [78,54,-0.004815404319], [79,54,-0.999988338892], [80,54,-0.711634403029], [81,54,-0.999948848507], [47,55,-0.710918997329], [52,55,0.707596536067], [53,55,-0.001672176994], [54,55,0.710354025134], [55,55,2.000000000000], [56,55,0.708650146918], [73,55,0.709875515996], [78,55,0.707257037354], [82,55,-0.003316473982], [83,55,-0.709758272275], [84,55,-0.999997286469], [47,56,-0.007590890865], [52,56,0.002877891786], [53,56,0.704374064545], [54,56,0.999997076958], [55,56,0.708650146918], [56,56,2.000000000000], [76,56,0.712225042827], [79,56,0.999997092470], [82,56,0.707906378990], [102,56,-0.002532610598], [19,57,0.007137063825], [20,57,-0.003532720672], [34,57,0.005611611944], [35,57,0.705852999770], [37,57,0.710176772297], [38,57,-0.007830878061], [57,57,2.000000000000], [58,57,0.702962493074], [59,57,-0.008954358031], [60,57,0.712966269067], [61,57,0.008281589267], [19,58,-0.706191718588], [34,58,-0.707270969978], [37,58,-0.001492762997], [39,58,0.705540270295], [57,58,0.702962493074], [58,58,2.000000000000], [59,58,0.704903829432], [61,58,0.705380884418], [85,58,0.709080062344], [88,58,0.001731785348], [89,58,-0.701917323226], [90,58,-0.704171151985], [19,59,-0.999998348614], [34,59,-0.999994412728], [37,59,-0.710354355118], [57,59,-0.008954358031], [58,59,0.704903829432], [59,59,2.000000000000], [84,59,0.706513684796], [86,59,0.999996967501], [88,59,0.708081085297], [105,59,0.001319016862], [106,59,-0.705375634263], [20,60,-0.703712665985], [35,60,0.006549691703], [36,60,0.707247326720], [38,60,-0.706759982754], [57,60,0.712966269067], [60,60,2.000000000000], [61,60,0.707078778483], [85,60,0.706882500303], [86,60,-0.705811925808], [87,60,-0.002068742328], [20,61,-0.999988723730], [35,61,-0.702488467113], [38,61,-0.999999898423], [39,61,0.999999974714], [57,61,0.008281589267], [58,61,0.705380884418], [60,61,0.707078778483], [61,61,2.000000000000], [85,61,0.000356731798], [88,61,-0.707605844456], [89,61,-0.999988119578], [90,61,-0.999998546115], [41,62,-0.001893726153], [42,62,0.707977035349], [44,62,0.707588591882], [49,62,0.000493376177], [62,62,2.000000000000], [63,62,0.707301152785], [64,62,-0.002472974335], [65,62,0.999999842555], [69,62,0.708297397441], [70,62,0.000548747848], [71,62,-0.000780664344], [41,63,-0.708250523270], [42,63,0.001506404001], [45,63,0.706217460763], [62,63,0.707301152785], [63,63,2.000000000000], [64,63,0.705161056945], [67,63,0.703514576698], [69,63,-0.001960125903], [91,63,0.705544553713], [96,63,-0.709339352886], [97,63,-0.709357815654], [41,64,-0.999990465963], [42,64,-0.707984104167], [62,64,-0.002472974335], [63,64,0.705161056945], [64,64,2.000000000000], [93,64,0.999996521262], [107,64,-0.004422240396], [108,64,0.000630562311], [109,64,-0.709855479908], [110,64,-0.999999780760], [43,65,-0.003393710998], [44,65,0.707985002838], [48,65,0.703415662828], [49,65,0.001054525952], [62,65,0.999999842555], [65,65,2.000000000000], [66,65,0.999998476258], [67,65,-0.004231243798], [68,65,0.705585238368], [69,65,0.707901162251], [70,65,-0.000012402074], [71,65,-0.001341813970], [43,66,-0.001648011991], [48,66,0.704655400199], [50,66,0.707029179746], [53,66,-0.708773290565], [65,66,0.999998476258], [66,66,2.000000000000], [67,66,-0.005976925613], [68,66,0.704347113721], [72,66,-0.999965522595], [73,66,-0.999989370756], [74,66,0.708438073029], [75,66,0.010273127956], [76,66,-0.703017062324], [77,66,0.003309805801], [43,67,-0.999970930027], [45,67,0.999992740329], [48,67,-0.713748692042], [63,67,0.703514576698], [65,67,-0.004231243798], [66,67,-0.005976925613], [67,67,2.000000000000], [68,67,0.705633210392], [69,67,0.709300486368], [91,67,-0.007274152858], [96,67,0.001904987331], [97,67,0.001878793773], [43,68,-0.711015528649], [48,68,-0.007355911057], [51,68,0.709002286040], [65,68,0.705585238368], [66,68,0.704347113721], [67,68,0.705633210392], [68,68,2.000000000000], [70,68,0.708633807658], [74,68,0.002010673660], [92,68,0.705328580207], [96,68,0.707231779489], [44,69,0.002366819776], [45,69,0.706609349295], [49,69,-0.705564613826], [62,69,0.708297397441], [63,69,-0.001960125903], [65,69,0.707901162251], [67,69,0.709300486368], [69,69,2.000000000000], [70,69,0.706302727194], [71,69,0.705360999177], [91,69,-0.710047159569], [96,69,0.706256178508], [97,69,0.706237634336], [44,70,-0.706236247861], [49,70,-0.999999456989], [51,70,0.999999863562], [62,70,0.000548747848], [65,70,-0.000012402074], [68,70,0.708633807658], [69,70,0.706302727194], [70,70,2.000000000000], [71,70,0.999999116332], [74,70,0.706999854968], [92,70,-0.000349724407], [96,70,0.002338667883], [44,71,-0.707176815831], [49,71,-0.999999958733], [62,71,-0.000780664344], [65,71,-0.001341813970], [69,71,0.705360999177], [70,71,0.999999116332], [71,71,2.000000000000], [98,71,0.706520629614], [108,71,0.002623075918], [113,71,-0.005223845017], [50,72,-0.712877143235], [53,72,0.702891029304], [54,72,0.012219120676], [66,72,-0.999965522595], [72,72,2.000000000000], [73,72,0.999993180033], [74,72,-0.702553027896], [75,72,-0.001969380261], [76,72,0.708898284868], [77,72,0.004994094525], [78,72,-0.999972590504], [79,72,-0.007390044855], [80,72,-0.711193078349], [81,72,-0.002104886275], [50,73,-0.710282265789], [53,73,0.705513215262], [55,73,0.709875515996], [66,73,-0.999989370756], [72,73,0.999993180033], [73,73,2.000000000000], [74,73,-0.705176449134], [75,73,-0.005662581529], [76,73,0.706288581209], [77,73,0.001300884661], [78,73,0.999993115095], [82,73,0.701969005331], [83,73,-0.007680053379], [84,73,-0.708232786233], [50,74,0.001774767857], [51,74,0.706630328188], [53,74,-0.999999887150], [66,74,0.708438073029], [68,74,0.002010673660], [70,74,0.706999854968], [72,74,-0.702553027896], [73,74,-0.705176449134], [74,74,2.000000000000], [75,74,0.713013609501], [76,74,0.003882620424], [77,74,0.708113904775], [92,74,-0.707460903095], [96,74,-0.705558319376], [50,75,-0.699883654781], [53,75,-0.712680427739], [66,75,0.010273127956], [72,75,-0.001969380261], [73,75,-0.005662581529], [74,75,0.713013609501], [75,75,2.000000000000], [76,75,0.703913269014], [77,75,0.999975754954], [97,75,-0.006175103097], [98,75,-0.713470619800], [99,75,-0.999902343909], [100,75,-0.701715024262], [101,75,-0.999972332357], [50,76,-0.999983996961], [53,76,-0.003407545186], [56,76,0.712225042827], [66,76,-0.703017062324], [72,76,0.708898284868], [73,76,0.706288581209], [74,76,0.003882620424], [75,76,0.703913269014], [76,76,2.000000000000], [77,76,0.708842236482], [79,76,0.710530257439], [82,76,0.008396110965], [102,76,-0.703752738336], [50,77,-0.704840371284], [53,77,-0.707778372865], [66,77,0.003309805801], [72,77,0.004994094525], [73,77,0.001300884661], [74,77,0.708113904775], [75,77,0.999975754954], [76,77,0.708842236482], [77,77,2.000000000000], [99,77,0.999975415815], [114,77,-0.000810510348], [115,77,-0.706731931209], [54,78,-0.004815404319], [55,78,0.707257037354], [72,78,-0.999972590504], [73,78,0.999993115095], [78,78,2.000000000000], [79,78,-0.000013889712], [80,78,0.705968643368], [81,78,-0.005299089203], [82,78,0.704607005603], [83,78,-0.003969346880], [84,78,-0.705608189397], [54,79,-0.999988338892], [56,79,0.999997092470], [72,79,-0.007390044855], [76,79,0.710530257439], [78,79,-0.000013889712], [79,79,2.000000000000], [80,79,0.708233284265], [81,79,0.999986033235], [82,79,0.709607537319], [102,79,-0.000121169019], [54,80,-0.711634403029], [72,80,-0.711193078349], [78,80,0.705968643368], [79,80,0.708233284265], [80,80,2.000000000000], [81,80,0.704492155293], [83,80,0.711039745006], [102,80,0.706064291342], [103,80,-0.708112314740], [104,80,0.004013731218], [54,81,-0.999948848507], [72,81,-0.002104886275], [78,81,-0.005299089203], [79,81,0.999986033235], [80,81,0.704492155293], [81,81,2.000000000000], [100,81,0.704611936845], [104,81,0.706878415766], [113,81,-0.000571280090], [114,81,-0.002078715522], [55,82,-0.003316473982], [56,82,0.707906378990], [73,82,0.701969005331], [76,82,0.008396110965], [78,82,0.704607005603], [79,82,0.709607537319], [82,82,2.000000000000], [83,82,0.706795330847], [84,82,0.005646056339], [102,82,0.704511161805], [55,83,-0.709758272275], [73,83,-0.007680053379], [78,83,-0.003969346880], [80,83,0.711039745006], [82,83,0.706795330847], [83,83,2.000000000000], [84,83,0.711397425053], [102,83,0.004104404511], [103,83,-0.007000629682], [104,83,-0.700292232980], [55,84,-0.999997286469], [59,84,0.706513684796], [73,84,-0.708232786233], [78,84,-0.705608189397], [82,84,0.005646056339], [83,84,0.711397425053], [84,84,2.000000000000], [86,84,0.708254407515], [88,84,0.000540411488], [105,84,-0.706766861432], [106,84,-0.999998709080], [36,85,-0.000118349629], [39,85,0.000581615113], [58,85,0.709080062344], [60,85,0.706882500303], [61,85,0.000356731798], [85,85,2.000000000000], [86,85,0.002146658608], [87,85,0.705867119624], [88,85,0.706354894973], [89,85,0.004517767283], [90,85,0.001348486351], [36,86,-0.999997942979], [59,86,0.999996967501], [60,86,-0.705811925808], [84,86,0.708254407515], [85,86,0.002146658608], [86,86,2.000000000000], [87,86,0.709857896892], [88,86,0.706339934975], [105,86,-0.001143704718], [106,86,-0.707119153945], [36,87,-0.708427807393], [60,87,-0.002068742328], [85,87,0.705867119624], [86,87,0.709857896892], [87,87,2.000000000000], [89,87,0.705148101094], [103,87,0.706144657421], [105,87,0.705156327085], [39,88,-0.707446922340], [58,88,0.001731785348], [59,88,0.708081085297], [61,88,-0.707605844456], [84,88,0.000540411488], [85,88,0.706354894973], [86,88,0.706339934975], [88,88,2.000000000000], [89,88,0.711041791978], [90,88,0.708809735092], [105,88,0.707064489379], [106,88,0.001066399030], [39,89,-0.999986998099], [58,89,-0.701917323226], [61,89,-0.999988119578], [85,89,0.004517767283], [87,89,0.705148101094], [88,89,0.711041791978], [89,89,2.000000000000], [90,89,0.999994977786], [103,89,-0.004125882401], [105,89,-0.005520709897], [39,90,-0.999998137354], [58,90,-0.704171151985], [61,90,-0.999998546115], [85,90,0.001348486351], [88,90,0.708809735092], [89,90,0.999994977786], [90,90,2.000000000000], [106,90,0.704643440968], [116,90,-0.001857734851], [119,90,-0.004735821576], [45,91,-0.003463782402], [63,91,0.705544553713], [67,91,-0.007274152858], [69,91,-0.710047159569], [91,91,2.000000000000], [92,91,0.999996406566], [93,91,-0.002317081926], [94,91,0.705636702371], [95,91,-0.002611331328], [96,91,-0.999985585727], [97,91,-0.999985444745], [51,92,0.000172649997], [68,92,0.705328580207], [70,92,-0.000349724407], [74,92,-0.707460903095], [91,92,0.999996406566], [92,92,2.000000000000], [93,92,0.000363750090], [94,92,0.707533733267], [95,92,0.000069499801], [96,92,0.999996386270], [64,93,0.999996521262], [91,93,-0.002317081926], [92,93,0.000363750090], [93,93,2.000000000000], [94,93,0.706936889863], [95,93,0.999999956708], [107,93,-0.007059899654], [108,93,-0.002007139791], [109,93,-0.711710867833], [110,93,-0.999998048650], [91,94,0.705636702371], [92,94,0.707533733267], [93,94,0.706936889863], [94,94,2.000000000000], [95,94,0.706728742903], [107,94,0.712249908880], [111,94,0.001122135366], [112,94,-0.999999644129], [91,95,-0.002611331328], [92,95,0.000069499801], [93,95,0.999999956708], [94,95,0.706728742903], [95,95,2.000000000000], [111,95,0.706691126724], [122,95,-0.000770073809], [123,95,0.000316494193], [124,95,-0.999995234581], [125,95,-0.708109986823], [45,96,-0.001905438046], [51,96,0.002861040524], [63,96,-0.709339352886], [67,96,0.001904987331], [68,96,0.707231779489], [69,96,0.706256178508], [70,96,0.002338667883], [74,96,-0.705558319376], [91,96,-0.999985585727], [92,96,0.999996386270], [96,96,2.000000000000], [97,96,0.999999999657], [45,97,-0.001931631603], [63,97,-0.709357815654], [67,97,0.001878793773], [69,97,0.706237634336], [75,97,-0.006175103097], [91,97,-0.999985444745], [96,97,0.999999999657], [97,97,2.000000000000], [98,97,0.705077541891], [99,97,-0.007800305793], [100,97,-0.708110988963], [101,97,-0.001263643634], [71,98,0.706520629614], [75,98,-0.713470619800], [97,98,0.705077541891], [98,98,2.000000000000], [99,98,0.703608819462], [100,98,0.001444500503], [101,98,0.708238680741], [108,98,-0.705836755373], [113,98,0.703992036986], [75,99,-0.999902343909], [77,99,0.999975415815], [97,99,-0.007800305793], [98,99,0.703608819462], [99,99,2.000000000000], [100,99,0.711603145881], [101,99,0.999978635585], [114,99,-0.007822461076], [115,99,-0.711675397454], [75,100,-0.701715024262], [81,100,0.704611936845], [97,100,-0.708110988963], [98,100,0.001444500503], [99,100,0.711603145881], [100,100,2.000000000000], [101,100,0.706995381434], [104,100,-0.003844943455], [113,100,0.709190207443], [114,100,0.708126633138], [75,101,-0.999972332357], [97,101,-0.001263643634], [98,101,0.708238680741], [99,101,0.999978635585], [100,101,0.706995381434], [101,101,2.000000000000], [127,101,0.001387778278], [131,101,0.001589236066], [132,101,0.003064814596], [133,101,-0.707167296673], [134,101,-0.705929615924], [56,102,-0.002532610598], [76,102,-0.703752738336]