{
"N": {
"shape": [192, 139],
"data": [[3,0,-0.002810405599], [4,0,-0.999996050802], [6,0,0.002810405599], [7,0,0.999996050802], [3,1,-0.999990095687], [4,1,-0.004450677223], [27,1,0.999990095687], [28,1,0.004450677223], [3,2,-0.704711702685], [4,2,-0.709493774531], [30,2,0.704711702685], [31,2,0.709493774531], [3,3,-0.999994018382], [4,3,-0.003458785843], [51,3,0.999994018382], [52,3,0.003458785843], [6,4,-0.999998525987], [7,4,-0.001716981178], [30,4,0.999998525987], [31,4,0.001716981178], [6,5,-0.706764448358], [7,5,-0.707448948361], [33,5,0.706764448358], [34,5,0.707448948361], [6,6,-0.999994183081], [7,6,0.003410836169], [54,6,0.999994183081], [55,6,-0.003410836169], [9,7,0.000050341721], [10,7,-0.999999998733], [15,7,-0.000050341721], [16,7,0.999999998733], [12,8,-0.000675137707], [13,8,-0.999999772095], [15,8,0.000675137707], [16,8,0.999999772095], [12,9,-0.003636053574], [13,9,-0.999993389535], [18,9,0.003636053574], [19,9,0.999993389535], [15,10,-0.001457833813], [16,10,-0.999998937360], [21,10,0.001457833813], [22,10,0.999998937360], [15,11,-0.706299982923], [16,11,0.707912659954], [36,11,0.706299982923], [37,11,-0.707912659954], [18,12,0.003673110007], [19,12,-0.999993254109], [21,12,-0.003673110007], [22,12,0.999993254109], [24,13,0.008166441549], [25,13,-0.999966654060], [27,13,-0.008166441549], [28,13,0.999966654060], [24,14,-0.999997908674], [25,14,-0.002045152284], [48,14,0.999997908674], [49,14,0.002045152284], [24,15,-0.999992616504], [25,15,-0.003842777202], [72,15,0.999992616504], [73,15,0.003842777202], [27,16,-0.706392238831], [28,16,0.707820602214], [48,16,0.706392238831], [49,16,-0.707820602214], [27,17,-0.710187664204], [28,17,-0.704012415809], [54,17,0.710187664204], [55,17,0.704012415809], [30,18,-0.000241109366], [31,18,-0.999999970933], [33,18,0.000241109366], [34,18,0.999999970933], [33,19,-0.708928738224], [34,19,-0.705280117486], [60,19,0.708928738224], [61,19,0.705280117486], [36,20,-0.999999856569], [37,20,0.000535595573], [60,20,0.999999856569], [61,20,-0.000535595573], [36,21,-0.999999853925], [37,21,-0.000540508576], [84,21,0.999999853925], [85,21,0.000540508576], [39,22,0.002786272131], [40,22,-0.999996118336], [42,22,-0.002786272131], [43,22,0.999996118336], [39,23,0.000824312521], [40,23,-0.999999660254], [45,23,-0.000824312521], [46,23,0.999999660254], [39,24,-0.999989980811], [40,24,-0.004476413478], [63,24,0.999989980811], [64,24,0.004476413478], [39,25,-0.704233265646], [40,25,-0.709968666602], [66,25,0.704233265646], [67,25,0.709968666602], [39,26,-0.999999906647], [40,26,-0.000432095193], [87,26,0.999999906647], [88,26,0.000432095193], [42,27,-0.001122798239], [43,27,-0.999999369662], [45,27,0.001122798239], [46,27,0.999999369662], [42,28,-0.710168405537], [43,28,0.704031842871], [63,28,0.710168405537], [64,28,-0.704031842871], [42,29,-0.999967745505], [43,29,-0.008031684079], [66,29,0.999967745505], [67,29,0.008031684079], [42,30,-0.707122383516], [43,30,-0.707091178513], [69,30,0.707122383516], [70,30,0.707091178513], [42,31,-0.999999478187], [43,31,-0.001021579913], [90,31,0.999999478187], [91,31,0.001021579913], [48,32,0.000025592609], [49,32,-0.999999999673], [51,32,-0.000025592609], [52,32,0.999999999673], [48,33,-0.001157276740], [49,33,-0.999999330355], [54,33,0.001157276740], [55,33,0.999999330355], [48,34,-0.999984235332], [49,34,-0.005615076841], [72,34,0.999984235332], [73,34,0.005615076841], [48,35,-0.708175065927], [49,35,-0.706036880056], [75,35,0.708175065927], [76,35,0.706036880056], [51,36,-0.002356102095], [52,36,-0.999997224388], [54,36,0.002356102095], [55,36,0.999997224388], [51,37,-0.709617501309], [52,37,0.704587114441], [72,37,0.709617501309], [73,37,-0.704587114441], [51,38,-0.999998829906], [52,38,0.001529766625], [75,38,0.999998829906], [76,38,-0.001529766625], [51,39,-0.710423444787], [52,39,-0.703774487387], [78,39,0.710423444787], [79,39,0.703774487387], [51,40,-0.999994034584], [52,40,0.003454098406], [99,40,0.999994034584], [100,40,-0.003454098406], [54,41,-0.711000508195], [55,41,0.703191494080], [75,41,0.711000508195], [76,41,-0.703191494080], [54,42,-0.999998957706], [55,42,-0.001443809886], [78,42,0.999998957706], [79,42,0.001443809886], [57,43,-0.006791240706], [58,43,-0.999976939259], [60,43,0.006791240706], [61,43,0.999976939259], [57,44,-0.004070543512], [58,44,-0.999991715303], [63,44,0.004070543512], [64,44,0.999991715303], [57,45,-0.999986105076], [58,45,0.005271589376], [81,45,0.999986105076], [82,45,-0.005271589376], [57,46,-0.710444701741], [58,46,-0.703753028958], [84,46,0.710444701741], [85,46,0.703753028958], [57,47,-0.999999144300], [58,47,0.001308204514], [105,47,0.999999144300], [106,47,-0.001308204514], [63,48,0.001492709365], [64,48,-0.999998885909], [66,48,-0.001492709365], [67,48,0.999998885909], [63,49,0.000402801372], [64,49,-0.999999918876], [69,49,-0.000402801372], [70,49,0.999999918876], [63,50,-0.999993438203], [64,50,0.003622644080], [87,50,0.999993438203], [88,50,-0.003622644080], [63,51,-0.708551700865], [64,51,-0.705658902871], [90,51,0.708551700865], [91,51,0.705658902871], [63,52,-0.999999994733], [64,52,-0.000102630637], [111,52,0.999999994733], [112,52,0.000102630637], [66,53,-0.704689367387], [67,53,0.709515958588], [87,53,0.704689367387], [88,53,-0.709515958588], [66,54,-0.999982086864], [67,54,0.005985478359], [90,54,0.999982086864], [91,54,-0.005985478359], [66,55,-0.999999031171], [67,55,0.001391997656], [114,55,0.999999031171], [115,55,-0.001391997656], [69,56,-0.707517798056], [70,56,0.706695525269], [90,56,0.707517798056], [91,56,-0.706695525269], [69,57,-0.999983029441], [70,57,-0.005825875878], [93,57,0.999983029441], [94,57,0.005825875878], [69,58,-0.999999880317], [70,58,0.000489250917], [117,58,0.999999880317], [118,58,-0.000489250917], [75,59,0.004101345033], [76,59,-0.999991589449], [78,59,-0.004101345033], [79,59,0.999991589449], [75,60,-0.999985494301], [76,60,0.005386203469], [99,60,0.999985494301], [100,60,-0.005386203469], [75,61,-0.707227211043], [76,61,-0.706986330816], [102,61,0.707227211043], [103,61,0.706986330816], [75,62,-0.999998449805], [76,62,0.001760791594], [123,62,0.999998449805], [124,62,-0.001760791594], [78,63,-0.000362967073], [79,63,-0.999999934127], [84,63,0.000362967073], [85,63,0.999999934127], [78,64,-0.709404822778], [79,64,0.704801246749], [99,64,0.709404822778], [100,64,-0.704801246749], [78,65,-0.705730333537], [79,65,-0.708480554656], [105,65,0.705730333537], [106,65,0.708480554656], [78,66,-0.999998668352], [79,66,-0.001631960061], [126,66,0.999998668352], [127,66,0.001631960061], [81,67,-0.002395121223], [82,67,-0.999997131693], [84,67,0.002395121223], [85,67,0.999997131693], [81,68,-0.002446342474], [82,68,-0.999997007700], [87,68,0.002446342474], [88,68,0.999997007700], [81,69,-0.999996497773], [82,69,-0.002646590629], [105,69,0.999996497773], [106,69,0.002646590629], [81,70,-0.706471556294], [82,70,-0.707741435941], [108,70,0.706471556294], [109,70,0.707741435941], [81,71,-0.999996271576], [82,71,-0.002730720447], [129,71,0.999996271576], [130,71,0.002730720447], [84,72,-0.002655090861], [85,72,-0.999996475240], [90,72,0.002655090861], [91,72,0.999996475240], [84,73,-0.708603516631], [85,73,0.705606870869], [105,73,0.708603516631], [106,73,-0.705606870869], [84,74,-0.999999986679], [85,74,-0.000163223477], [132,74,0.999999986679], [133,74,0.000163223477], [87,75,-0.002812781144], [88,75,-0.999996044123], [90,75,0.002812781144], [91,75,0.999996044123], [87,76,-0.999992648611], [88,76,-0.003834413174], [111,76,0.999992648611], [112,76,0.003834413174], [87,77,-0.704378241639], [88,77,-0.709824832410], [114,77,0.704378241639], [115,77,0.709824832410], [87,78,-0.999999705165], [88,78,0.000767900067], [135,78,0.999999705165], [136,78,-0.000767900067], [90,79,-0.706012070818], [91,79,0.708199799392], [111,79,0.706012070818], [112,79,-0.708199799392], [93,80,-0.703779789187], [94,80,0.710418192568], [114,80,0.703779789187], [115,80,-0.710418192568], [93,81,-0.999976611710], [94,81,0.006839300595], [117,81,0.999976611710], [118,81,-0.006839300595], [93,82,-0.999998326981], [94,82,0.001829217037], [141,82,0.999998326981], [142,82,-0.001829217037], [96,83,0.000129276070], [97,83,-0.999999991644], [102,83,-0.000129276070], [103,83,0.999999991644], [96,84,-0.707383980027], [97,84,-0.706829473637], [123,84,0.707383980027], [124,84,0.706829473637], [99,85,0.003196193764], [100,85,-0.999994892160], [102,85,-0.003196193764], [103,85,0.999994892160], [99,86,0.002607538236], [100,86,-0.999996600366], [105,86,-0.002607538236], [106,86,0.999996600366], [99,87,-0.703257698391], [100,87,-0.710935024917], [126,87,0.703257698391], [127,87,0.710935024917], [102,88,-0.705659968113], [103,88,0.708550639971], [123,88,0.705659968113], [124,88,-0.708550639971], [102,89,-0.999999455010], [103,89,0.001044020982], [126,89,0.999999455010], [127,89,-0.001044020982], [102,90,-0.704649675263], [103,90,-0.709555378495], [129,90,0.704649675263], [130,90,0.709555378495], [102,91,-0.999998787630], [103,91,-0.001557157143], [150,91,0.999998787630], [151,91,0.001557157143], [105,92,-0.000108218367], [106,92,-0.999999994144], [108,92,0.000108218367], [109,92,0.999999994144], [108,93,-0.706848938101], [109,93,0.707364530285], [129,93,0.706848938101], [130,93,-0.707364530285], [108,94,-0.999984561791], [109,94,0.005556633926], [132,94,0.999984561791], [133,94,-0.005556633926], [111,95,0.000393992058], [112,95,-0.999999922385], [114,95,-0.000393992058], [115,95,0.999999922385], [111,96,-0.000690742227], [112,96,-0.999999761438], [117,96,0.000690742227], [118,96,0.999999761438], [114,97,-0.001779273388], [115,97,-0.999998417092], [117,97,0.001779273388], [118,97,0.999998417092], [114,98,-0.706803243258], [115,98,0.707410188872], [135,98,0.706803243258], [136,98,-0.707410188872], [114,99,-0.709849463997], [115,99,-0.704353418720], [141,99,0.709849463997], [142,99,0.704353418720], [114,100,-0.999999936838], [115,100,-0.000355419489], [162,100,0.999999936838], [163,100,0.000355419489], [117,101,-0.999995097335], [118,101,-0.003131342587], [141,101,0.999995097335], [142,101,0.003131342587], [117,102,-0.999996080366], [118,102,-0.002799866465], [165,102,0.999996080366], [166,102,0.002799866465], [120,103,0.005256057242], [121,103,-0.999986186836], [123,103,-0.005256057242], [124,103,0.999986186836], [120,104,0.003973169680], [121,104,-0.999992106930], [126,104,-0.003973169680], [127,104,0.999992106930], [120,105,-0.999999997880], [121,105,-0.000065111451], [144,105,0.999999997880], [145,105,0.000065111451], [120,106,-0.706516911664], [121,106,-0.707696159049], [147,106,0.706516911664], [148,106,0.707696159049], [120,107,-0.999999427955], [121,107,-0.001069621078], [168,107,0.999999427955], [169,107,0.001069621078], [123,108,0.002688186813], [124,108,-0.999996386819], [126,108,-0.002688186813], [127,108,0.999996386819], [123,109,-0.705399095363], [124,109,-0.708810352817], [150,109,0.705399095363], [151,109,0.708810352817], [132,110,-0.001368168549], [133,110,-0.999999064057], [135,110,0.001368168549], [136,110,0.999999064057], [132,111,0.000461607592], [133,111,-0.999999893459], [138,111,-0.000461607592], [139,111,0.999999893459], [132,112,-0.706994279784], [133,112,-0.707219264693], [159,112,0.706994279784], [160,112,0.707219264693], [135,113,0.002289784433], [136,113,-0.999997378440], [138,113,-0.002289784433], [139,113,0.999997378440], [135,114,-0.704203399636], [136,114,-0.709998290097], [162,114,0.704203399636], [163,114,0.709998290097], [138,115,-0.711289631600], [139,115,0.702899039676], [159,115,0.711289631600], [160,115,-0.702899039676], [138,116,-0.999982626503], [139,116,-0.005894632525], [162,116,0.999982626503], [163,116,0.005894632525], [138,117,-0.704747594102], [139,117,-0.709458123223], [165,117,0.704747594102], [166,117,0.709458123223], [138,118,-0.999992674627], [139,118,-0.003827622353], [186,118,0.999992674627], [187,118,0.003827622353], [141,119,-0.705667622632], [142,119,0.708543016597], [162,119,0.705667622632], [163,119,-0.708543016597], [144,120,-0.999997835168], [145,120,-0.002080783473], [168,120,0.999997835168], [169,120,0.002080783473], [147,121,-0.705333589302], [148,121,0.708875537596], [168,121,0.705333589302], [169,121,-0.708875537596], [147,122,-0.704718312246], [148,122,-0.709487209458], [174,122,0.704718312246], [175,122,0.709487209458], [150,123,0.000927016588], [151,123,-0.999999570320], [153,123,-0.000927016588], [154,123,0.999999570320], [150,124,-0.999984396137], [151,124,0.005586365821], [174,124,0.999984396137], [175,124,-0.005586365821], [150,125,-0.707234612951], [151,125,-0.706978926309], [177,125,0.707234612951], [178,125,0.706978926309], [153,126,-0.706679501263], [154,126,0.707533803076], [174,126,0.706679501263], [175,126,-0.707533803076], [153,127,-0.999998457344], [154,127,-0.001756505038], [177,127,0.999998457344], [178,127,0.001756505038], [156,128,-0.000539405044], [157,128,-0.999999854521], [159,128,0.000539405044], [160,128,0.999999854521], [156,129,-0.703912394740], [157,129,-0.710286801603], [183,129,0.703912394740], [184,129,0.710286801603], [168,130,-0.003230147803], [169,130,-0.999994783059], [171,130,0.003230147803], [172,130,0.999994783059], [168,131,-0.000997417183], [169,131,-0.999999502579], [174,131,0.000997417183], [175,131,0.999999502579], [171,132,0.001264843419], [172,132,-0.999999200085], [174,132,-0.001264843419], [175,132,0.999999200085], [171,133,0.001297880766], [172,133,-0.999999157752], [177,133,-0.001297880766], [178,133,0.999999157752], [174,134,0.001330616043], [175,134,-0.999999114730], [177,134,-0.001330616043], [178,134,0.999999114730], [177,135,-0.000505883979], [178,135,-0.999999872041], [183,135,0.000505883979], [184,135,0.999999872041], [180,136,0.004327276076], [181,136,-0.999990637297], [183,136,-0.004327276076], [184,136,0.999990637297], [180,137,0.003422691843], [181,137,-0.999994142573], [186,137,-0.003422691843], [187,137,0.999994142573], [186,138,-0.005598232799], [187,138,-0.999984329772], [189,138,0.005598232799], [190,138,0.999984329772], ]
},
"Q": {
"shape": [139, 139],
"data": [[0,0,2.000000000000], [1,0,0.007261037410], [2,0,0.711471498314], [3,0,0.006269160971], [4,0,-0.004527375853], [5,0,-0.709432449268], [6,0,0.000600433448], [0,1,0.007261037410], [1,1,2.000000000000], [2,1,0.707862450782], [3,1,0.999999508068], [13,1,-0.003715831855], [16,1,-0.703234961469], [17,1,-0.713313962307], [0,2,0.711471498314], [1,2,0.707862450782], [2,2,2.000000000000], [3,2,0.707161474392], [4,2,0.705928851388], [18,2,-0.709663666500], [0,3,0.006269160971], [1,3,0.999999508068], [2,3,0.707161474392], [3,3,2.000000000000], [32,3,0.003433193386], [36,3,-0.005814864245], [37,3,-0.707176240712], [38,3,-0.999987557161], [39,3,-0.712853400539], [40,3,-0.999976106016], [0,4,-0.004527375853], [2,4,0.705928851388], [4,4,2.000000000000], [5,4,0.707978083106], [6,4,0.999986852735], [18,4,-0.001958090139], [0,5,-0.709432449268], [4,5,0.707978083106], [5,5,2.000000000000], [6,5,0.704347344706], [18,5,0.707619335326], [19,5,-0.999995306011], [0,6,0.000600433448], [4,6,0.999986852735], [5,6,0.704347344706], [6,6,2.000000000000], [17,6,0.707782262089], [33,6,-0.002253563877], [36,6,-0.001054738311], [41,6,-0.713394843344], [42,6,-0.999988216194], [7,7,2.000000000000], [8,7,0.999999736840], [10,7,-0.999998862703], [11,7,0.707948215413], [7,8,0.999999736840], [8,8,2.000000000000], [9,8,0.999995616468], [10,8,-0.999999693693], [11,8,0.707435648866], [8,9,0.999995616468], [9,9,2.000000000000], [12,9,-0.999973288064], [7,10,-0.999998862703], [8,10,-0.999999693693], [10,10,2.000000000000], [11,10,-0.706882239700], [12,10,0.999986836692], [7,11,0.707948215413], [8,11,0.707435648866], [10,11,-0.706882239700], [11,11,2.000000000000], [20,11,-0.706679036504], [21,11,-0.705917246887], [9,12,-0.999973288064], [10,12,0.999986836692], [12,12,2.000000000000], [1,13,-0.003715831855], [13,13,2.000000000000], [14,13,-0.006121340384], [15,13,-0.004323732191], [16,13,0.713565710200], [17,13,-0.698189233805], [13,14,-0.006121340384], [14,14,2.000000000000], [15,14,0.999998384258], [16,14,0.704943160614], [32,14,-0.002019559727], [33,14,-0.003202425234], [34,14,-0.999993627726], [35,14,-0.709617537839], [13,15,-0.004323732191], [14,15,0.999998384258], [15,15,2.000000000000], [34,15,0.999998429442], [37,15,0.706904690551], [1,16,-0.703234961469], [13,16,0.713565710200], [14,16,0.704943160614], [16,16,2.000000000000], [17,16,0.003356561983], [32,16,0.707838680403], [33,16,0.707002636918], [34,16,-0.702406635721], [35,16,-0.000501920678], [1,17,-0.713313962307], [6,17,0.707782262089], [13,17,-0.698189233805], [16,17,0.003356561983], [17,17,2.000000000000], [33,17,0.704833828035], [36,17,0.705683736387], [41,17,-0.009888247639], [42,17,-0.711203384066], [2,18,-0.709663666500], [4,18,-0.001958090139], [5,18,0.707619335326], [18,18,2.000000000000], [19,18,-0.705451026344], [5,19,-0.999995306011], [18,19,-0.705451026344], [19,19,2.000000000000], [20,19,0.708550891633], [43,19,0.710078358908], [11,20,-0.706679036504], [19,20,0.708550891633], [20,20,2.000000000000], [21,20,0.999999421000], [43,20,0.006255656511], [11,21,-0.705917246887], [20,21,0.999999421000], [21,21,2.000000000000], [46,21,0.710824982510], [63,21,0.000903475560], [67,21,0.002935627898], [72,21,-0.003195597144], [73,21,-0.708222026557], [74,21,-0.999999928828], [22,22,2.000000000000], [23,22,0.999998075351], [24,22,0.001690151886], [25,22,0.708003725221], [26,22,-0.002354178356], [27,22,-0.999992359579], [28,22,0.706007832493], [29,22,-0.005245470641], [30,22,-0.705118198432], [31,22,0.001764694730], [22,23,0.999998075351], [23,23,2.000000000000], [24,23,0.003652107695], [25,23,0.709387917095], [26,23,-0.000392217398], [27,23,0.999998104380], [22,24,0.001690151886], [23,24,0.003652107695], [24,24,2.000000000000], [25,24,0.707404323108], [26,24,0.999991821696], [28,24,0.707009752596], [44,24,0.008546879121], [48,24,-0.002983714081], [49,24,-0.004073615778], [50,24,-0.999967202627], [51,24,-0.711703422775], [52,24,-0.999990434962], [22,25,0.708003725221], [23,25,0.709387917095], [24,25,0.707404323108], [25,25,2.000000000000], [26,25,0.704539973952], [29,25,0.709912794994], [48,25,0.708916660042], [53,25,0.007468404591], [54,25,-0.699971148530], [55,25,-0.703244308645], [22,26,-0.002354178356], [23,26,-0.000392217398], [24,26,0.999991821696], [25,26,0.704539973952], [26,26,2.000000000000], [50,26,0.999991779524], [53,26,0.704382723168], [68,26,0.002878436145], [75,26,-0.003244874364], [76,26,-0.999994212090], [77,26,-0.704684887781], [78,26,-0.999999280006], [22,27,-0.999992359579], [23,27,0.999998104380], [27,27,2.000000000000], [28,27,-0.703234023258], [29,27,0.009154441041], [30,27,0.707884688574], [31,27,0.002144376922], [22,28,0.706007832493], [24,28,0.707009752596], [27,28,-0.703234023258], [28,28,2.000000000000], [29,28,0.704490938070], [30,28,0.004361270135], [31,28,0.709448810173], [44,28,-0.701135238785], [48,28,0.705091133545], [49,28,0.704317842566], [50,28,-0.712714202344], [51,28,-0.006384693817], [52,28,-0.710096146560], [22,29,-0.005245470641], [25,29,0.709912794994], [27,29,0.009154441041], [28,29,0.704490938070], [29,29,2.000000000000], [30,29,0.712778708602], [31,29,0.999975428716], [48,29,0.006539013913], [53,29,-0.698968029959], [54,29,-0.999901759476], [55,29,-0.999955596622], [22,30,-0.705118198432], [27,30,0.707884688574], [28,30,0.004361270135], [29,30,0.712778708602], [30,30,2.000000000000], [31,30,0.707844364675], [49,30,0.706806291284], [56,30,-0.000603499929], [57,30,-0.711229808695], [58,30,-0.706776353878], [22,31,0.001764694730], [27,31,0.002144376922], [28,31,0.709448810173], [29,31,0.999975428716], [30,31,0.707844364675], [31,31,2.000000000000], [51,31,0.709272218094], [54,31,0.999975450416], [56,31,0.706795482910], [72,31,0.003676665788], [75,31,0.003834355548], [79,31,-0.705288219722], [3,32,0.003433193386], [14,32,-0.002019559727], [16,32,0.707838680403], [32,32,2.000000000000], [33,32,0.999999300410], [34,32,0.005589484634], [35,32,0.706018755777], [36,32,-0.999997163761], [37,32,0.704605275174], [38,32,0.001555359203], [39,32,-0.703756305567], [40,32,0.003479690861], [6,33,-0.002253563877], [14,33,-0.003202425234], [16,33,0.707002636918], [17,33,0.704833828035], [32,33,0.999999300410], [33,33,2.000000000000], [34,33,0.006772331577], [35,33,0.706855961794], [36,33,0.999999281407], [41,33,0.702368198841], [42,33,-0.002601084453], [14,34,-0.999993627726], [15,34,0.999998429442], [16,34,-0.702406635721], [32,34,0.005589484634], [33,34,0.006772331577], [34,34,2.000000000000], [35,34,0.712128353116], [37,34,0.705650003635], [14,35,-0.709617537839], [16,35,-0.000501920678], [32,35,0.706018755777], [33,35,0.706855961794], [34,35,0.712128353116], [35,35,2.000000000000], [38,35,0.707094165641], [41,35,0.007033703203], [59,35,-0.703126471608], [60,35,-0.704361935060], [61,35,-0.999999100057], [62,35,-0.706930784314], [3,36,-0.005814864245], [6,36,-0.001054738311], [17,36,0.705683736387], [32,36,-0.999997163761], [33,36,0.999999281407], [36,36,2.000000000000], [37,36,-0.702913227499], [38,36,0.000826336960], [39,36,0.705446364149], [40,36,-0.001098000778], [41,36,0.701514352506], [42,36,-0.003799905519], [3,37,-0.707176240712], [15,37,0.706904690551], [32,37,0.704605275174], [34,37,0.705650003635], [36,37,-0.702913227499], [37,37,2.000000000000], [38,37,0.710694524841], [39,37,0.008258474475], [40,37,0.712046981374], [3,38,-0.999987557161], [32,38,0.001555359203], [35,38,0.707094165641], [36,38,0.000826336960], [37,38,0.710694524841], [38,38,2.000000000000], [39,38,0.709346002803], [40,38,0.999998148462], [41,38,0.712075395136], [59,38,0.005631093992], [60,38,-0.999992563859], [61,38,-0.706144859428], [62,38,-0.999999973314], [3,39,-0.712853400539], [32,39,-0.703756305567], [36,39,0.705446364149], [37,39,0.008258474475], [38,39,0.709346002803], [39,39,2.000000000000], [40,39,0.707988300481], [42,39,0.711438820879], [59,39,0.700854876590], [63,39,-0.704032301346], [64,39,-0.007956681806], [65,39,-0.999977913819], [66,39,-0.711571030608], [3,40,-0.999976106016], [32,40,0.003479690861], [36,40,-0.001098000778], [37,40,0.712046981374], [38,40,0.999998148462], [39,40,0.707988300481], [40,40,2.000000000000], [60,40,0.999998133449], [64,40,0.711835043746], [85,40,0.006650255460], [86,40,0.006061609344], [87,40,-0.700797863630], [6,41,-0.713394843344], [17,41,-0.009888247639], [33,41,0.702368198841], [35,41,0.007033703203], [36,41,0.701514352506], [38,41,0.712075395136], [41,41,2.000000000000], [42,41,0.709984492292], [59,41,0.706101638255], [60,41,-0.714777727100], [61,41,-0.005692132200], [62,41,-0.712237579678], [6,42,-0.999988216194], [17,42,-0.711203384066], [33,42,-0.002601084453], [36,42,-0.003799905519], [39,42,0.711438820879], [41,42,0.709984492292], [42,42,2.000000000000], [59,42,-0.002657543015], [63,42,-0.001806776486], [64,42,-0.708386484362], [65,42,-0.706752509187], [66,42,-0.999999982300], [19,43,0.710078358908], [20,43,0.006255656511], [43,43,2.000000000000], [44,43,0.999996298794], [45,43,0.001519678533], [46,43,0.708561600870], [47,43,0.005483060549], [24,44,0.008546879121], [28,44,-0.701135238785], [43,44,0.999996298794], [44,44,2.000000000000], [45,44,-0.001201058750], [46,44,0.706639094650], [47,44,0.002762346354], [48,44,-0.999984525083], [49,44,-0.999989994559], [50,44,-0.000447902735], [51,44,-0.708537247231], [52,44,-0.004173173278], [43,45,0.001519678533], [44,45,-0.001201058750], [45,45,2.000000000000], [46,45,0.706724933175], [47,45,0.999992145705], [67,45,0.002876486313], [68,45,0.002825265120], [69,45,-0.999968651159], [70,45,-0.702730817691], [71,45,-0.999967981467], [21,46,0.710824982510], [43,46,0.708561600870], [44,46,0.706639094650], [45,46,0.706724933175], [46,46,2.000000000000], [47,46,0.709523440925], [63,46,0.704010850635], [67,46,0.705452611561], [72,46,-0.705636843633], [73,46,-0.006850641398], [74,46,-0.710559561294], [43,47,0.005483060549], [44,47,0.002762346354], [45,47,0.999992145705], [46,47,0.709523440925], [47,47,2.000000000000], [65,47,0.704802892184], [69,47,0.999992179794], [73,47,0.709525988372], [86,47,-0.003915736071], [92,47,0.001199986232], [24,48,-0.002983714081], [25,48,0.708916660042], [28,48,0.705091133545], [29,48,0.006539013913], [44,48,-0.999984525083], [48,48,2.000000000000], [49,48,0.999999406050], [50,48,-0.005115339614], [51,48,0.704600454943], [52,48,-0.001390078834], [53,48,0.710567064541], [54,48,0.007478154317], [55,48,0.002884704024], [24,49,-0.004073615778], [28,49,0.704317842566], [30,49,0.706806291284], [44,49,-0.999989994559], [48,49,0.999999406050], [49,49,2.000000000000], [50,49,-0.004025442515], [51,49,0.705373440027], [52,49,-0.000300170741], [56,49,0.706980457078], [57,49,-0.005423080869], [58,49,0.000892052202], [24,50,-0.999967202627], [26,50,0.999991779524], [28,50,-0.712714202344], [44,50,-0.000447902735], [48,50,-0.005115339614], [49,50,-0.004025442515], [50,50,2.000000000000], [51,50,0.705990700446], [52,50,0.999993061143], [53,50,0.707255067146], [68,50,-0.001176306818], [75,50,0.000809867062], [76,50,-0.999972196148], [77,50,-0.701802176926], [78,50,-0.999995925199], [24,51,-0.711703422775], [28,51,-0.006384693817], [31,51,0.709272218094], [44,51,-0.708537247231], [48,51,0.704600454943], [49,51,0.705373440027], [50,51,0.705990700446], [51,51,2.000000000000], [52,51,0.708624119356], [54,51,0.704315302390], [56,51,0.002626950179], [72,51,0.707537684739], [75,51,0.707649112235], [79,51,-0.000498560156], [24,52,-0.999990434962], [28,52,-0.710096146560], [44,52,-0.004173173278], [48,52,-0.001390078834], [49,52,-0.000300170741], [50,52,0.999993061143], [51,52,0.708624119356], [52,52,2.000000000000], [76,52,0.999993036873], [79,52,0.705939384103], [95,52,0.000291361426], [96,52,-0.000793372836], [25,53,0.007468404591], [26,53,0.704382723168], [29,53,-0.698968029959], [48,53,0.710567064541], [50,53,0.707255067146], [53,53,2.000000000000], [54,53,0.708923536606], [55,53,0.705676329215], [68,53,-0.707789923973], [75,53,0.707531014866], [76,53,-0.701963609603], [77,53,0.007264188895], [78,53,-0.705233996972], [25,54,-0.699971148530], [29,54,-0.999901759476], [31,54,0.999975450416], [48,54,0.007478154317], [51,54,0.704315302390], [53,54,0.708923536606], [54,54,2.000000000000], [55,54,0.999989449824], [56,54,0.711735034966], [72,54,-0.003330413961], [75,54,-0.003172723923], [79,54,-0.710238338501], [25,55,-0.703244308645], [29,55,-0.999955596622], [48,55,0.002884704024], [53,55,0.705676329215], [54,55,0.999989449824], [55,55,2.000000000000], [77,55,0.703389484714], [80,55,0.704768007804], [95,55,-0.001785989224], [97,55,-0.000387276211], [98,55,-0.707787271811], [99,55,-0.708868317966], [100,55,-0.999998473266], [30,56,-0.000603499929], [31,56,0.706795482910], [49,56,0.706980457078], [51,56,0.002626950179], [54,56,0.711735034966], [56,56,2.000000000000], [57,56,0.703388670669], [58,56,0.707863464811], [72,56,-0.704814510296], [75,56,-0.704702636947], [79,56,-0.999997734972], [30,57,-0.711229808695], [49,57,-0.005423080869], [56,57,0.703388670669], [57,57,2.000000000000], [58,57,0.999980059445], [80,57,-0.699629037439], [81,57,-0.999919796632], [82,57,-0.999970699659], [30,58,-0.706776353878], [49,58,0.000892052202], [56,58,0.707863464811], [57,58,0.999980059445], [58,58,2.000000000000], [81,58,0.999979838164], [96,58,0.000201491344], [97,58,0.001290023032], [101,58,-0.999993445640], [102,58,-0.999994590846], [35,59,-0.703126471608], [38,59,0.005631093992], [39,59,0.700854876590], [41,59,0.706101638255], [42,59,-0.002657543015], [59,59,2.000000000000], [60,59,-0.009487443708], [61,59,0.704079801862], [62,59,-0.005862115460], [63,59,-0.999990034924], [64,59,0.707704832928], [65,59,-0.705580152347], [66,59,0.002469393236], [35,60,-0.704361935060], [38,60,-0.999992563859], [40,60,0.999998133449], [41,60,-0.714777727100], [59,60,-0.009487443708], [60,60,2.000000000000], [61,60,0.703408979991], [62,60,0.999993428110], [64,60,0.713190735285], [85,60,0.008582323358], [86,60,0.007993685569], [87,60,-0.699418256449], [35,61,-0.999999100057], [38,61,-0.706144859428], [41,61,-0.005692132200], [59,61,0.704079801862], [60,61,0.703408979991], [61,61,2.000000000000], [62,61,0.705981259115], [83,61,0.706894897353], [85,61,0.704722284440], [88,61,0.001873685957], [89,61,-0.706488717048], [90,61,-0.999993378152], [91,61,-0.708327242437], [35,62,-0.706930784314], [38,62,-0.999999973314], [41,62,-0.712237579678], [59,62,-0.005862115460], [60,62,0.999993428110], [61,62,0.705981259115], [62,62,2.000000000000], [84,62,0.706138304048], [88,62,0.706906484214], [103,62,-0.007016816367], [108,62,0.004448967878], [109,62,-0.704149934546], [21,63,0.000903475560], [39,63,-0.704032301346], [42,63,-0.001806776486], [46,63,0.704010850635], [59,63,-0.999990034924], [63,63,2.000000000000], [64,63,-0.704543709730], [65,63,0.708736664861], [66,63,0.001994926544], [67,63,0.999997935171], [72,63,-0.999997373078], [73,63,0.705349624645], [74,63,-0.000526190535], [39,64,-0.007956681806], [40,64,0.711835043746], [42,64,-0.708386484362], [59,64,0.707704832928], [60,64,0.713190735285], [63,64,-0.704543709730], [64,64,2.000000000000], [65,64,0.001310523973], [66,64,0.708253670615], [85,64,0.707065042008], [86,64,0.706648650883], [87,64,0.002173489025], [39,65,-0.999977913819], [42,65,-0.706752509187], [47,65,0.704802892184], [59,65,-0.705580152347], [63,65,0.708736664861], [64,65,0.001310523973], [65,65,2.000000000000], [66,65,0.706885605722], [69,65,0.707602919905], [73,65,0.000174248895], [86,65,0.706637927253], [92,65,-0.708556923492], [39,66,-0.711571030608], [42,66,-0.999999982300], [59,66,0.002469393236], [63,66,0.001994926544], [64,66,0.708253670615], [65,66,0.706885605722], [66,66,2.000000000000], [87,66,0.704416979466], [89,66,0.999996419562], [104,66,-0.002341217209], [108,66,-0.001056229069], [21,67,0.002935627898], [45,67,0.002876486313], [46,67,0.705452611561], [63,67,0.999997935171], [67,67,2.000000000000], [68,67,0.999999998688], [69,67,0.005041695872], [70,67,0.709431490939], [71,67,0.005125824907], [72,67,-0.999999966208], [73,67,0.703907655651], [74,67,-0.002558344200], [26,68,0.002878436145], [45,68,0.002825265120], [50,68,-0.001176306818], [53,68,-0.707789923973], [67,68,0.999999998688], [68,68,2.000000000000], [69,68,0.005092916615], [70,68,0.709467589541], [71,68,0.005177045629], [75,68,-0.999999932861], [76,68,-0.006280726190], [77,68,-0.711545858811], [78,68,-0.001678443984], [45,69,-0.999968651159], [47,69,0.999992179794], [65,69,0.707602919905], [67,69,0.005041695872], [68,69,0.005092916615], [69,69,2.000000000000], [70,69,0.708342183922], [71,69,0.999999996461], [73,69,0.706733582409], [86,69,0.000039052527], [92,69,-0.002754808601], [45,70,-0.702730817691], [67,70,0.709431490939], [68,70,0.709467589541], [69,70,0.708342183922], [70,70,2.000000000000], [71,70,0.708401566279], [92,70,0.707817884995], [93,70,0.001262519033], [94,70,-0.702527989564], [45,71,-0.999967981467], [67,71,0.005125824907], [68,71,0.005177045629], [69,71,0.999999996461], [70,71,0.708401566279], [71,71,2.000000000000], [90,71,0.706584645411], [93,71,0.704914687882], [21,72,-0.003195597144], [31,72,0.003676665788], [46,72,-0.705636843633], [51,72,0.707537684739], [54,72,-0.003330413961], [56,72,-0.704814510296], [63,72,-0.999997373078], [67,72,-0.999999966208], [72,72,2.000000000000], [73,72,-0.703722977053], [74,72,0.002818313728], [75,72,0.999999987567], [79,72,0.706322776961], [21,73,-0.708222026557], [46,73,-0.006850641398], [47,73,0.709525988372], [63,73,0.705349624645], [65,73,0.000174248895], [67,73,0.703907655651], [69,73,0.706733582409], [72,73,-0.703722977053], [73,73,2.000000000000], [74,73,0.708488335585], [86,73,-0.707452182828], [92,73,0.705530182822], [21,74,-0.999999928828], [46,74,-0.710559561294], [63,74,-0.000526190535], [67,74,-0.002558344200], [72,74,0.002818313728], [73,74,0.708488335585], [74,74,2.000000000000], [94,74,0.999983641497], [110,74,-0.001531391855], [111,74,0.000298384126], [112,74,-0.707109705153], [26,75,-0.003244874364], [31,75,0.003834355548], [50,75,0.000809867062], [51,75,0.707649112235], [53,75,0.707531014866], [54,75,-0.003172723923], [56,75,-0.704702636947], [68,75,-0.999999932861], [72,75,0.999999987567], [75,75,2.000000000000], [76,75,0.006647158471], [77,75,0.711803286266], [78,75,0.002044883285], [79,75,0.706211140401], [26,76,-0.999994212090], [50,76,-0.999972196148], [52,76,0.999993036873], [53,76,-0.701963609603], [68,76,-0.006280726190], [75,76,0.006647158471], [76,76,2.000000000000], [77,76,0.707094825169], [78,76,0.999989409332], [79,76,0.703291350008], [95,76,-0.003440423715], [96,76,-0.004525149408], [26,77,-0.704684887781], [50,77,-0.701802176926], [53,77,0.007264188895], [55,77,0.703389484714], [68,77,-0.711545858811], [75,77,0.711803286266], [76,77,0.707094825169], [77,77,2.000000000000], [78,77,0.703832959427], [80,77,-0.008545304072], [95,77,0.709547257884], [97,77,-0.711076990282], [98,77,0.004280493090], [99,77,-0.999970064679], [100,77,-0.704630482728], [26,78,-0.999999280006], [50,78,-0.999995925199], [53,78,-0.705233996972], [68,78,-0.001678443984], [75,78,0.002044883285], [76,78,0.999989409332], [77,78,0.703832959427], [78,78,2.000000000000], [98,78,0.707346255199], [110,78,0.000600268797], [113,78,0.003057681811], [114,78,-0.703657984278], [31,79,-0.705288219722], [51,79,-0.000498560156], [52,79,0.705939384103], [54,79,-0.710238338501], [56,79,-0.999997734972], [72,79,0.706322776961], [75,79,0.706211140401], [76,79,0.703291350008], [79,79,2.000000000000], [95,79,0.708477907574], [96,79,0.707711958093], [55,80,0.704768007804], [57,80,-0.699629037439], [77,80,-0.008545304072], [80,80,2.000000000000], [81,80,0.708622092549], [82,80,0.705078120811], [95,80,-0.710695421076], [97,80,0.709164851391], [98,80,-0.999990905320], [99,80,0.000807776530], [100,80,-0.703527248265], [57,81,-0.999919796632], [58,81,0.999979838164], [80,81,0.708622092549], [81,81,2.000000000000], [82,81,0.999987449296], [96,81,-0.006148572891], [97,81,-0.005060057995], [101,81,-0.999950292966], [102,81,-0.999953543040], [57,82,-0.999970699659], [80,82,0.705078120811], [81,82,0.999987449296], [82,82,2.000000000000], [99,82,0.708559861132], [101,82,0.999987696419], [119,82,-0.706962520994], [61,83,0.706894897353], [83,83,2.000000000000], [84,83,0.706738019909], [85,83,0.999995296995], [88,83,0.708641858998], [89,83,0.001173296973], [90,83,-0.709464278225], [91,83,-0.001427881217], [62,84,0.706138304048], [83,84,0.706738019909], [84,84,2.000000000000], [88,84,-0.001651919106], [103,84,0.703101659394], [108,84,-0.704925339448], [109,84,-0.999996068175], [40,85,0.006650255460], [60,85,0.008582323358], [61,85,0.704722284440], [64,85,0.707065042008], [83,85,0.999995296995], [85,85,2.000000000000], [86,85,0.999999826741], [87,85,0.708683645704], [88,85,0.710802446797], [89,85,0.004240207672], [90,85,-0.707299557301], [91,85,0.001639040700], [40,86,0.006061609344], [47,86,-0.003915736071], [60,86,0.007993685569], [64,86,0.706648650883], [65,86,0.706637927253], [69,86,0.000039052527], [73,86,-0.707452182828], [85,86,0.999999826741], [86,86,2.000000000000], [87,86,0.709098836660], [92,86,-0.999996312327], [40,87,-0.700797863630], [60,87,-0.699418256449], [64,87,0.002173489025], [66,87,0.704416979466], [85,87,0.708683645704], [86,87,0.709098836660], [87,87,2.000000000000], [89,87,0.702515084040], [104,87,0.708135251293], [108,87,0.709041968110], [61,88,0.001873685957], [62,88,0.706906484214], [83,88,0.708641858998], [84,88,-0.001651919106], [85,88,0.710802446797], [88,88,2.000000000000], [89,88,0.706399325270], [90,88,-0.005512850150], [91,88,0.704555787902], [103,88,-0.712249841830], [108,88,0.710445025670], [109,88,0.004456125965], [61,89,-0.706488717048], [66,89,0.999996419562], [83,89,0.001173296973], [85,89,0.004240207672], [87,89,0.702515084040], [88,89,0.706399325270], [89,89,2.000000000000], [90,89,0.703908500533], [91,89,0.999996616936], [104,89,-0.005017180256], [108,89,-0.003732202557], [61,90,-0.999993378152], [71,90,0.706584645411], [83,90,-0.709464278225], [85,90,-0.707299557301], [88,90,-0.005512850150], [89,90,0.703908500533], [90,90,2.000000000000], [91,90,0.705753710194], [93,90,-0.003833432327], [61,91,-0.708327242437], [83,91,-0.001427881217], [85,91,0.001639040700], [88,91,0.704555787902], [89,91,0.999996616936], [90,91,0.705753710194], [91,91,2.000000000000], [109,91,0.706501969263], [123,91,-0.000630141010], [124,91,-0.999974484936], [125,91,-0.708334632806], [47,92,0.001199986232], [65,92,-0.708556923492], [69,92,-0.002754808601], [70,92,0.707817884995], [73,92,0.705530182822], [86,92,-0.999996312327], [92,92,2.000000000000], [93,92,0.707288032105], [94,92,0.005448417198], [70,93,0.001262519033], [71,93,0.704914687882], [90,93,-0.003833432327], [92,93,0.707288032105], [93,93,2.000000000000], [94,93,0.710768591366], [70,94,-0.702527989564], [74,94,0.999983641497], [92,94,0.005448417198], [93,94,0.710768591366], [94,94,2.000000000000], [110,94,0.004188481299], [111,94,0.006018233799], [112,94,-0.703053606499], [52,95,0.000291361426], [55,95,-0.001785989224], [76,95,-0.003440423715], [77,95,0.709547257884], [79,95,0.708477907574], [80,95,-0.710695421076], [95,95,2.000000000000], [96,95,0.999999411676], [97,95,-0.999997638458], [98,95,0.707688608830], [99,95,-0.704073689001], [100,95,0.000038572572], [52,96,-0.000793372836], [58,96,0.000201491344], [76,96,-0.004525149408], [79,96,0.707711958093], [81,96,-0.006148572891], [95,96,0.999999411676], [96,96,2.000000000000], [97,96,0.999999407549], [101,96,-0.003822080680], [102,96,-0.003490605316], [55,97,-0.000387276211], [58,97,0.001290023032], [77,97,-0.711076990282], [80,97,0.709164851391], [81,97,-0.005060057995], [95,97,-0.999997638458], [96,97,0.999999407549], [97,97,2.000000000000], [98,97,-0.706151472905], [99,97,0.705615320054], [100,97,0.002134692201], [101,97,-0.004910602294], [102,97,-0.004579128446], [55,98,-0.707787271811], [77,98,0.004280493090], [78,98,0.707346255199], [80,98,-0.999990905320], [95,98,0.707688608830], [97,98,-0.706151472905], [98,98,2.000000000000], [99,98,0.003457118409], [100,98,0.706551771248], [110,98,-0.706442500809], [113,98,0.709026761417], [114,98,0.004526777720], [55,99,-0.708868317966], [77,99,-0.999970064679], [80,99,0.000807776530], [82,99,0.708559861132], [95,99,-0.704073689001], [97,99,0.705615320054], [98,99,0.003457118409], [99,99,2.000000000000], [100,99,0.710099760094], [101,99,0.712051555699], [119,99,-0.001853087635], [55,100,-0.999998473266], [77,100,-0.704630482728], [80,100,-0.703527248265], [95,100,0.000038572572], [97,100,0.002134692201], [98,100,0.706551771248], [99,100,0.710099760094], [100,100,2.000000000000], [114,100,0.704455702387], [116,100,0.999984658410], [119,100,0.705415748065], [58,101,-0.999993445640], [81,101,-0.999950292966], [82,101,0.999987696419], [96,101,-0.003822080680], [97,101,-0.004910602294], [99,101,0.712051555699], [101,101,2.000000000000], [102,101,0.999999945061], [119,101,-0.703445472058], [58,102,-0.999994590846], [81,102,-0.999953543040], [96,102,-0.003490605316], [97,102,-0.004579128446], [101,102,0.999999945061], [102,102,2.000000000000], [117,102,0.706731219757], [62,103,-0.007016816367], [84,103,0.703101659394], [88,103,-0.712249841830], [103,103,2.000000000000], [104,103,0.999999177082], [105,103,-0.005190946680], [106,103,0.703972890196], [107,103,-0.004186447932], [108,103,-0.999996702969], [109,103,-0.705092943879], [66,104,-0.002341217209], [87,104,0.708135251293], [89,104,-0.005017180256], [103,104,0.999999177082], [104,104,2.000000000000], [105,104,-0.003908058735], [106,104,0.704883461582], [107,104,-0.002903554771], [108,104,0.999999174400], [103,105,-0.005190946680], [104,105,-0.003908058735], [105,105,2.000000000000], [106,105,0.706562989290], [107,105,0.999999495480], [120,105,-0.999997968531], [103,106,0.703972890196], [104,106,0.704883461582], [105,106,0.706562989290], [106,106,2.000000000000], [107,106,0.707273474233], [121,106,0.003338385994], [122,106,-0.999996778589], [103,107,-0.004186447932], [104,107,-0.002903554771], [105,107,0.999999495480], [106,107,0.7072734742