{
"N": {
"shape": [192, 163],
"data": [[0,0,-0.999998298002], [1,0,-0.001844991509], [24,0,0.999998298002], [25,0,0.001844991509], [3,1,0.001672455541], [4,1,-0.999998601445], [9,1,-0.001672455541], [10,1,0.999998601445], [3,2,-0.707286773366], [4,2,-0.706926743179], [30,2,0.707286773366], [31,2,0.706926743179], [6,3,0.002024499562], [7,3,-0.999997950699], [9,3,-0.002024499562], [10,3,0.999997950699], [6,4,-0.001381062073], [7,4,-0.999999046333], [12,4,0.001381062073], [13,4,0.999999046333], [6,5,-0.999997555542], [7,5,-0.002211087825], [54,5,0.999997555542], [55,5,0.002211087825], [9,6,-0.708375043803], [10,6,0.705836239730], [30,6,0.708375043803], [31,6,-0.705836239730], [9,7,-0.999978628102], [10,7,0.006537839017], [33,7,0.999978628102], [34,7,-0.006537839017], [9,8,-0.999998846098], [10,8,0.001519145571], [57,8,0.999998846098], [58,8,-0.001519145571], [12,9,-0.001111553003], [13,9,-0.999999382225], [18,9,0.001111553003], [19,9,0.999999382225], [12,10,-0.706322953314], [13,10,0.707889741147], [33,10,0.706322953314], [34,10,-0.707889741147], [12,11,-0.999998867380], [13,11,0.001505070706], [60,11,0.999998867380], [61,11,-0.001505070706], [15,12,0.002520303630], [16,12,-0.999996824030], [18,12,-0.002520303630], [19,12,0.999996824030], [15,13,-0.704460653328], [16,13,0.709743043582], [36,13,0.704460653328], [37,13,-0.709743043582], [15,14,-0.999997866634], [16,14,-0.002065605659], [39,14,0.999997866634], [40,14,0.002065605659], [15,15,-0.704498354855], [16,15,-0.709705620667], [42,15,0.704498354855], [43,15,0.709705620667], [15,16,-0.999999178303], [16,16,0.001281948810], [63,16,0.999999178303], [64,16,-0.001281948810], [18,17,-0.707496072252], [19,17,0.706717275682], [39,17,0.707496072252], [40,17,-0.706717275682], [18,18,-0.999985814308], [19,18,-0.005326460644], [42,18,0.999985814308], [43,18,0.005326460644], [18,19,-0.999998313161], [19,19,-0.001836756466], [66,19,0.999998313161], [67,19,0.001836756466], [27,20,-0.004138987388], [28,20,-0.999991434355], [30,20,0.004138987388], [31,20,0.999991434355], [27,21,-0.004044484252], [28,21,-0.999991821040], [33,21,0.004044484252], [34,21,0.999991821040], [27,22,-0.708645337986], [28,22,0.705564869413], [48,22,0.708645337986], [49,22,-0.705564869413], [27,23,-0.999998334942], [28,23,-0.001824859567], [51,23,0.999998334942], [52,23,0.001824859567], [27,24,-0.708094124824], [28,24,-0.706118056978], [54,24,0.708094124824], [55,24,0.706118056978], [27,25,-0.999997826329], [28,25,-0.002085027077], [75,25,0.999997826329], [76,25,0.002085027077], [30,26,-0.707520626473], [31,26,0.706692693549], [51,26,0.707520626473], [52,26,-0.706692693549], [30,27,-0.999997306663], [31,27,-0.002320919328], [54,27,0.999997306663], [55,27,0.002320919328], [30,28,-0.706934332775], [31,28,-0.707279187552], [57,28,0.706934332775], [58,28,0.707279187552], [33,29,-0.709134491720], [34,29,0.705073239212], [54,29,0.709134491720], [55,29,-0.705073239212], [33,30,-0.999993608424], [34,30,-0.003575347657], [57,30,0.999993608424], [58,30,0.003575347657], [33,31,-0.703532847167], [34,31,-0.710662742064], [60,31,0.703532847167], [61,31,0.710662742064], [33,32,-0.999998787552], [34,32,-0.001557207090], [81,32,0.999998787552], [82,32,0.001557207090], [36,33,-0.001210753833], [37,33,-0.999999267037], [39,33,0.001210753833], [40,33,0.999999267037], [36,34,-0.001318832801], [37,34,-0.999999130340], [42,34,0.001318832801], [43,34,0.999999130340], [36,35,-0.707871007069], [37,35,0.706341728451], [57,35,0.707871007069], [58,35,-0.706341728451], [36,36,-0.999999589661], [37,36,0.000905913111], [60,36,0.999999589661], [61,36,-0.000905913111], [36,37,-0.710362675650], [37,37,-0.703835825348], [63,37,0.710362675650], [64,37,0.703835825348], [36,38,-0.999998741195], [37,38,-0.001586697380], [84,38,0.999998741195], [85,38,0.001586697380], [39,39,-0.001427079287], [40,39,-0.999998981722], [42,39,0.001427079287], [43,39,0.999998981722], [39,40,-0.707158841804], [40,40,0.707054716736], [60,40,0.707158841804], [61,40,-0.707054716736], [39,41,-0.999989463604], [40,41,0.004590498991], [63,41,0.999989463604], [64,41,-0.004590498991], [39,42,-0.709034873537], [40,42,-0.705173417046], [66,42,0.709034873537], [67,42,0.705173417046], [39,43,-0.999999221804], [40,43,-0.001247553942], [87,43,0.999999221804], [88,43,0.001247553942], [42,44,-0.706729496611], [43,44,0.707483864565], [63,44,0.706729496611], [64,44,-0.707483864565], [42,45,-0.707124271033], [43,45,-0.707089290907], [69,45,0.707124271033], [70,45,0.707089290907], [45,46,-0.999994927766], [46,46,-0.003185034210], [69,46,0.999994927766], [70,46,0.003185034210], [45,47,-0.999998758270], [46,47,-0.001575899243], [93,47,0.999998758270], [94,47,0.001575899243], [48,48,-0.002067938527], [49,48,-0.999997861813], [51,48,0.002067938527], [52,48,0.999997861813], [48,49,-0.001858889154], [49,49,-0.999998272264], [54,49,0.001858889154], [55,49,0.999998272264], [48,50,-0.999999551692], [49,50,-0.000946898163], [72,50,0.999999551692], [73,50,0.000946898163], [48,51,-0.706745744528], [49,51,-0.707467633600], [75,51,0.706745744528], [76,51,0.707467633600], [51,52,-0.001650174342], [52,52,-0.999998638461], [54,52,0.001650174342], [55,52,0.999998638461], [51,53,-0.707233874617], [52,53,0.706979664909], [72,53,0.707233874617], [73,53,-0.706979664909], [51,54,-0.999997246768], [52,54,-0.002346584110], [75,54,0.999997246768], [76,54,0.002346584110], [51,55,-0.709815568598], [52,55,-0.704387576960], [78,55,0.709815568598], [79,55,0.704387576960], [51,56,-0.999999228123], [52,56,-0.001242478828], [99,56,0.999999228123], [100,56,0.001242478828], [54,57,-0.707320270034], [55,57,-0.706893227863], [81,57,0.707320270034], [82,57,0.706893227863], [60,58,-0.999991624993], [61,58,-0.004092669435], [84,58,0.999991624993], [85,58,0.004092669435], [63,59,0.001137820658], [64,59,-0.999999352682], [66,59,-0.001137820658], [67,59,0.999999352682], [63,60,-0.000081774364], [64,60,-0.999999996656], [69,60,0.000081774364], [70,60,0.999999996656], [63,61,-0.703787428994], [64,61,-0.710410624068], [90,61,0.703787428994], [91,61,0.710410624068], [66,62,-0.001298553091], [67,62,-0.999999156880], [69,62,0.001298553091], [70,62,0.999999156880], [66,63,-0.707274979773], [67,63,0.706938542581], [87,63,0.707274979773], [88,63,-0.706938542581], [66,64,-0.704820956743], [67,64,-0.709385240145], [93,64,0.704820956743], [94,64,0.709385240145], [66,65,-0.999995450703], [67,65,-0.003016384055], [114,65,0.999995450703], [115,65,0.003016384055], [72,66,-0.001070192687], [73,66,-0.999999427344], [78,66,0.001070192687], [79,66,0.999999427344], [72,67,-0.706022629753], [73,67,-0.708189272918], [99,67,0.706022629753], [100,67,0.708189272918], [72,68,-0.999997574918], [73,68,0.002202307288], [120,68,0.999997574918], [121,68,-0.002202307288], [75,69,-0.002309168131], [76,69,-0.999997333868], [78,69,0.002309168131], [79,69,0.999997333868], [75,70,0.000720769594], [76,70,-0.999999740246], [81,70,-0.000720769594], [82,70,0.999999740246], [75,71,-0.999999990523], [76,71,-0.000137675344], [99,71,0.999999990523], [100,71,0.000137675344], [78,72,-0.708859971244], [79,72,0.705349233478], [99,72,0.708859971244], [100,72,-0.705349233478], [78,73,-0.999987344064], [79,73,-0.005031074568], [102,73,0.999987344064], [103,73,0.005031074568], [78,74,-0.704029694981], [79,74,-0.710170534861], [105,74,0.704029694981], [106,74,0.710170534861], [78,75,-0.999993177260], [79,75,-0.003693972654], [126,75,0.999993177260], [127,75,0.003693972654], [84,76,0.000894678836], [85,76,-0.999999599775], [87,76,-0.000894678836], [88,76,0.999999599775], [84,77,0.000331316402], [85,77,-0.999999945115], [90,77,-0.000331316402], [91,77,0.999999945115], [84,78,-0.707985026247], [85,78,-0.706227443965], [111,78,0.707985026247], [112,78,0.706227443965], [87,79,-0.000233840711], [88,79,-0.999999972659], [90,79,0.000233840711], [91,79,0.999999972659], [87,80,-0.001226147778], [88,80,-0.999999248281], [93,80,0.001226147778], [94,80,0.999999248281], [90,81,-0.708937181459], [91,81,0.705271630470], [111,81,0.708937181459], [112,81,-0.705271630470], [90,82,-0.999991225336], [91,82,-0.004189182545], [114,82,0.999991225336], [115,82,0.004189182545], [90,83,-0.999999893112], [91,83,-0.000462359835], [138,83,0.999999893112], [139,83,0.000462359835], [93,84,-0.709028610252], [94,84,0.705179714572], [114,84,0.709028610252], [115,84,-0.705179714572], [93,85,-0.999999912083], [94,85,0.000419326104], [141,85,0.999999912083], [142,85,-0.000419326104], [96,86,0.000956963533], [97,86,-0.999999542110], [99,86,-0.000956963533], [100,86,0.999999542110], [96,87,0.001465460689], [97,87,-0.999998926212], [102,87,-0.001465460689], [103,87,0.999998926212], [96,88,-0.999970743647], [97,88,0.007649303843], [120,88,0.999970743647], [121,88,-0.007649303843], [96,89,-0.999989361947], [97,89,0.004612590663], [144,89,0.999989361947], [145,89,-0.004612590663], [99,90,-0.704455458439], [100,90,0.709748199769], [120,90,0.704455458439], [121,90,-0.709748199769], [102,91,-0.000183268966], [103,91,-0.999999983206], [105,91,0.000183268966], [106,91,0.999999983206], [102,92,-0.001598495115], [103,92,-0.999998722406], [108,92,0.001598495115], [109,92,0.999998722406], [102,93,-0.707822348896], [103,93,0.706390488613], [123,93,0.707822348896], [124,93,-0.706390488613], [102,94,-0.999997193325], [103,94,-0.002369249342], [126,94,0.999997193325], [127,94,0.002369249342], [102,95,-0.707628816399], [103,95,-0.706584360286], [129,95,0.707628816399], [130,95,0.706584360286], [102,96,-0.999999842470], [103,96,-0.000561302750], [150,96,0.999999842470], [151,96,0.000561302750], [105,97,-0.003004945631], [106,97,-0.999995485141], [108,97,0.003004945631], [109,97,0.999995485141], [105,98,0.000668616062], [106,98,-0.999999776476], [111,98,-0.000668616062], [112,98,0.999999776476], [105,99,-0.709805924463], [106,99,0.704397295280], [126,99,0.709805924463], [127,99,-0.704397295280], [105,100,-0.708152689601], [106,100,-0.706059323436], [132,100,0.708152689601], [133,100,0.706059323436], [105,101,-0.999999688983], [106,101,-0.000788691025], [153,101,0.999999688983], [154,101,0.000788691025], [108,102,0.004363667175], [109,102,-0.999990479159], [111,102,-0.004363667175], [112,102,0.999990479159], [108,103,-0.702774489449], [109,103,0.711412691045], [129,103,0.702774489449], [130,103,-0.711412691045], [108,104,-0.999994415331], [109,104,0.003342051410], [132,104,0.999994415331], [133,104,-0.003342051410], [108,105,-0.708139153624], [109,105,-0.706072899285], [135,105,0.708139153624], [136,105,0.706072899285], [108,106,-0.999998896280], [109,106,0.001485745287], [156,106,0.999998896280], [157,106,-0.001485745287], [111,107,-0.708326399023], [112,107,0.705885056116], [132,107,0.708326399023], [133,107,-0.705885056116], [111,108,-0.999985723469], [112,108,0.005343487425], [135,108,0.999985723469], [136,108,-0.005343487425], [111,109,-0.707332802737], [112,109,-0.706880687367], [138,109,0.707332802737], [139,109,0.706880687367], [111,110,-0.999991911075], [112,110,0.004022161620], [159,110,0.999991911075], [160,110,-0.004022161620], [114,111,-0.000218306871], [115,111,-0.999999976171], [117,111,0.000218306871], [118,111,0.999999976171], [114,112,-0.999994542485], [115,112,0.003303785727], [138,112,0.999994542485], [139,112,-0.003303785727], [114,113,-0.707368787945], [115,113,-0.706844677310], [141,113,0.707368787945], [142,113,0.706844677310], [117,114,-0.705991083078], [118,114,0.708220721678], [138,114,0.705991083078], [139,114,-0.708220721678], [117,115,-0.999997216364], [118,115,-0.002359505194], [141,115,0.999997216364], [142,115,0.002359505194], [117,116,-0.999998039322], [118,116,-0.001980240193], [165,116,0.999998039322], [166,116,0.001980240193], [120,117,-0.707291600543], [121,117,-0.706921913511], [147,117,0.707291600543], [148,117,0.706921913511], [123,118,-0.004164875399], [124,118,-0.999991326869], [126,118,0.004164875399], [127,118,0.999991326869], [123,119,0.000978414951], [124,119,-0.999999521352], [129,119,-0.000978414951], [130,119,0.999999521352], [123,120,-0.999997315030], [124,120,0.002317311654], [147,120,0.999997315030], [148,120,-0.002317311654], [123,121,-0.706273937816], [124,121,-0.707938644772], [150,121,0.706273937816], [151,121,0.707938644772], [123,122,-0.999997833137], [124,122,0.002081759010], [171,122,0.999997833137], [172,122,-0.002081759010], [126,123,0.006153493494], [127,123,-0.999981067080], [129,123,-0.006153493494], [130,123,0.999981067080], [126,124,-0.000288299347], [127,124,-0.999999958442], [132,124,0.000288299347], [133,124,0.999999958442], [126,125,-0.706249435618], [127,125,0.707963088508], [147,125,0.706249435618], [148,125,-0.707963088508], [126,126,-0.999999196405], [127,126,0.001267749655], [150,126,0.999999196405], [151,126,-0.001267749655], [126,127,-0.708108067654], [127,127,-0.706104074853], [153,127,0.708108067654], [154,127,0.706104074853], [129,128,-0.006668894305], [130,128,-0.999977762677], [132,128,0.006668894305], [133,128,0.999977762677], [129,129,-0.000898922281], [130,129,-0.999999595969], [135,129,0.000898922281], [136,129,0.999999595969], [129,130,-0.708256630345], [130,130,0.705955059173], [150,130,0.708256630345], [151,130,-0.705955059173], [129,131,-0.999993182251], [130,131,-0.003692621263], [153,131,0.999993182251], [154,131,0.003692621263], [129,132,-0.706394813317], [130,132,-0.707818032914], [156,132,0.706394813317], [157,132,0.707818032914], [129,133,-0.999999175881], [130,133,-0.001283836785], [177,133,0.999999175881], [178,133,0.001283836785], [132,134,0.003598852052], [133,134,-0.999993524111], [138,134,-0.003598852052], [139,134,0.999993524111], [132,135,-0.707163962380], [133,135,0.707049595369], [153,135,0.707163962380], [154,135,-0.707049595369], [132,136,-0.999999927024], [133,136,-0.000382036990], [156,136,0.999999927024], [157,136,0.000382036990], [135,137,0.002296367632], [136,137,-0.999997363344], [138,137,-0.002296367632], [139,137,0.999997363344], [135,138,-0.708375494576], [136,138,0.705835787336], [156,138,0.708375494576], [157,138,-0.705835787336], [135,139,-0.999996355127], [136,139,0.002699950674], [159,139,0.999996355127], [160,139,-0.002699950674], [135,140,-0.705981616804], [136,140,-0.708230158024], [162,140,0.705981616804], [163,140,0.708230158024], [135,141,-0.999997283134], [136,141,-0.002331035212], [183,141,0.999997283134], [184,141,0.002331035212], [144,142,-0.000616310558], [145,142,-0.999999810081], [147,142,0.000616310558], [148,142,0.999999810081], [144,143,-0.706207992839], [145,143,-0.708004428553], [171,143,0.706207992839], [172,143,0.708004428553], [150,144,-0.008170805790], [151,144,-0.999966618409], [153,144,0.008170805790], [154,144,0.999966618409], [150,145,-0.708513516815], [151,145,0.705697241379], [171,145,0.708513516815], [172,145,-0.705697241379], [150,146,-0.709006676756], [151,146,-0.705201767096], [177,146,0.709006676756], [178,146,0.705201767096], [153,147,-0.999999335190], [154,147,0.001153091204], [177,147,0.999999335190], [178,147,-0.001153091204], [156,148,-0.000060764151], [157,148,-0.999999998154], [159,148,0.000060764151], [160,148,0.999999998154], [156,149,0.000816018982], [157,149,-0.999999667056], [162,149,-0.000816018982], [163,149,0.999999667056], [159,150,0.001683602516], [160,150,-0.999998582740], [162,150,-0.001683602516], [163,150,0.999998582740], [159,151,-0.708061035261], [160,151,0.706151237587], [180,151,0.708061035261], [181,151,-0.706151237587], [159,152,-0.999972883233], [160,152,-0.007364292135], [183,152,0.999972883233], [184,152,0.007364292135], [159,153,-0.706786335651], [160,153,-0.707427081569], [186,153,0.706786335651], [187,153,0.707427081569], [162,154,-0.708653850567], [163,154,0.705556319564], [183,154,0.708653850567], [184,154,-0.705556319564], [162,155,-0.999995744816], [163,155,0.002917250318], [186,155,0.999995744816], [187,155,-0.002917250318], [165,156,-0.706182698643], [166,156,0.708029657668], [186,156,0.706182698643], [187,156,-0.708029657668], [168,157,-0.003167226426], [169,157,-0.999994984326], [171,157,0.003167226426], [172,157,0.999994984326], [171,158,0.001570009512], [172,158,-0.999998767534], [174,158,-0.001570009512], [175,158,0.999998767534], [171,159,0.001930630025], [172,159,-0.999998136332], [177,159,-0.001930630025], [178,159,0.999998136332], [174,160,0.002293659086], [175,160,-0.999997369561], [177,160,-0.002293659086], [178,160,0.999997369561], [174,161,0.002229330962], [175,161,-0.999997515039], [180,161,-0.002229330962], [181,161,0.999997515039], [186,162,0.001878296462], [187,162,-0.999998236000], [189,162,-0.001878296462], [190,162,0.999998236000], ]
},
"Q": {
"shape": [163, 163],
"data": [[0,0,2.000000000000], [1,1,2.000000000000], [2,1,0.705742848820], [3,1,0.999999938032], [6,1,0.707019978347], [7,1,0.008210249671], [8,1,0.003191597058], [1,2,0.705742848820], [2,2,2.000000000000], [6,2,0.002049784895], [20,2,0.709848138930], [26,2,-0.000840016710], [27,2,-0.708925588347], [28,2,-0.999999875784], [1,3,0.999999938032], [3,3,2.000000000000], [4,3,0.999994201074], [5,3,0.000186588681], [6,3,0.707268898225], [7,3,0.008562281913], [8,3,0.003543639684], [3,4,0.999994201074], [4,4,2.000000000000], [5,4,0.003592144413], [9,4,-0.999999963682], [10,4,0.706913590214], [11,4,0.000124008762], [3,5,0.000186588681], [4,5,0.003592144413], [5,5,2.000000000000], [24,5,0.709653682956], [27,5,0.999999993968], [29,5,0.707573779416], [49,5,0.004069968615], [52,5,0.003861255123], [57,5,-0.708881544029], [1,6,0.707019978347], [2,6,0.002049784895], [3,6,0.707268898225], [6,6,2.000000000000], [7,6,0.712974548192], [8,6,0.709446494405], [20,6,-0.702898238415], [26,6,-0.999999268229], [27,6,-0.706734946939], [28,6,-0.001551356765], [1,7,0.008210249671], [3,7,0.008562281913], [6,7,0.712974548192], [7,7,2.000000000000], [8,7,0.999987406154], [10,7,0.710935927021], [21,7,-0.002493387730], [29,7,-0.713728991503], [30,7,-0.999948861615], [31,7,-0.698871612732], [32,7,-0.999967234911], [1,8,0.003191597058], [3,8,0.003543639684], [6,8,0.709446494405], [7,8,0.999987406154], [8,8,2.000000000000], [28,8,0.705859056996], [30,8,0.999987023056], [35,8,0.708943226164], [4,9,-0.999999963682], [9,9,2.000000000000], [10,9,-0.707104188431], [11,9,-0.000393518031], [12,9,0.999993404805], [17,9,0.705930419706], [18,9,-0.006437994588], [19,9,-0.002948306459], [4,10,0.706913590214], [7,10,0.710935927021], [9,10,-0.707104188431], [10,10,2.000000000000], [11,10,0.707387577431], [21,10,-0.705027239284], [29,10,-0.999992081284], [30,10,-0.703787486870], [31,10,0.006149466158], [32,10,-0.705219766011], [4,11,0.000124008762], [9,11,-0.000393518031], [10,11,0.707387577431], [11,11,2.000000000000], [31,11,0.702462452657], [36,11,0.999999820505], [40,11,0.708222208203], [58,11,-0.999984332626], [9,12,0.999993404805], [12,12,2.000000000000], [13,12,-0.711516244201], [14,12,-0.000454699155], [15,12,0.707927816902], [16,12,-0.003802246298], [17,12,0.708498136088], [18,12,-0.002806175849], [19,12,0.000683548746], [12,13,-0.711516244201], [13,13,2.000000000000], [14,13,0.702993101209], [15,13,-0.007417255930], [16,13,0.705369928725], [33,13,0.708889594930], [34,13,0.708813360530], [35,13,-0.999988400271], [36,13,-0.705103329788], [37,13,-0.000879973723], [38,13,-0.703333619121], [12,14,-0.000454699155], [13,14,0.702993101209], [14,14,2.000000000000], [15,14,0.705962823849], [16,14,0.999994396939], [17,14,0.706034763700], [33,14,0.003276355395], [39,14,-0.003492679797], [40,14,-0.705696836951], [41,14,-0.999977848100], [42,14,-0.710489971107], [43,14,-0.999999665395], [12,15,0.707927816902], [13,15,-0.007417255930], [14,15,0.705962823849], [15,15,2.000000000000], [16,15,0.703587969695], [18,15,0.708268580115], [34,15,0.710634119003], [39,15,0.710710272999], [44,15,0.004215507523], [45,15,-0.999993129691], [12,16,-0.003802246298], [13,16,0.705369928725], [14,16,0.999994396939], [15,16,0.703587969695], [16,16,2.000000000000], [37,16,0.709459810448], [41,16,0.999994526701], [44,16,0.707635873992], [59,16,0.002419767704], [60,16,0.001200174509], [61,16,-0.702876140640], [9,17,0.705930419706], [12,17,0.708498136088], [14,17,0.706034763700], [17,17,2.000000000000], [18,17,0.703721734175], [19,17,0.706196811295], [33,17,-0.705860154103], [39,17,0.705706903058], [40,17,-0.999999886205], [41,17,-0.710732802734], [42,17,-0.003281151939], [43,17,-0.706613853758], [9,18,-0.006437994588], [12,18,-0.002806175849], [15,18,0.708268580115], [17,18,0.703721734175], [18,18,2.000000000000], [19,18,0.999993910904], [34,18,0.006645270104], [39,18,0.006753514262], [44,18,-0.702951086203], [45,18,-0.710880523266], [9,19,-0.002948306459], [12,19,0.000683548746], [17,19,0.706196811295], [18,19,0.999993910904], [19,19,2.000000000000], [42,19,0.710328909343], [59,19,0.000698936538], [62,19,-0.003135305818], [63,19,-0.705975312775], [64,19,-0.706122735750], [65,19,-0.999999304235], [2,20,0.709848138930], [6,20,-0.702898238415], [20,20,2.000000000000], [21,20,0.999999995535], [22,20,-0.702625751679], [23,20,0.005963824432], [24,20,0.709042801273], [25,20,0.006223987608], [26,20,0.703758221320], [27,20,-0.006459875689], [28,20,-0.710199121537], [7,21,-0.002493387730], [10,21,-0.705027239284], [20,21,0.999999995535], [21,21,2.000000000000], [22,21,-0.702692993717], [23,21,0.005869322159], [24,21,0.708976157203], [25,21,0.006129485484], [29,21,0.702199389162], [30,21,-0.007619776815], [31,21,-0.713502357102], [32,21,-0.005601673701], [20,22,-0.702625751679], [21,22,-0.702692993717], [22,22,2.000000000000], [23,22,0.707356601249], [24,22,0.003575505750], [25,22,0.707172675767], [48,22,0.704097925787], [49,22,0.704246357251], [50,22,-0.707976922216], [51,22,-0.001667768487], [20,23,0.005963824432], [21,23,0.005869322159], [22,23,0.707356601249], [23,23,2.000000000000], [24,23,0.709381512098], [25,23,0.999999966156], [26,23,0.706229833488], [48,23,0.003892790748], [52,23,-0.003475028676], [53,23,-0.705942558427], [54,23,-0.999999863901], [55,23,-0.711099795123], [56,23,-0.999999830416], [5,24,0.709653682956], [20,24,0.709042801273], [21,24,0.708976157203], [22,24,0.003575505750], [23,24,0.709381512098], [24,24,2.000000000000], [25,24,0.709564860928], [27,24,0.709731060734], [29,24,0.004269021597], [49,24,0.707433105481], [52,24,0.707285574327], [57,24,-0.999999400129], [20,25,0.006223987608], [21,25,0.006129485484], [22,25,0.707172675767], [23,25,0.999999966156], [24,25,0.709564860928], [25,25,2.000000000000], [51,25,0.708219297467], [54,25,0.999999965794], [69,25,-0.004394184630], [70,25,-0.001364258508], [71,25,-0.999998103908], [2,26,-0.000840016710], [6,26,-0.999999268229], [20,26,0.703758221320], [23,26,0.706229833488], [26,26,2.000000000000], [27,26,0.705878544150], [28,26,0.000341587858], [48,26,-0.705228073346], [52,26,0.705524198975], [53,26,-0.999999917710], [54,26,-0.705860364659], [55,26,-0.004423601711], [56,26,-0.706642029645], [2,27,-0.708925588347], [5,27,0.999999993968], [6,27,-0.706734946939], [20,27,-0.006459875689], [24,27,0.709731060734], [26,27,0.705878544150], [27,27,2.000000000000], [28,27,0.708573966700], [29,27,0.707496163673], [49,27,0.004179799466], [52,27,0.003971086066], [57,27,-0.708959007138], [2,28,-0.999999875784], [6,28,-0.001551356765], [8,28,0.705859056996], [20,28,-0.710199121537], [26,28,0.000341587858], [27,28,0.708573966700], [28,28,2.000000000000], [30,28,0.709458583337], [35,28,0.000837514240], [5,29,0.707573779416], [7,29,-0.713728991503], [10,29,-0.999992081284], [21,29,0.702199389162], [24,29,0.004269021597], [27,29,0.707496163673], [29,29,2.000000000000], [30,29,0.706609077279], [31,29,-0.002169873550], [32,29,0.708035686885], [49,29,-0.703753818616], [52,29,-0.703902083685], [57,29,-0.003173702227], [7,30,-0.999948861615], [8,30,0.999987023056], [10,30,-0.703787486870], [21,30,-0.007619776815], [28,30,0.709458583337], [29,30,0.706609077279], [30,30,2.000000000000], [31,30,0.706069216853], [32,30,0.999997963541], [35,30,0.705341065414], [7,31,-0.698871612732], [10,31,0.006149466158], [11,31,0.702462452657], [21,31,-0.713502357102], [29,31,-0.002169873550], [30,31,0.706069216853], [31,31,2.000000000000], [32,31,0.704638643230], [36,31,0.702888759784], [40,31,-0.004967970411], [58,31,-0.706435462758], [7,32,-0.999967234911], [10,32,-0.705219766011], [21,32,-0.005601673701], [29,32,0.708035686885], [30,32,0.999997963541], [31,32,0.704638643230], [32,32,2.000000000000], [57,32,0.708420191591], [70,32,0.000836437965], [13,33,0.708889594930], [14,33,0.003276355395], [17,33,-0.705860154103], [33,33,2.000000000000], [34,33,0.999999994159], [35,33,-0.705484153194], [36,33,0.000304840889], [37,33,0.704695383795], [38,33,0.002797448526], [39,33,-0.999999976602], [40,33,0.706198003213], [41,33,0.003379754550], [42,33,-0.706031366871], [43,33,-0.002458305919], [13,34,0.708813360530], [15,34,0.710634119003], [18,34,0.006645270104], [33,34,0.999999994159], [34,34,2.000000000000], [35,34,-0.705407550671], [36,34,0.000412919936], [37,34,0.704772062847], [38,34,0.002905527141], [39,34,0.999999994141], [44,34,0.706551191253], [45,34,-0.708021254663], [8,35,0.708943226164], [13,35,-0.999988400271], [28,35,0.000837514240], [30,35,0.705341065414], [33,35,-0.705484153194], [34,35,-0.705407550671], [35,35,2.000000000000], [36,35,0.708510600834], [37,35,0.005696529174], [38,35,0.706749365427], [11,36,0.999999820505], [13,36,-0.705103329788], [31,36,0.702888759784], [33,36,0.000304840889], [34,36,0.000412919936], [35,36,0.708510600834], [36,36,2.000000000000], [37,36,0.709724770058], [38,36,0.999996893446], [40,36,0.707799081767], [58,36,-0.999987507055], [13,37,-0.000879973723], [16,37,0.709459810448], [33,37,0.704695383795], [34,37,0.704772062847], [35,37,0.005696529174], [36,37,0.709724770058], [37,37,2.000000000000], [38,37,0.711478555902], [41,37,0.707124233341], [44,37,0.004081766436], [59,37,-0.703027104415], [60,37,-0.703893912451], [61,37,-0.999956769077], [13,38,-0.703333619121], [33,38,0.002797448526], [34,38,0.002905527141], [35,38,0.706749365427], [36,38,0.999996893446], [37,38,0.711478555902], [38,38,2.000000000000], [58,38,0.999996860027], [76,38,-0.000692019035], [77,38,-0.001255381308], [78,38,-0.709104704267], [14,39,-0.003492679797], [15,39,0.710710272999], [17,39,0.705706903058], [18,39,0.006753514262], [33,39,-0.999999976602], [34,39,0.999999994141], [39,39,2.000000000000], [40,39,-0.706044825022], [41,39,-0.003163430066], [42,39,0.706184547965], [43,39,0.002674630848], [44,39,0.706474585124], [45,39,-0.708097693294], [11,40,0.708222208203], [14,40,-0.705696836951], [17,40,-0.999999886205], [31,40,-0.004967970411], [33,40,0.706198003213], [36,40,0.707799081767], [39,40,-0.706044825022], [40,40,2.000000000000], [41,40,0.710397124862], [42,40,0.002804089330], [43,40,0.706276202596], [58,40,-0.704259178115], [14,41,-0.999977848100], [16,41,0.999994526701], [17,41,-0.710732802734], [33,41,0.003379754550], [37,41,0.707124233341], [39,41,-0.003163430066], [40,41,0.710397124862], [41,41,2.000000000000], [42,41,0.705790305006], [43,41,0.999982958521], [44,41,0.709969754195], [59,41,0.005728304689], [60,41,0.004508725473], [61,41,-0.700518874359], [14,42,-0.710489971107], [17,42,-0.003281151939], [19,42,0.710328909343], [33,42,-0.706031366871], [39,42,0.706184547965], [40,42,0.002804089330], [41,42,0.705790305006], [42,42,2.000000000000], [43,42,0.709914063646], [59,42,0.704366206048], [62,42,-0.706093541926], [63,42,-0.002968358126], [64,42,-0.999982251726], [65,42,-0.711158721779], [14,43,-0.999999665395], [17,43,-0.706613853758], [33,43,-0.002458305919], [39,43,0.002674630848], [40,43,0.706276202596], [41,43,0.999982958521], [42,43,0.709914063646], [43,43,2.000000000000], [63,43,0.706392485409], [76,43,0.000352875303], [79,43,-0.001481394437], [80,43,-0.002473699828], [15,44,0.004215507523], [16,44,0.707635873992], [18,44,-0.702951086203], [34,44,0.706551191253], [37,44,0.004081766436], [39,44,0.706474585124], [41,44,0.709969754195], [44,44,2.000000000000], [45,44,-0.000508684015], [59,44,0.708287538019], [60,44,0.707426069845], [61,44,0.005216718330], [15,45,-0.999993129691], [18,45,-0.710880523266], [34,45,-0.708021254663], [39,45,-0.708097693294], [44,45,-0.000508684015], [45,45,2.000000000000], [46,45,0.709372787914], [60,45,0.707147113181], [62,45,0.708006933154], [45,46,0.709372787914], [46,46,2.000000000000], [47,46,0.999998705335], [60,46,0.003266808148], [62,46,0.004483578028], [46,47,0.999998705335], [47,47,2.000000000000], [64,47,0.705938001208], [80,47,0.002802044313], [84,47,-0.707916437651], [85,47,-0.999998009537], [22,48,0.704097925787], [23,48,0.003892790748], [26,48,-0.705228073346], [48,48,2.000000000000], [49,48,0.999999978149], [50,48,0.003014833738], [51,48,0.708927627655], [52,48,-0.999999912736], [53,48,0.705515637077], [54,48,-0.004414511926], [55,48,-0.705853925809], [56,48,-0.003310413101], [5,49,0.004069968615], [22,49,0.704246357251], [24,49,0.707433105481], [27,49,0.004179799466], [29,49,-0.703753818616], [48,49,0.999999978149], [49,49,2.000000000000], [50,49,0.002805784847], [51,49,0.708780173281], [52,49,0.999999978219], [57,49,-0.708206836517], [22,50,-0.707976922216], [48,50,0.003014833738], [49,50,0.002805784847], [50,50,2.000000000000], [51,50,0.707415327491], [53,50,0.706564119812], [66,50,-0.002017089827], [67,50,-0.706692896359], [68,50,-0.999995041251], [22,51,-0.001667768487], [25,51,0.708219297467], [48,51,0.708927627655], [49,51,0.708780173281], [50,51,0.707415327491], [51,51,2.000000000000], [54,51,0.708403931001], [69,51,-0.709097742147], [70,51,-0.706958048988], [71,51,-0.706843138680], [5,52,0.003861255123], [23,52,-0.003475028676], [24,52,0.707285574327], [26,52,0.705524198975], [27,52,0.003971086066], [29,52,-0.703902083685], [48,52,-0.999999912736], [49,52,0.999999978219], [52,52,2.000000000000], [53,52,-0.705811643135], [54,52,0.003996750714], [55,52,0.705557937348], [56,52,0.002892650204], [57,52,-0.708059467162], [23,53,-0.705942558427], [26,53,-0.999999917710], [48,53,0.705515637077], [50,53,0.706564119812], [52,53,-0.705811643135], [53,53,2.000000000000], [54,53,0.705572940190], [55,53,0.004017921718], [56,53,0.706354921454], [66,53,0.706222383532], [67,53,0.001352294852], [68,53,-0.708789145985], [23,54,-0.999999863901], [25,54,0.999999965794], [26,54,-0.705860364659], [48,54,-0.004414511926], [51,54,0.708403931001], [52,54,0.003996750714], [53,54,0.705572940190], [54,54,2.000000000000], [55,54,0.711466519007], [56,54,0.999999390474], [69,54,-0.004655739627], [70,54,-0.001625815891], [71,54,-0.999997560357], [23,55,-0.711099795123], [26,55,-0.004423601711], [48,55,-0.705853925809], [52,55,0.705557937348], [53,55,0.004017921718], [54,55,0.711466519007], [55,55,2.000000000000], [56,55,0.710690207359], [66,55,0.705146813018], [69,55,0.706024782460], [72,55,-0.006320606065], [73,55,-0.713350411642], [74,55,-0.999966540532], [75,55,-0.712412714158], [23,56,-0.999999830416], [26,56,-0.706642029645], [48,56,-0.003310413101], [52,56,0.002892650204], [53,56,0.706354921454], [54,56,0.999999390474], [55,56,0.710690207359], [56,56,2.000000000000], [67,56,0.706901994968], [71,56,0.999999389704], [72,56,0.707983042603], [86,56,0.000285515464], [90,56,-0.703573067575], [5,57,-0.708881544029], [24,57,-0.999999400129], [27,57,-0.708959007138], [29,57,-0.003173702227], [32,57,0.708420191591], [49,57,-0.708206836517], [52,57,-0.708059467162], [57,57,2.000000000000], [70,57,0.706383229301], [11,58,-0.999984332626], [31,58,-0.706435462758], [36,58,-0.999987507055], [38,58,0.999996860027], [40,58,-0.704259178115], [58,58,2.000000000000], [76,58,-0.003197996454], [77,58,-0.003761355583], [78,58,-0.710869452342], [16,59,0.002419767704], [19,59,0.000698936538], [37,59,-0.703027104415], [41,59,0.005728304689], [42,59,0.704366206048], [44,59,0.708287538019], [59,59,2.000000000000], [60,59,0.999999256294], [61,59,0.709609380331], [62,59,-0.999997032041], [63,59,0.707742837050], [64,59,-0.708582821103], [65,59,-0.001878566621], [16,60,0.001200174509], [37,60,-0.703893912451], [41,60,0.004508725473], [44,60,0.707426069845], [45,60,0.707147113181], [46,60,0.003266808148], [59,60,0.999999256294], [60,60,2.000000000000], [61,60,0.710468173463], [62,60,0.999999259724], [16,61,-0.702876140640], [37,61,-0.999956769077], [41,61,-0.700518874359], [44,61,0.005216718330], [59,61,0.709609380331], [60,61,0.710468173463], [61,61,2.000000000000], [77,61,0.710177408759], [79,61,0.710575178798], [81,61,0.002091382882], [82,61,-0.706757293282], [83,61,-0.704115819107], [19,62,-0.003135305818], [42,62,-0.706093541926], [45,62,0.708006933154], [46,62,0.004483578028], [59,62,-0.999997032041], [60,62,0.999999259724], [62,62,2.000000000000], [63,62,-0.706019512436], [64,62,0.710299889480], [65,62,0.004314928696], [19,63,-0.705975312775], [42,63,-0.002968358126], [43,63,0.706392485409], [59,63,0.707742837050], [62,63,-0.706019512436], [63,63,2.000000000000], [64,63,-0.002989539873], [65,63,0.705139364021], [76,63,-0.707571043603], [79,63,0.706773133569], [80,63,0.706070787517], [19,64,-0.706122735750], [42,64,-0.999982251726], [47,64,0.705938001208], [59,64,-0.708582821103], [62,64,0.710299889480], [63,64,-0.002989539873], [64,64,2.000000000000], [65,64,0.706957528631], [80,64,0.710248921536], [84,64,0.000505857732], [85,64,-0.704523431028], [19,65,-0.999999304235], [42,65,-0.711158721779], [59,65,-0.001878566621], [62,65,0.004314928696], [63,65,0.705139364021], [64,65,0.706957528631], [65,65,2.000000000000], [82,65,0.999999312263], [84,65,0.706898291823], [111,65,-0.003234689861], [112,65,-0.999980027727], [113,65,-0.709497684929], [50,66,-0.002017089827], [53,66,0.706222383532], [55,66,0.705146813018], [66,66,2.000000000000], [67,66,0.708944447624], [68,66,-0.001132115935], [69,66,0.999999232468], [72,66,0.704590212798], [73,66,-0.006101250829], [74,66,-0.710923575609], [75,66,-0.004764155924], [50,67,-0.706692896359], [53,67,0.001352294852], [56,67,0.706901994968], [66,67,0.708944447624], [67,67,2.000000000000], [68,67,0.704461267194], [71,67,0.706120123264], [72,67,0.000950420215], [86,67,0.707513310735], [90,67,0.005274566238], [50,68,-0.999995041251], [53,68,-0.708789145985], [66,68,-0.001132115935], [67,68,0.704461267194], [68,68,2.000000000000], [88,68,0.999985164754], [90,68,0.706016833710], [117,68,-0.705733026021], [25,69,-0.004394184630], [51,69,-0.709097742147], [54,69,-0.004655739627], [55,69,0.706024782460], [66,69,0.999999232468], [69,69,2.000000000000], [70,69,0.999995409736], [71,69,0.002446843086], [72,69,0.703710476068], [73,69,-0.007340200061], [74,69,-0.711794364388], [75,69,-0.006003115182], [25,70,-0.001364258508], [32,70,0.000836437965], [51,70,-0.706958048988], [54,70,-0.001625815891], [57,70,0.706383229301], [69,70,0.999995409736], [70,70,2.000000000000], [71,70,-0.000583094279], [25,71,-0.999998103908], [51,71,-0.706843138680], [54,71,-0.999997560357], [56,71,0.999999389704], [67,71,0.706120123264], [69,71,0.002446843086], [70,71,-0.000583094279], [71,71,2.000000000000], [72,71,0.708762855328], [86,71,-0.000819288243], [90,71,-0.704357736935], [55,72,-0.006320606065], [56,72,0.707983042603], [66,72,0.704590212798], [67,72,0.000950420215], [69,72,0.703710476068], [71,72,0.708762855328], [72,72,2.000000000000], [73,72,0.705302335368], [74,72,-0.001859773064], [75,72,0.706249594096], [86,72,-0.706027263649], [90,72,-0.999980624681], [55,73,-0.713350411642], [66,73,-0.006101250829], [69,73,-0.007340200061], [72,73,0.705302335368], [73,73,2.000000000000], [74,73,0.707593705743], [75,73,0.999999106062], [87,73,0.003565627023], [91,73,-0.005214341130], [92,73,-0.006629543025], [93,73,-0.704259487520], [94,73,-0.999996457295], [95,73,-0.711174739299], [96,73,-0.999990010492], [55,74,-0.999966540532], [66,74,-0.710923575609], [69,74,-0.711794364388], [72,74,-0.001859773064], [73,74,0.707593705743], [74,74,2.000000000000], [75,74,0.706648242105], [91,74,0.710299549729], [97,74,-0.712282899498], [98,74,-0.709699650560], [99,74,0.000517755448], [100,74,-0.999983049428], [101,74,-0.704589581142], [55,75,-0.712412714158], [66,75,-0.004764155924], [69,75,-0.006003115182], [72,75,0.706249594096], [73,75,0.999999106062], [74,75,0.706648242105], [75,75,2.000000000000], [94,75,0.999999122546], [99,75,0.707199057295], [118,75,0.007858787599], [123,75,0.002459548794], [124,75,-0.003982269880], [125,75,-0.703629420772], [126,75,-0.999987690638], [127,75,-0.710711565560], [38,76,-0.000692019035], [43,76,0.000352875303], [58,76,-0.003197996454], [63,76,-0.707571043603], [76,76,2.000000000000], [77,76,0.999999841311], [78,76,0.705593742096], [79,76,-0.999999363222], [80,76,-0.999997751047], [38,77,-0.001255381308], [58,77,-0.003761355583], [61,77,0.710177408759], [76,77,0.999999841311], [77,77,2.000000000000], [78,77,0.705992838152], [79,77,0.999999840299], [81,77,0.705506474277], [82,77,-0.003857868820], [83,77,-0.000131043443], [38,78,-0.709104704267], [58,78,-0.710869452342], [76,78,0.705593742096], [77,78,0.705992838152], [78,78,2.000000000000], [81,78,0.003834728135], [98,78,0.705753915947], [102,78,0.703131309067], [107,78,-0.002969085290], [108,78,-0.704201201211], [109,78,-0.999999573939], [110,78,-0.705138738490], [43,79,-0.001481394437], [61,79,0.710575178798], [63,79,0.706773133569], [76,79,-0.999999363222], [77,79,0.999999840299], [79,79,2.000000000000], [80,79,0.999999507663], [81,79,0.705105832813], [82,79,-0.004423021089], [83,79,-0.000696200508], [43,80,-0.002473699828], [47,80,0.002802044313], [63,80,0.706070787517], [64,80,0.710248921536], [76,80,-0.999997751047], [79,80,0.999999507663], [80,80,2.000000000000], [84,80,0.704309810620], [85,80,-0.000806821881], [61,81,0.002091382882], [77,81,0.705506474277], [78,81,0.003834728135], [79,81,0.705105832813], [81,81,2.000000000000], [82,81,0.705976449170], [83,81,0.708611016407], [98,81,-0.705745479611], [102,81,-0.708358481598], [107,81,-0.999999625327], [108,81,-0.712695670384], [109,81,-0.002911628599], [110,81,-0.711768163403], [61,82,-0.706757293282], [65,82,0.999999312263], [77,82,-0.003857868820], [79,82,-0.004423021089], [81,82,0.705976449170], [82,82,2.000000000000], [83,82,0.999993055359], [84,82,0.706068262213], [111,82,-0.004407487400], [112,82,-0.999971927708], [113,82,-0.710323682406], [61,83,-0.704115819107], [77,83,-0.000131043443], [79,83,-0.000696200508], [81,83,0.708611016407], [82,83,0.999993055359], [83,83,2.000000000000], [109,83,0.707659560369], [112,83,0.999992908059], [114,83,0.705663554800], [134,83,-0.003136494827], [137,83,-0.001834008770], [47,84,-0.707916437651], [64,84,0.000505857732], [65,84,0.706898291823], [80,84,0.704309810620], [82,84,0.706068262213], [84,84,2.000000000000], [85,84,0.709324248178], [111,84,0.705024911952], [112,84,-0.711354503394], [113,84,-0.003092180859], [47,85,-0.999998009537], [64,85,-0.704523431028], [80,85,-0.000806821881], [84,85,0.709324248178], [85,85,2.000000000000], [113,85,0.707072327330], [115,85,0.999996139045], [56,86,0.000285515464], [67,86,0.707513310735], [71,86,-0.000819288243], [72,86,-0.706027263649], [86,86,2.000000000000], [87,86,0.999999870715], [88,86,-0.008606235876], [89,86,-0.005569541904], [90,86,0.710422012967], [73,87,0.003565627023], [86,87,0.999999870715], [87,87,2.000000000000], [88,87,-0.009114713444], [89,87,-0.006078030810], [91,87,-0.999998640845], [92,87,-0.999995306087], [93,87,0.707427015927], [94,87,-0.000903790221], [95,87,-0.705546599351], [96,87,0.000904158311], [68,88,0.999985164754], [86,88,-0.008606235876], [87,88,-0.009114713444], [88,88,2.000000000000], [89,88,0.999995389013], [90,88,0.709863928274], [117,88,-0.701863447261], [86,89,-0.005569541904], [87,89,-0.006078030810], [88,89,0.999995389013], [89,89,2.000000000000], [142,89,0.003996285785], [143,89,-0.702934745545], [56,90,-0.703573067575], [67,90,0.005274566238], [68,90,0.706016833710], [71,90,-0.704357736935], [72,90,-0.999980624681], [86,90,0.710422012967], [88,90,0.709863928274], [90,90,2.000000000000], [117,90,0.003481126781], [73,91,-0.005214341130], [74,91,0.710299549729], [87,91,-0.999998640845], [91,91,2.000000000000], [92,91,0.999998998567], [93,91,-0.706260754880], [94,91,0.002552517754], [95,91,0.706714034822], [96,91,0.000744571678], [97,91,-0.999996019060], [98,91,-0.999999637146