{
"N": {
"shape": [192, 136],
"data": [[0,0,-0.000194087106], [1,0,-0.999999981165], [6,0,0.000194087106], [7,0,0.999999981165], [0,1,-0.999996255668], [1,1,0.002736539816], [24,1,0.999996255668], [25,1,-0.002736539816], [3,2,0.006424824869], [4,2,-0.999979360600], [6,2,-0.006424824869], [7,2,0.999979360600], [3,3,-0.704565438225], [4,3,0.709639023207], [24,3,0.704565438225], [25,3,-0.709639023207], [6,4,-0.708443242452], [7,4,0.705767789166], [27,4,0.708443242452], [28,4,-0.705767789166], [6,5,-0.706773821846], [7,5,-0.707439583818], [33,5,0.706773821846], [34,5,0.707439583818], [6,6,-0.999999918067], [7,6,0.000404803595], [54,6,0.999999918067], [55,6,-0.000404803595], [9,7,-0.000015079833], [10,7,-0.999999999886], [12,7,0.000015079833], [13,7,0.999999999886], [9,8,0.004281175139], [10,8,-0.999990835728], [15,8,-0.004281175139], [16,8,0.999990835728], [9,9,-0.704735685099], [10,9,0.709469952956], [30,9,0.704735685099], [31,9,-0.709469952956], [9,10,-0.999983856266], [10,10,0.005682183338], [33,10,0.999983856266], [34,10,-0.005682183338], [15,11,-0.002748253536], [16,11,-0.999996223544], [18,11,0.002748253536], [19,11,0.999996223544], [15,12,-0.002046563829], [16,12,-0.999997905786], [21,12,0.002046563829], [22,12,0.999997905786], [15,13,-0.706151148220], [16,13,0.708061124387], [36,13,0.706151148220], [37,13,-0.708061124387], [18,14,-0.001347690105], [19,14,-0.999999091865], [21,14,0.001347690105], [22,14,0.999999091865], [18,15,-0.708866332600], [19,15,0.705342840402], [39,15,0.708866332600], [40,15,-0.705342840402], [18,16,-0.999959066900], [19,16,-0.009047901673], [42,16,0.999959066900], [43,16,0.009047901673], [21,17,-0.710962871716], [22,17,0.703229546479], [42,17,0.710962871716], [43,17,-0.703229546479], [21,18,-0.999991641944], [22,18,-0.004088525691], [45,18,0.999991641944], [46,18,0.004088525691], [21,19,-0.999998969689], [22,19,-0.001435486250], [69,19,0.999998969689], [70,19,0.001435486250], [24,20,-0.000580403366], [25,20,-0.999999831566], [27,20,0.000580403366], [28,20,0.999999831566], [27,21,0.001931308108], [28,21,-0.999998135023], [33,21,-0.001931308108], [34,21,0.999998135023], [27,22,-0.708571062640], [28,22,0.705639461190], [48,22,0.708571062640], [49,22,-0.705639461190], [27,23,-0.708372855081], [28,23,-0.705838436319], [54,23,0.708372855081], [55,23,0.705838436319], [30,24,0.004761782562], [31,24,-0.999988662649], [33,24,-0.004761782562], [34,24,0.999988662649], [30,25,-0.708245163710], [31,25,0.705966563006], [51,25,0.708245163710], [52,25,-0.705966563006], [30,26,-0.999997652242], [31,26,0.002166912569], [54,26,0.999997652242], [55,26,-0.002166912569], [30,27,-0.706394404032], [31,27,-0.707818441376], [57,27,0.706394404032], [58,27,0.707818441376], [33,28,-0.708850648538], [34,28,0.705358602462], [54,28,0.708850648538], [55,28,-0.705358602462], [36,29,-0.007013838557], [37,29,-0.999975402732], [39,29,0.007013838557], [40,29,0.999975402732], [36,30,-0.999998906644], [37,30,-0.001478752820], [84,30,0.999998906644], [85,30,0.001478752820], [39,31,-0.707277001420], [40,31,0.706936519966], [60,31,0.707277001420], [61,31,-0.706936519966], [42,32,-0.708554108050], [43,32,-0.705656485810], [69,32,0.708554108050], [70,32,0.705656485810], [45,33,-0.999999240141], [46,33,0.001232768326], [69,33,0.999999240141], [70,33,-0.001232768326], [48,34,0.002740126330], [49,34,-0.999996245847], [54,34,-0.002740126330], [55,34,0.999996245847], [51,35,0.002584594360], [52,35,-0.999996659930], [54,35,-0.002584594360], [55,35,0.999996659930], [51,36,0.000731545476], [52,36,-0.999999732421], [57,36,-0.000731545476], [58,36,0.999999732421], [51,37,-0.999999524016], [52,37,-0.000975688204], [75,37,0.999999524016], [76,37,0.000975688204], [51,38,-0.707355713159], [52,38,-0.706857761548], [78,38,0.707355713159], [79,38,0.706857761548], [51,39,-0.999996452616], [52,39,0.002663598263], [99,39,0.999996452616], [100,39,-0.002663598263], [54,40,-0.709427118131], [55,40,0.704778805059], [75,40,0.709427118131], [76,40,-0.704778805059], [57,41,-0.707221588888], [58,41,0.706991954842], [78,41,0.707221588888], [79,41,-0.706991954842], [57,42,-0.707666716557], [58,42,-0.706546402069], [84,42,0.707666716557], [85,42,0.706546402069], [60,43,0.000090162672], [61,43,-0.999999995935], [63,43,-0.000090162672], [64,43,0.999999995935], [60,44,-0.999996842384], [61,44,0.002513010519], [84,44,0.999996842384], [85,44,-0.002513010519], [63,45,-0.706155753814], [64,45,0.708056531186], [84,45,0.706155753814], [85,45,-0.708056531186], [63,46,-0.708057786414], [64,46,-0.706154495205], [90,46,0.708057786414], [91,46,0.706154495205], [63,47,-0.999999376499], [64,47,-0.001116692097], [111,47,0.999999376499], [112,47,0.001116692097], [66,48,0.000916116592], [67,48,-0.999999580365], [69,48,-0.000916116592], [70,48,0.999999580365], [66,49,-0.999999991357], [67,49,-0.000131477991], [90,49,0.999999991357], [91,49,0.000131477991], [66,50,-0.999999813304], [67,50,0.000611058573], [114,50,0.999999813304], [115,50,-0.000611058573], [72,51,-0.708672796951], [73,51,-0.705537289490], [99,51,0.708672796951], [100,51,0.705537289490], [75,52,-0.000822293398], [76,52,-0.999999661917], [78,52,0.000822293398], [79,52,0.999999661917], [75,53,-0.001340856083], [76,53,-0.999999101052], [81,53,0.001340856083], [82,53,0.999999101052], [75,54,-0.999980195372], [76,54,0.006293557304], [99,54,0.999980195372], [100,54,-0.006293557304], [75,55,-0.708744777498], [76,55,-0.705464981675], [102,55,0.708744777498], [103,55,0.705464981675], [78,56,-0.001857528555], [79,56,-0.999998274792], [81,56,0.001857528555], [82,56,0.999998274792], [78,57,-0.999997478019], [79,57,0.002245875355], [102,57,0.999997478019], [103,57,-0.002245875355], [78,58,-0.708523958738], [79,58,-0.705686757630], [105,58,0.708523958738], [106,58,0.705686757630], [78,59,-0.999999987053], [79,59,-0.000160913738], [126,59,0.999999987053], [127,59,0.000160913738], [81,60,-0.704916416296], [82,60,0.709290382027], [102,60,0.704916416296], [103,60,-0.709290382027], [81,61,-0.999962075555], [82,61,0.008709044290], [105,61,0.999962075555], [106,61,-0.008709044290], [81,62,-0.705771696083], [82,62,-0.708439350268], [108,62,0.705771696083], [109,62,0.708439350268], [81,63,-0.999998356716], [82,63,0.001812888529], [129,63,0.999998356716], [130,63,-0.001812888529], [84,64,-0.000912520730], [85,64,-0.999999583653], [87,64,0.000912520730], [88,64,0.999999583653], [84,65,-0.002471673405], [85,65,-0.999996945411], [90,65,0.002471673405], [91,65,0.999996945411], [84,66,-0.707734996686], [85,66,-0.706478007065], [111,66,0.707734996686], [112,66,0.706478007065], [87,67,-0.710185585885], [88,67,0.704014512352], [108,67,0.710185585885], [109,67,-0.704014512352], [87,68,-0.999971111113], [88,68,-0.007601114352], [111,68,0.999971111113], [112,68,0.007601114352], [87,69,-0.704164123657], [88,69,-0.710037243358], [114,69,0.704164123657], [115,69,0.710037243358], [87,70,-0.999999633268], [88,70,-0.000856425334], [135,70,0.999999633268], [136,70,0.000856425334], [90,71,-0.707725282644], [91,71,0.706487738257], [111,71,0.707725282644], [112,71,-0.706487738257], [90,72,-0.999999076114], [91,72,0.001359327713], [114,72,0.999999076114], [115,72,-0.001359327713], [93,73,-0.708601165018], [94,73,0.705609232462], [114,73,0.708601165018], [115,73,-0.705609232462], [93,74,-0.999999994697], [94,74,-0.000102983617], [117,74,0.999999994697], [118,74,0.000102983617], [93,75,-0.999992468000], [94,75,-0.003881229574], [141,75,0.999992468000], [142,75,0.003881229574], [96,76,0.002414895199], [97,76,-0.999997084136], [99,76,-0.002414895199], [100,76,0.999997084136], [96,77,0.001711182643], [97,77,-0.999998535926], [102,77,-0.001711182643], [103,77,0.999998535926], [96,78,-0.999998833967], [97,78,0.001527109665], [120,78,0.999998833967], [121,78,-0.001527109665], [96,79,-0.704628227829], [97,79,-0.709576677003], [123,79,0.704628227829], [124,79,0.709576677003], [96,80,-0.999999995640], [97,80,0.000093380927], [144,80,0.999999995640], [145,80,-0.000093380927], [99,81,-0.705777937312], [100,81,0.708433132486], [120,81,0.705777937312], [121,81,-0.708433132486], [99,82,-0.999985295186], [100,82,-0.005423044435], [123,82,0.999985295186], [124,82,0.005423044435], [99,83,-0.999999806834], [100,83,-0.000621556111], [147,83,0.999999806834], [148,83,0.000621556111], [102,84,-0.709067304979], [103,84,0.705140806513], [123,84,0.709067304979], [124,84,-0.705140806513], [102,85,-0.999996724715], [103,85,-0.002559405873], [126,85,0.999996724715], [127,85,0.002559405873], [105,86,-0.000666534199], [106,86,-0.999999777866], [108,86,0.000666534199], [109,86,0.999999777866], [105,87,-0.711674251801], [106,87,0.702509615111], [126,87,0.711674251801], [127,87,-0.702509615111], [105,88,-0.999987153898], [106,88,-0.005068731546], [129,88,0.999987153898], [130,88,0.005068731546], [105,89,-0.999991660244], [106,89,-0.004084047242], [153,89,0.999991660244], [154,89,0.004084047242], [108,90,-0.704776137528], [109,90,0.709429768174], [129,90,0.704776137528], [130,90,-0.709429768174], [108,91,-0.710804132291], [109,91,-0.703389995321], [135,91,0.710804132291], [136,91,0.703389995321], [111,92,-0.704737805739], [112,92,0.709467846462], [132,92,0.704737805739], [133,92,-0.709467846462], [114,93,-0.000891584280], [115,93,-0.999999602539], [117,93,0.000891584280], [118,93,0.999999602539], [114,94,-0.707565091870], [115,94,-0.706648173257], [141,94,0.707565091870], [142,94,0.706648173257], [120,95,-0.003043385066], [121,95,-0.999995368893], [123,95,0.003043385066], [124,95,0.999995368893], [120,96,-0.999999115583], [121,96,-0.001329974662], [144,96,0.999999115583], [145,96,0.001329974662], [120,97,-0.705955574343], [121,97,-0.708256116849], [147,97,0.705955574343], [148,97,0.708256116849], [123,98,-0.999991175196], [124,98,0.004201134335], [147,98,0.999991175196], [148,98,-0.004201134335], [123,99,-0.999999817103], [124,99,-0.000604808732], [171,99,0.999999817103], [172,99,0.000604808732], [126,100,0.008375351775], [127,100,-0.999964926126], [129,100,-0.008375351775], [130,100,0.999964926126], [126,101,-0.703933591122], [127,101,-0.710265794819], [153,101,0.703933591122], [154,101,0.710265794819], [126,102,-0.999999936161], [127,102,0.000357321543], [174,102,0.999999936161], [175,102,-0.000357321543], [129,103,-0.003845235415], [130,103,-0.999992607055], [135,103,0.003845235415], [136,103,0.999992607055], [132,104,-0.002587931279], [133,104,-0.999996651300], [135,104,0.002587931279], [136,104,0.999996651300], [132,105,0.002182066622], [133,105,-0.999997619290], [138,105,-0.002182066622], [139,105,0.999997619290], [132,106,-0.999999979325], [133,106,0.000203345034], [156,106,0.999999979325], [157,106,-0.000203345034], [132,107,-0.705323400315], [133,107,-0.708885675527], [159,107,0.705323400315], [160,107,0.708885675527], [132,108,-0.999999274475], [133,108,0.001204595052], [180,108,0.999999274475], [181,108,-0.001204595052], [135,109,-0.707700791101], [136,109,0.706512271851], [156,109,0.707700791101], [157,109,-0.706512271851], [138,110,-0.709691751783], [139,110,0.704512325975], [159,110,0.709691751783], [160,110,-0.704512325975], [138,111,-0.999995637710], [139,111,-0.002953736747], [162,111,0.999995637710], [163,111,0.002953736747], [138,112,-0.706254718810], [139,112,-0.707957818064], [165,112,0.706254718810], [166,112,0.707957818064], [138,113,-0.999997971191], [139,113,-0.002014351837], [186,113,0.999997971191], [187,113,0.002014351837], [141,114,-0.706391218462], [142,114,0.707821620523], [162,114,0.706391218462], [163,114,-0.707821620523], [144,115,-0.702246995512], [145,115,-0.711933393861], [171,115,0.702246995512], [172,115,0.711933393861], [147,116,-0.704517307224], [148,116,0.709686806854], [168,116,0.704517307224], [169,116,-0.709686806854], [147,117,-0.999985356327], [148,117,-0.005411758641], [171,117,0.999985356327], [172,117,0.005411758641], [150,118,-0.707502796063], [151,118,0.706710544398], [171,118,0.707502796063], [172,118,-0.706710544398], [150,119,-0.999999973607], [151,119,-0.000229753802], [174,119,0.999999973607], [175,119,0.000229753802], [150,120,-0.705714622047], [151,120,-0.708496204809], [177,120,0.705714622047], [178,120,0.708496204809], [153,121,-0.706278157141], [154,121,0.707934435343], [174,121,0.706278157141], [175,121,-0.707934435343], [153,122,-0.999999931539], [154,122,0.000370028896], [177,122,0.999999931539], [178,122,-0.000370028896], [159,123,-0.000703741752], [160,123,-0.999999752374], [165,123,0.000703741752], [166,123,0.999999752374], [159,124,-0.707164634861], [160,124,-0.707048922778], [186,124,0.707164634861], [187,124,0.707048922778], [162,125,0.003947371483], [163,125,-0.999992209099], [165,125,-0.003947371483], [166,125,0.999992209099], [162,126,-0.707121578560], [163,126,-0.707091983503], [189,126,0.707121578560], [190,126,0.707091983503], [165,127,-0.705575923845], [166,127,0.708634331436], [186,127,0.705575923845], [187,127,-0.708634331436], [165,128,-0.999996630278], [166,128,0.002596041707], [189,128,0.999996630278], [190,128,-0.002596041707], [168,129,-0.000830679515], [169,129,-0.999999654986], [171,129,0.000830679515], [172,129,0.999999654986], [168,130,0.000283806186], [169,130,-0.999999959727], [174,130,-0.000283806186], [175,130,0.999999959727], [171,131,0.000355277106], [172,131,-0.999999936889], [177,131,-0.000355277106], [178,131,0.999999936889], [174,132,-0.000696095784], [175,132,-0.999999757725], [177,132,0.000696095784], [178,132,0.999999757725], [180,133,0.001581997684], [181,133,-0.999998748641], [183,133,-0.001581997684], [184,133,0.999998748641], [180,134,0.002865923422], [181,134,-0.999995893233], [186,134,-0.002865923422], [187,134,0.999995893233], [183,135,0.004148209496], [184,135,-0.999991396142], [186,135,-0.004148209496], [187,135,0.999991396142], ]
},
"Q": {
"shape": [136, 136],
"data": [[0,0,2.000000000000], [1,0,-0.002542453385], [2,0,0.999978094790], [4,0,0.705630276174], [5,0,-0.707576746179], [6,0,0.000210716498], [0,1,-0.002542453385], [1,1,2.000000000000], [3,1,0.706504755540], [20,1,0.002156138162], [0,2,0.999978094790], [2,2,2.000000000000], [3,2,-0.714151086233], [4,2,0.710304846305], [5,2,-0.702884084662], [6,2,0.006829619583], [1,3,0.706504755540], [2,3,-0.714151086233], [3,3,2.000000000000], [20,3,0.709229971528], [0,4,0.705630276174], [2,4,0.710304846305], [4,4,2.000000000000], [5,4,0.001421066989], [6,4,0.708728881746], [20,4,-0.705356487448], [21,4,0.707134695103], [22,4,-0.999999983597], [23,4,-0.003683929609], [0,5,-0.707576746179], [2,5,-0.702884084662], [4,5,0.001421066989], [5,5,2.000000000000], [6,5,0.706487389851], [10,5,0.702742610462], [21,5,0.706073266447], [24,5,0.704066060067], [28,5,-0.001998485817], [0,6,0.000210716498], [2,6,0.006829619583], [4,6,0.708728881746], [5,6,0.706487389851], [6,6,2.000000000000], [23,6,0.708087071105], [26,6,0.999998447483], [28,6,0.709136122158], [34,6,-0.003144928181], [35,6,-0.002989396391], [40,6,-0.709712356999], [7,7,2.000000000000], [8,7,0.999990771055], [9,7,-0.709459325579], [10,7,-0.005667103748], [7,8,0.999990771055], [8,8,2.000000000000], [9,8,-0.712480548075], [10,8,-0.009963237289], [11,8,-0.999975293552], [12,8,-0.999979979835], [13,8,0.711077792262], [7,9,-0.709459325579], [8,9,-0.712480548075], [9,9,2.000000000000], [10,9,0.708755646379], [24,9,0.712817707543], [25,9,-0.999987704909], [26,9,-0.706271389908], [27,9,0.004354572030], [5,10,0.702742610462], [7,10,-0.005667103748], [8,10,-0.009963237289], [9,10,0.708755646379], [10,10,2.000000000000], [21,10,-0.007613449670], [24,10,-0.010443824606], [28,10,-0.712847181940], [8,11,-0.999975293552], [11,11,2.000000000000], [12,11,0.999999753814], [13,11,-0.706117768035], [14,11,-0.999999019207], [15,11,0.703392032301], [16,11,-0.011796008545], [8,12,-0.999979979835], [11,12,0.999999753814], [12,12,2.000000000000], [13,12,-0.706614458158], [14,12,0.999999755787], [17,12,0.701773042869], [18,12,-0.006135063852], [19,12,-0.003482044964], [8,13,0.711077792262], [11,13,-0.706117768035], [12,13,-0.706614458158], [13,13,2.000000000000], [29,13,0.703090877867], [30,13,-0.705103328761], [11,14,-0.999999019207], [12,14,0.999999755787], [14,14,2.000000000000], [15,14,-0.704386867713], [16,14,0.010395528396], [17,14,0.702270750225], [18,14,-0.005436200819], [19,14,-0.002783173663], [11,15,0.703392032301], [14,15,-0.704386867713], [15,15,2.000000000000], [16,15,0.702455443838], [29,15,-0.700353616880], [31,15,-0.999997467106], [11,16,-0.011796008545], [14,16,0.010395528396], [15,16,0.702455443838], [16,16,2.000000000000], [17,16,0.704571018012], [32,16,-0.714909815232], [12,17,0.701773042869], [14,17,0.702270750225], [16,17,0.704571018012], [17,17,2.000000000000], [18,17,0.708081757381], [19,17,0.709952662858], [32,17,-0.007517172939], [12,18,-0.006135063852], [14,18,-0.005436200819], [17,18,0.708081757381], [18,18,2.000000000000], [19,18,0.999996480664], [33,18,-0.999985841886], [12,19,-0.003482044964], [14,19,-0.002783173663], [17,19,0.709952662858], [18,19,0.999996480664], [19,19,2.000000000000], [32,19,0.709566338202], [33,19,0.999996440209], [48,19,0.000519370000], [1,20,0.002156138162], [3,20,0.709229971528], [4,20,-0.705356487448], [20,20,2.000000000000], [21,20,-0.999996845651], [22,20,0.705228085307], [23,20,-0.706249459421], [4,21,0.707134695103], [5,21,0.706073266447], [10,21,-0.007613449670], [20,21,-0.999996845651], [21,21,2.000000000000], [22,21,-0.707006614227], [23,21,0.704469033708], [24,21,0.999995994162], [28,21,0.706726295989], [4,22,-0.999999983597], [20,22,0.705228085307], [21,22,-0.707006614227], [22,22,2.000000000000], [23,22,0.003865052779], [34,22,0.707578386337], [4,23,-0.003683929609], [6,23,0.708087071105], [20,23,-0.706249459421], [21,23,0.704469033708], [22,23,0.003865052779], [23,23,2.000000000000], [26,23,0.706841701814], [28,23,0.004261344725], [34,23,0.703894755382], [35,23,0.704005222283], [40,23,-0.005078943428], [5,24,0.704066060067], [9,24,0.712817707543], [10,24,-0.010443824606], [21,24,0.999995994162], [24,24,2.000000000000], [25,24,-0.709331068686], [26,24,-0.006928659384], [27,24,0.704446720035], [28,24,0.708725998222], [9,25,-0.999987704909], [24,25,-0.709331068686], [25,25,2.000000000000], [26,25,0.709773268740], [27,25,0.000604268037], [35,25,0.707794731484], [36,25,0.706484487649], [37,25,-0.707556023348], [38,25,-0.001963318414], [39,25,-0.710123062603], [6,26,0.999998447483], [9,26,-0.706271389908], [23,26,0.706841701814], [24,26,-0.006928659384], [25,26,0.709773268740], [26,26,2.000000000000], [27,26,0.704858964912], [28,26,0.710377434749], [34,26,-0.004907024330], [35,26,-0.004751493623], [40,26,-0.710952646618], [9,27,0.004354572030], [24,27,0.704446720035], [25,27,0.000604268037], [26,27,0.704858964912], [27,27,2.000000000000], [36,27,0.707301492348], [41,27,0.000844570741], [42,27,-0.999998381568], [5,28,-0.001998485817], [6,28,0.709136122158], [10,28,-0.712847181940], [21,28,0.706726295989], [23,28,0.004261344725], [24,28,0.708725998222], [26,28,0.710377434749], [28,28,2.000000000000], [34,28,-0.707298294764], [35,28,-0.707188337903], [40,28,-0.999999665759], [13,29,0.703090877867], [15,29,-0.700353616880], [29,29,2.000000000000], [30,29,0.008492547335], [31,29,0.701958404556], [13,30,-0.705103328761], [29,30,0.008492547335], [30,30,2.000000000000], [42,30,0.708710750311], [44,30,0.999992032911], [45,30,0.705107941142], [64,30,-0.002391271937], [65,30,-0.003950419006], [66,30,-0.708778929225], [15,31,-0.999997467106], [29,31,0.701958404556], [31,31,2.000000000000], [43,31,0.707000287077], [44,31,-0.709051307022], [16,32,-0.714909815232], [17,32,-0.007517172939], [19,32,0.709566338202], [32,32,2.000000000000], [33,32,0.707683658684], [48,32,0.705007071517], [18,33,-0.999985841886], [19,33,0.999996440209], [32,33,0.707683658684], [33,33,2.000000000000], [48,33,-0.002148883705], [6,34,-0.003144928181], [22,34,0.707578386337], [23,34,0.703894755382], [26,34,-0.004907024330], [28,34,-0.707298294764], [34,34,2.000000000000], [35,34,0.999999987905], [40,34,0.706720079137], [6,35,-0.002989396391], [23,35,0.704005222283], [25,35,0.707794731484], [26,35,-0.004751493623], [28,35,-0.707188337903], [34,35,0.999999987905], [35,35,2.000000000000], [36,35,0.999998283100], [37,35,-0.001608908184], [38,35,0.705027173007], [39,35,-0.005248174558], [40,35,0.706610032377], [25,36,0.706484487649], [27,36,0.707301492348], [35,36,0.999998283100], [36,36,2.000000000000], [37,36,0.000244142816], [38,36,0.706340109535], [39,36,-0.003395140431], [41,36,0.707509130419], [42,36,-0.706028522627], [25,37,-0.707556023348], [35,37,-0.001608908184], [36,37,0.000244142816], [37,37,2.000000000000], [38,37,0.708045049250], [39,37,0.999993377792], [40,37,0.708739136088], [52,37,-0.001797980881], [53,37,-0.002316542772], [54,37,-0.999973578848], [55,37,-0.709432754008], [25,38,-0.001963318414], [35,38,0.705027173007], [36,38,0.706340109535], [37,38,0.708045049250], [38,38,2.000000000000], [39,38,0.705470418791], [41,38,0.000514480738], [52,38,0.707439176504], [56,38,-0.708170475507], [57,38,-0.705766414796], [58,38,-0.999998631976], [59,38,-0.707469447126], [25,39,-0.710123062603], [35,39,-0.005248174558], [36,39,-0.003395140431], [37,39,0.999993377792], [38,39,0.705470418791], [39,39,2.000000000000], [51,39,0.706791015118], [54,39,0.999993411567], [76,39,-0.005078477129], [81,39,-0.707662414908], [82,39,-0.999967303043], [83,39,-0.999994603875], [6,40,-0.709712356999], [23,40,-0.005078943428], [26,40,-0.710952646618], [28,40,-0.999999665759], [34,40,0.706720079137], [35,40,0.706610032377], [37,40,0.708739136088], [40,40,2.000000000000], [52,40,0.704195209550], [53,40,0.703826931833], [54,40,-0.713848633987], [55,40,-0.005605998194], [27,41,0.000844570741], [36,41,0.707509130419], [38,41,0.000514480738], [41,41,2.000000000000], [42,41,0.000954557701], [52,41,-0.706410172176], [56,41,0.705677050838], [57,41,-0.708807621096], [58,41,-0.002168579581], [59,41,-0.707107815013], [27,42,-0.999998381568], [30,42,0.708710750311], [36,42,-0.706028522627], [41,42,0.000954557701], [42,42,2.000000000000], [44,42,0.705888923477], [45,42,-0.000551870892], [64,42,-0.707191868449], [65,42,-0.708293364863], [66,42,-0.999999995330], [31,43,0.707000287077], [43,43,2.000000000000], [44,43,-0.002603172896], [45,43,0.708120197198], [46,43,-0.706090651953], [47,43,-0.001026529477], [30,44,0.999992032911], [31,44,-0.709051307022], [42,44,0.705888923477], [43,44,-0.002603172896], [44,44,2.000000000000], [45,44,0.707932877556], [64,44,0.001600491625], [65,44,0.000041337243], [66,44,-0.705957375267], [30,45,0.705107941142], [42,45,-0.000551870892], [43,45,0.708120197198], [44,45,0.707932877556], [45,45,2.000000000000], [46,45,0.000001777552], [47,45,0.705364632392], [64,45,0.707411854625], [65,45,0.706308981968], [66,45,0.000455226957], [43,46,-0.706090651953], [45,46,0.000001777552], [46,46,2.000000000000], [47,46,0.708845902084], [49,46,0.708150624069], [65,46,0.707902425793], [71,46,-0.002220904841], [72,46,-0.707097236874], [43,47,-0.001026529477], [45,47,0.705364632392], [46,47,0.708845902084], [47,47,2.000000000000], [66,47,0.708523473819], [68,47,0.999978975735], [71,47,0.706935912102], [92,47,-0.703945109197], [19,48,0.000519370000], [32,48,0.705007071517], [33,48,-0.002148883705], [48,48,2.000000000000], [49,48,-0.000784638649], [50,48,-0.001527174738], [46,49,0.708150624069], [48,49,-0.000784638649], [49,49,2.000000000000], [50,49,0.999999724320], [65,49,0.002603150973], [71,49,-0.707632388938], [72,49,-0.999998888749], [48,50,-0.001527174738], [49,50,0.999999724320], [50,50,2.000000000000], [69,50,0.703730117847], [72,50,0.999999720046], [73,50,0.709032201295], [93,50,-0.000280525783], [94,50,-0.707133156345], [39,51,0.706791015118], [51,51,2.000000000000], [54,51,0.704218422589], [76,51,0.703823861704], [81,51,-0.000339632782], [82,51,-0.712488536122], [83,51,-0.709111191074], [37,52,-0.001797980881], [38,52,0.707439176504], [40,52,0.704195209550], [41,52,-0.706410172176], [52,52,2.000000000000], [53,52,0.999999865546], [54,52,-0.005471278063], [55,52,0.706047539320], [56,52,-0.999999464143], [57,52,0.001423583271], [58,52,-0.706269133622], [59,52,-0.000983207071], [37,53,-0.002316542772], [40,53,0.703826931833], [52,53,0.999999865546], [53,53,2.000000000000], [54,53,-0.004952722118], [55,53,0.706414672245], [56,53,0.999999866524], [60,53,0.708344552947], [61,53,0.007368231229], [62,53,-0.709385051690], [63,53,0.000472033019], [37,54,-0.999973578848], [39,54,0.999993411567], [40,54,-0.713848633987], [51,54,0.704218422589], [52,54,-0.005471278063], [53,54,-0.004952722118], [54,54,2.000000000000], [55,54,0.704290856783], [76,54,-0.008708386326], [81,54,-0.710222524158], [82,54,-0.999931360609], [83,54,-0.999976090411], [37,55,-0.709432754008], [40,55,-0.005605998194], [52,55,0.706047539320], [53,55,0.706414672245], [54,55,0.704290856783], [55,55,2.000000000000], [57,55,0.707158603641], [60,55,-0.000773697737], [77,55,0.704251157061], [84,55,-0.005095603153], [85,55,-0.710548027374], [38,56,-0.708170475507], [41,56,0.705677050838], [52,56,-0.999999464143], [53,56,0.999999866524], [56,56,2.000000000000], [57,56,-0.000388347610], [58,56,0.707001643659], [59,56,0.002018441992], [60,56,0.707979755982], [61,56,0.006851571156], [62,56,-0.709749119142], [63,56,-0.000044640101], [38,57,-0.705766414796], [41,57,-0.708807621096], [52,57,0.001423583271], [55,57,0.707158603641], [56,57,-0.000388347610], [57,57,2.000000000000], [58,57,0.706937287357], [59,57,0.999997103680], [60,57,0.706507616298], [77,57,-0.003957050394], [84,57,-0.710649175083], [85,57,-0.999988454636], [38,58,-0.999998631976], [41,58,-0.002168579581], [52,58,-0.706269133622], [56,58,0.707001643659], [57,58,0.706937287357], [58,58,2.000000000000], [59,58,0.708637504259], [61,58,0.702351231133], [86,58,-0.706158856322], [87,58,-0.008486525727], [88,58,-0.712091793697], [89,58,-0.711400107878], [38,59,-0.707469447126], [41,59,-0.707107815013], [52,59,-0.000983207071], [56,59,0.002018441992], [57,59,0.999997103680], [58,59,0.708637504259], [59,59,2.000000000000], [85,59,0.999997123612], [87,59,0.711561199139], [100,59,0.008214443572], [101,59,-0.704047873533], [102,59,-0.999999865716], [53,60,0.708344552947], [55,60,-0.000773697737], [56,60,0.707979755982], [57,60,0.706507616298], [60,60,2.000000000000], [61,60,0.711066924083], [62,60,-0.004979162669], [63,60,0.706201122315], [77,60,-0.710495584310], [84,60,-0.999982775573], [85,60,-0.703098745525], [53,61,0.007368231229], [56,61,0.006851571156], [58,61,0.702351231133], [60,61,0.711066924083], [61,61,2.000000000000], [62,61,0.699575100405], [63,61,0.999976220860], [86,61,0.008042533434], [87,61,-0.717765449302], [88,61,-0.999905086132], [89,61,-0.999918167967], [53,62,-0.709385051690], [56,62,-0.709749119142], [60,62,-0.004979162669], [61,62,0.699575100405], [62,62,2.000000000000], [63,62,0.704486214729], [67,62,0.002477301774], [86,62,0.708909613872], [90,62,0.005176914084], [91,62,-0.999974589300], [53,63,0.000472033019], [56,63,-0.000044640101], [60,63,0.706201122315], [61,63,0.999976220860], [62,63,0.704486214729], [63,63,2.000000000000], [88,63,0.999976321590], [90,63,0.706061096469], [100,63,-0.010188162955], [103,63,-0.002032353970], [30,64,-0.002391271937], [42,64,-0.707191868449], [44,64,0.001600491625], [45,64,0.707411854625], [64,64,2.000000000000], [65,64,0.999998784518], [66,64,0.707123535781], [67,64,0.703366160168], [68,64,-0.008513605555], [69,64,-0.710679512096], [70,64,-0.001768945373], [30,65,-0.003950419006], [42,65,-0.708293364863], [44,65,0.000041337243], [45,65,0.706308981968], [46,65,0.707902425793], [49,65,0.002603150973], [64,65,0.999998784518], [65,65,2.000000000000], [66,65,0.708225138834], [71,65,0.704736314468], [72,65,-0.001112347561], [30,66,-0.708778929225], [42,66,-0.999999995330], [44,66,-0.705957375267], [45,66,0.000455226957], [47,66,0.708523473819], [64,66,0.707123535781], [65,66,0.708225138834], [66,66,2.000000000000], [68,66,0.713084571128], [71,66,0.001763901226], [92,66,0.002455821636], [62,67,0.002477301774], [64,67,0.703366160168], [67,67,2.000000000000], [68,67,0.704813774600], [69,67,0.000210687084], [70,67,0.709582389573], [86,67,-0.703540992985], [90,67,-0.999970706436], [91,67,-0.009606084591], [47,68,0.999978975735], [64,68,-0.008513605555], [66,68,0.713084571128], [67,68,0.704813774600], [68,68,2.000000000000], [69,68,0.709540855420], [70,68,0.999977254178], [71,68,0.702334743161], [92,68,-0.699324700418], [50,69,0.703730117847], [64,69,-0.710679512096], [67,69,0.000210687084], [68,69,0.709540855420], [69,69,2.000000000000], [70,69,0.704771959300], [72,69,0.703198299787], [73,69,-0.002037315919], [93,69,-0.710664782808], [94,69,-0.999988473810], [64,70,-0.001768945373], [67,70,0.709582389573], [68,70,0.999977254178], [69,70,0.704771959300], [70,70,2.000000000000], [91,70,0.711406272628], [103,70,0.004701653008], [104,70,0.003444352796], [109,70,-0.707095456555], [46,71,-0.002220904841], [47,71,0.706935912102], [49,71,-0.707632388938], [65,71,0.704736314468], [66,71,0.001763901226], [68,71,0.702334743161], [71,71,2.000000000000], [72,71,0.708684977147], [92,71,-0.999991096968], [46,72,-0.707097236874], [49,72,-0.999998888749], [50,72,0.999999720046], [65,72,-0.001112347561], [69,72,0.703198299787], [71,72,0.708684977147], [72,72,2.000000000000], [73,72,0.709559664535], [93,72,0.000467743717], [94,72,-0.706603871715], [50,73,0.709032201295], [69,73,-0.002037315919], [72,73,0.709559664535], [73,73,2.000000000000], [74,73,0.708528495069], [75,73,0.705857196413], [93,73,0.704977174350], [94,73,-0.002763973272], [73,74,0.708528495069], [74,74,2.000000000000], [75,74,0.999992862400], [93,74,0.000994567851], [73,75,0.705857196413], [74,75,0.999992862400], [75,75,2.000000000000], [94,75,0.710302426278], [114,75,-0.703638679717], [39,76,-0.005078477129], [51,76,0.703823861704], [54,76,-0.008708386326], [76,76,2.000000000000], [77,76,0.999999752393], [78,76,-0.003941997596], [79,76,0.707873004650], [80,76,-0.002508275844], [81,76,0.710135446544], [82,76,-0.003008168934], [83,76,0.001793340434], [55,77,0.704251157061], [57,77,-0.003957050394], [60,77,-0.710495584310], [76,77,0.999999752393], [77,77,2.000000000000], [78,77,-0.003238288077], [79,77,0.708369890538], [80,77,-0.001804563426], [84,77,0.706353117800], [85,77,-0.000848225088], [76,78,-0.003941997596], [77,78,-0.003238288077], [78,78,2.000000000000], [79,78,0.703543804807], [80,78,0.999998972210], [81,78,0.706858969436], [95,78,-0.001516278924], [96,78,-0.999995918535], [97,78,-0.704873166414], [76,79,0.707873004650], [77,79,0.708369890538], [78,79,0.703543804807], [79,79,2.000000000000], [80,79,0.704561963828], [82,79,0.708465932251], [84,79,-0.000722631787], [95,79,0.711717845903], [98,79,-0.701640982681], [99,79,-0.705057257125], [76,80,-0.002508275844], [77,80,-0.001804563426], [78,80,0.999998972210], [79,80,0.704561963828], [80,80,2.000000000000], [96,80,0.999998987029], [115,80,-0.702180511449], [39,81,-0.707662414908], [51,81,-0.000339632782], [54,81,-0.710222524158], [76,81,0.710135446544], [78,81,0.706858969436], [81,81,2.000000000000], [82,81,0.701925694622], [83,81,0.705337470037], [95,81,0.706281897622], [96,81,-0.704835114994], [97,81,0.003504230368], [39,82,-0.999967303043], [51,82,-0.712488536122], [54,82,-0.999931360609], [76,82,-0.003008168934], [79,82,0.708465932251], [81,82,0.701925694622], [82,82,2.000000000000], [83,82,0.999988472750], [84,82,0.705232868350], [95,82,0.008466359634], [98,82,-0.999953687574], [99,82,-0.999988392197], [39,83,-0.999994603875], [51,83,-0.709111191074], [54,83,-0.999976090411], [76,83,0.001793340434], [81,83,0.705337470037], [82,83,0.999988472750], [83,83,2.000000000000], [97,83,0.706395658894], [98,83,0.999988370791], [116,83,-0.704076060963], [117,83,-0.999988526875], [55,84,-0.005095603153], [57,84,-0.710649175083], [60,84,-0.999982775573], [77,84,0.706353117800], [79,84,-0.000722631787], [82,84,0.705232868350], [84,84,2.000000000000], [85,84,0.707260241060], [95,84,-0.702979576084], [98,84,-0.712023438853], [99,84,-0.708640699976], [55,85,-0.710548027374], [57,85,-0.999988454636], [59,85,0.999997123612], [60,85,-0.703098745525], [77,85,-0.000848225088], [84,85,0.707260241060], [85,85,2.000000000000], [87,85,0.709873913631], [100,85,0.005816008239], [101,85,-0.705749143986], [102,85,-0.999995746345], [58,86,-0.706158856322], [61,86,0.008042533434], [62,86,0.708909613872], [67,86,-0.703540992985], [86,86,2.000000000000], [87,86,-0.702035103832], [88,86,0.005735256058], [89,86,0.004750574976], [90,86,0.708959853187], [91,86,-0.703863614338], [58,87,-0.008486525727], [59,87,0.711561199139], [61,87,-0.717765449302], [85,87,0.709873913631], [86,87,-0.702035103832], [87,87,2.000000000000], [88,87,0.708104276913], [89,87,0.708799234155], [100,87,0.708445497585], [101,87,-0.002002861635], [102,87,-0.711925228188], [58,88,-0.712091793697], [61,88,-0.999905086132], [63,88,0.999976321590], [86,88,0.005735256058], [87,88,0.708104276913], [88,88,2.000000000000], [89,88,0.999999515188], [90,88,0.701171174855], [100,88,-0.003306690418], [103,88,-0.008913880093], [58,89,-0.711400107878], [61,89,-0.999918167967], [86,89,0.004750574976], [87,89,0.708799234155], [88,89,0.999999515188], [89,89,2.000000000000], [101,89,0.706828479549], [121,89,-0.703381029275], [122,89,-0.999990080569], [62,90,0.005176914084], [63,90,0.706061096469], [67,90,-0.999970706436], [86,90,0.708959853187], [88,90,0.701171174855], [90,90,2.000000000000], [91,90,0.001951989578], [100,90,-0.715307633798], [103,90,0.706714493235], [62,91,-0.999974589300], [67,91,-0.009606084591], [70,91,0.711406272628], [86,91,-0.703863614338], [90,91,0.001951989578], [91,91,2.000000000000], [103,91,0.706118004421], [104,91,0.705227152127], [109,91,-0.006082983148], [47,92,-0.703945109197], [66,92,0.002455821636], [68,92,-0.699324700418], [71,92,-0.999991096968], [92,92,2.000000000000], [104,92,0.707641657656], [105,92,0.711003942267], [106,92,-0.704882057932], [107,92,0.005863528130], [108,92,-0.705591915891], [50,93,-0.000280525783], [69,93,-0.710664782808], [72,93,0.000467743717], [73,93,0.704977174350], [74,93,0.000994567851], [93,93,2.000000000000], [94,93,0.707278746304], [50,94,-0.707133156345], [69,94,-0.999988473810], [72,94,-0.706603871715], [73,94,-0.002763973272], [75,94,0.710302426278], [93,94,0.707278746304], [94,94,2.000000000000], [114,94,0.000363087747], [78,95,-0.001516278924], [79,95,0.711717845903], [81,95,0.706281897622], [82,95,0.008466359634], [84,95,-0.702979576084], [95,95,2.000000000000], [96,95,0.004373350877], [97,95,0.710401331491], [98,95,0.001157756671], [99,95,-0.003648190440], [78,96,-0.999995918535], [80,96,0.999998987029], [81,96,-0.704835114994], [95,96,0.004373350877], [96,96,2.000000000000], [97,96,0.706896912674], [115,96,-0.703193227808], [78,97,-0.704873166414], [81,97,0.003504230368], [83,97,0.706395658894], [95,97,0.710401331491], [96,97,0.706896912674], [97,97,2.000000000000], [98,97,0.702973865333], [116,97,0.005282101745], [117,97,-0.709778147721], [79,98,-0.701640982681], [82,98,-0.999953687574], [83,98,0.999988370791], [84,98,-0.712023438853], [95,98,0.001157756671], [97,98,0.702973865333], [98,98,2.000000000000], [99,98,0.999988451418], [116,98,-0.707492579608], [117,98,-0.999953796127], [79,99,-0.705057257125], [82,99,-0.999988392197], [84,99,-0.708640699976], [95,99,-0.003648190440], [98,99,0.999988451418], [99,99,2.000000000000], [115,99,0.702677450606], [117,99,0.999988446512], [118,99,0.707075241954], [129,99,0.001435487886], [131,99,-0.000249531653], [59,100,0.008214443572], [63,100,-0.010188162955], [85,100,0.005816008239], [87,100,0.708445497585], [88,100,-0.003306690418], [90,100,-0.715307633798], [100,100,2.000000000000], [101,100,0.704345191594], [102,100,-0.008732660250], [103,100,-0.999925328241], [59,101,-0.704047873533], [85,101,-0.705749143986], [87,101,-0.002002861635], [89,101,0.706828479549], [100,101,0.704345191594], [101,101,2.000000000000], [102,101,0.703679752914], [121,101,0.005648694911], [122,101,-0.703670724063], [59,102,-0.999999865716], [85,102,-0.999995746345], [87,102,-0.711925228188], [100,102,-0.008732660250], [101,102,0.703679752914], [102,102,2.000000000000], [119,102,0.999999827671], [121,102,0.706531072278], [130,102,-0.000641127696], [132,102,-0.000338774283], [63,103,-0.002032353970], [70,103,0.004701653008], [88,103,-0.008913880093], [90,103,0.706714493235], [91,103,0.706118004421], [100,103,-0.999925328241], [103,103,2.000000000000], [104,103,0.999999209585], [109,103,0.703785772499], [70,104,0.003444352796], [91,104,0.705227152127], [92,104,0.707641657656], [103,104,0.999999209585], [104,104,2.000000000000], [105,104,0.999988623560], [106,104,0.002384586872], [107,104,0.710708630172], [108,104,0.001383338383], [109,104,0.704678424940], [92,105,0.711003942267], [104,105,0.999988623560], [105,105,2.000000000000], [106,105,-0.002385411127], [107,105,0.707344925227], [108,105,-0.003386657223], [110,105,0.706059243419], [111,105,-0.000771672612], [112,105,-0.706415037773], [113,105,0.000167715153], [92,106,-0.704882057932], [104,106,0.002384586872], [105,106,-0.002385411127], [106,106,2.000000000000], [107,106,0.705179237351], [108,106,0.999999498749], [109,106,0.707844442231], [92,107,0.005863528130], [104,107,0.710708630172], [105,107,0.707344925227], [106,107,0.705179237351], [107,107,2.000000000000], [108,107,0.704468968408], [110,107,0.001143503427], [123,107,-0.709381865514], [124,107,-0.999996618097], [92,108,-0.705591915891], [104,108,0.001383338383], [105,108,-0.003386657223], [106,108,0.999999498749], [107,108,0.704468968408], [108,108,2.000000000000], [133,108,0.002786590080], [134,108,0.004070511447], [70,109,-0.707095456555], [91,109,-0.006082983148], [103,109,0.703785772499], [104,109,0.704678424940], [106,109,0.707844442231], [109,109,2.000000000000], [105,110,0.706059243419], [107,110,0.001143503427], [110,110,2.000000000000], [111,110,0.707607711956], [112,110,0.002458139501], [113,110,0.708271176256], [123,110,0.704012711803], [124,110,-0.003744227349], [105,111,-0.000771672612], [110,111,0.707607711956], [111,111,2.000000000000], [112,111,0.708342758945], [113,111,0.999999558775], [114,111,0.704297418248], [125,111,0.000993640529], [126,111,-0.709207057466], [105,112,-0.706415037773], [110,112,0.002458139501], [111,112,0.708342758945], [112,112,2.000000000000], [113,112,0.707679362086], [123,112,0.708454663688], [125,112,0.705164452698], [127,112,0.003366889395], [128,112,-0.704414450906], [105,113,0.000167715153], [110,113,0.708271176256], [111,113,0.999999558775], [112,113,0.707679362086], [113,113,2.000000000000], [124,113,0.708587445456], [127,113,0.704147053499], [134,113,-0.000851574043], [135,113,-0.002133866574], [75,114,-0.703638679717], [94,114,0.000363087747], [111,114,0.704297418248], [114,114,2.000000000000], [125,114,0.710604494506], [126,114,0.000990520142], [80,115,-0.702180511449], [96,115,-0.703193227808], [99,115,0.702677450606], [115,115,2.000000000000], [117,115,0.706089523732], [118,115,-0.006289123500], [129,115,0.712516490428], [131,115,-0.711683856650], [83,116,-0.704076060963], [97,116,0.005282101745], [98,116,-0.707492579608], [116,116,2.000000000000], [117,116,0.700666336793], [129,116,0.709101333906], [130,116,0.709886724642], [83,117,-0.999988526875], [97,117,-0.709778147721], [98,117,-0.999953796127], [99,117,0.999988446512], [115,117,0.706089523732], [116,117,0.700666336793], [117,117,2.000000000000], [118,117,0.703667888728], [129,117,0.006242424125], [131,117,-0.005056486396], [99,118,0.707075241954], [115,118,-0.006289123500], [117,118,0.703667888728], [118,118,2.000000000000], [119,118,0.707340407955], [120,118,-0.001406670284], [129,118,-0.706122592493], [131,118,0.706961859343], [102,119,0.999999827671], [118,119,0.707340407955], [119,119,2.000000000000], [120,119,0.705877383118], [121,119,0.706115487872], [130,119,-0.000054052385], [132,119,-0.000925849512], [118,120,-0.001406670284], [119,120,0.705877383118], [120,120,2.000000000000], [122,120,0.705452409665], [131,120,0.708245435847], [132,120,0.708987278131], [89,121,-0.703381029275], [101,121,0.005648694911], [102,121,0.706531072278]