{
"N": {
"shape": [192, 134],
"data": [[0,0,0.002960504654], [1,0,-0.999995617696], [3,0,-0.002960504654], [4,0,0.999995617696], [0,1,-0.999993048113], [1,1,0.003728770058], [24,1,0.999993048113], [25,1,-0.003728770058], [0,2,-0.999995083485], [1,2,0.003135762422], [48,2,0.999995083485], [49,2,-0.003135762422], [3,3,-0.708771194801], [4,3,0.705438440560], [24,3,0.708771194801], [25,3,-0.705438440560], [3,4,-0.999999507218], [4,4,0.000992755554], [51,4,0.999999507218], [52,4,-0.000992755554], [6,5,-0.006385728374], [7,5,-0.999979611029], [9,5,0.006385728374], [10,5,0.999979611029], [6,6,-0.000669753180], [7,6,-0.999999775715], [12,6,0.000669753180], [13,6,0.999999775715], [6,7,-0.709319080459], [7,7,-0.704887538617], [33,7,0.709319080459], [34,7,0.704887538617], [9,8,-0.999997054878], [10,8,-0.002426980511], [33,8,0.999997054878], [34,8,0.002426980511], [12,9,-0.001003264690], [13,9,-0.999999496730], [15,9,0.001003264690], [16,9,0.999999496730], [12,10,-0.001373691935], [13,10,-0.999999056485], [18,10,0.001373691935], [19,10,0.999999056485], [12,11,-0.709866671342], [13,11,-0.704336076684], [39,11,0.709866671342], [40,11,0.704336076684], [15,12,-0.002540701140], [16,12,-0.999996772414], [21,12,0.002540701140], [22,12,0.999996772414], [18,13,-0.003329042096], [19,13,-0.999994458724], [21,13,0.003329042096], [22,13,0.999994458724], [18,14,-0.999998633682], [19,14,-0.001653068372], [42,14,0.999998633682], [43,14,0.001653068372], [18,15,-0.704290163770], [19,15,-0.709912223600], [45,15,0.704290163770], [46,15,0.709912223600], [18,16,-0.999999425429], [19,16,-0.001071980555], [66,16,0.999999425429], [67,16,0.001071980555], [21,17,-0.706038975529], [22,17,0.708172976775], [42,17,0.706038975529], [43,17,-0.708172976775], [21,18,-0.999997106676], [22,18,-0.002405543505], [45,18,0.999997106676], [46,18,0.002405543505], [21,19,-0.999999790014], [22,19,0.000648053085], [69,19,0.999999790014], [70,19,-0.000648053085], [27,20,-0.000716582663], [28,20,-0.999999743255], [30,20,0.000716582663], [31,20,0.999999743255], [27,21,-0.707475472419], [28,21,0.706737897615], [48,21,0.707475472419], [49,21,-0.706737897615], [27,22,-0.999992240063], [28,22,0.003939519365], [51,22,0.999992240063], [52,22,-0.003939519365], [27,23,-0.707870125079], [28,23,-0.706342612349], [54,23,0.707870125079], [55,23,0.706342612349], [27,24,-0.999999997002], [28,24,-0.000077433443], [75,24,0.999999997002], [76,24,0.000077433443], [30,25,-0.707385556690], [31,25,0.706827895733], [51,25,0.707385556690], [52,25,-0.706827895733], [33,26,0.000861272644], [34,26,-0.999999629105], [39,26,-0.000861272644], [40,26,0.999999629105], [36,27,0.002769125886], [37,27,-0.999996165964], [39,27,-0.002769125886], [40,27,0.999996165964], [36,28,-0.706910216105], [37,28,0.707303291641], [57,28,0.706910216105], [58,28,-0.707303291641], [36,29,-0.999998727962], [37,29,-0.001595015582], [84,29,0.999998727962], [85,29,0.001595015582], [39,30,-0.708884497919], [40,30,0.705324583869], [60,30,0.708884497919], [61,30,-0.705324583869], [39,31,-0.999997616734], [40,31,-0.002183237771], [87,31,0.999997616734], [88,31,0.002183237771], [42,32,-0.999999880118], [43,32,-0.000489656243], [66,32,0.999999880118], [67,32,0.000489656243], [42,33,-0.704746754058], [43,33,-0.709458957689], [69,33,0.704746754058], [70,33,0.709458957689], [42,34,-0.999999740690], [43,34,0.000720152343], [90,34,0.999999740690], [91,34,-0.000720152343], [48,35,-0.702820395612], [49,35,-0.711367339362], [75,35,0.702820395612], [76,35,0.711367339362], [51,36,0.001455621333], [52,36,-0.999998940583], [54,36,-0.001455621333], [55,36,0.999998940583], [51,37,0.001090939153], [52,37,-0.999999404926], [57,37,-0.001090939153], [58,37,0.999999404926], [51,38,-0.705840238854], [52,38,-0.708371058990], [78,38,0.705840238854], [79,38,0.708371058990], [54,39,-0.705505193198], [55,39,0.708704749787], [75,39,0.705505193198], [76,39,-0.708704749787], [54,40,-0.999999889033], [55,40,-0.000471097929], [78,40,0.999999889033], [79,40,0.000471097929], [54,41,-0.707531031313], [55,41,-0.706682276366], [81,41,0.707531031313], [82,41,0.706682276366], [54,42,-0.999999799302], [55,42,-0.000633558637], [102,42,0.999999799302], [103,42,0.000633558637], [57,43,0.000710109433], [58,43,-0.999999747872], [60,43,-0.000710109433], [61,43,0.999999747872], [60,44,-0.705960244629], [61,44,0.708251461702], [81,44,0.705960244629], [82,44,-0.708251461702], [60,45,-0.999995436656], [61,45,0.003021037576], [84,45,0.999995436656], [85,45,-0.003021037576], [60,46,-0.999997382300], [61,46,0.002288098366], [108,46,0.999997382300], [109,46,-0.002288098366], [63,47,-0.006063983793], [64,47,-0.999981613881], [66,47,0.006063983793], [67,47,0.999981613881], [63,48,0.000049195966], [64,48,-0.999999998790], [69,48,-0.000049195966], [70,48,0.999999998790], [63,49,-0.705560583029], [64,49,0.708649605712], [84,49,0.705560583029], [85,49,-0.708649605712], [63,50,-0.999987360555], [64,50,0.005027795679], [87,50,0.999987360555], [88,50,-0.005027795679], [63,51,-0.711707771833], [64,51,-0.702475656171], [90,51,0.711707771833], [91,51,0.702475656171], [63,52,-0.999993048412], [64,52,0.003728689823], [111,52,0.999993048412], [112,52,-0.003728689823], [66,53,0.006132194214], [67,53,-0.999981197920], [69,53,-0.006132194214], [70,53,0.999981197920], [66,54,-0.706136218043], [67,54,0.708076013975], [87,54,0.706136218043], [88,54,-0.708076013975], [66,55,-0.999998138038], [67,55,0.001929746482], [90,55,0.999998138038], [91,55,-0.001929746482], [66,56,-0.999996673327], [67,56,0.002579406071], [114,56,0.999996673327], [115,56,-0.002579406071], [69,57,-0.708638075684], [70,57,0.705572163347], [90,57,0.708638075684], [91,57,-0.705572163347], [69,58,-0.999999107693], [70,58,-0.001335893879], [117,58,0.999999107693], [118,58,0.001335893879], [72,59,0.007115412267], [73,59,-0.999974685134], [75,59,-0.007115412267], [76,59,0.999974685134], [72,60,0.000092079509], [73,60,-0.999999995761], [78,60,-0.000092079509], [79,60,0.999999995761], [72,61,-0.999991061325], [73,61,-0.004228152143], [120,61,0.999991061325], [121,61,0.004228152143], [75,62,-0.006965088414], [76,62,-0.999975743478], [78,62,0.006965088414], [79,62,0.999975743478], [78,63,-0.707374848042], [79,63,0.706838612667], [99,63,0.707374848042], [100,63,-0.706838612667], [81,64,-0.707708447582], [82,64,-0.706504602407], [108,64,0.707708447582], [109,64,0.706504602407], [84,65,-0.999998791437], [85,65,0.001554710688], [108,65,0.999998791437], [109,65,-0.001554710688], [84,66,-0.706884902560], [85,66,-0.707328590213], [111,66,0.706884902560], [112,66,0.707328590213], [87,67,-0.708088254180], [88,67,-0.706123944002], [114,67,0.708088254180], [115,67,0.706123944002], [90,68,-0.703377240873], [91,68,-0.710816753476], [117,68,0.703377240873], [118,68,0.710816753476], [90,69,-0.999996152016], [91,69,-0.002774157965], [138,69,0.999996152016], [139,69,0.002774157965], [93,70,-0.999989399582], [94,70,-0.004604424371], [117,70,0.999989399582], [118,70,0.004604424371], [93,71,-0.999998926845], [94,71,-0.001465028573], [141,71,0.999998926845], [142,71,0.001465028573], [96,72,-0.000981729585], [97,72,-0.999999518103], [102,72,0.000981729585], [103,72,0.999999518103], [96,73,-0.999999448355], [97,73,-0.001050376400], [120,73,0.999999448355], [121,73,0.001050376400], [96,74,-0.710006699211], [97,74,-0.704194921222], [123,74,0.710006699211], [124,74,0.704194921222], [99,75,0.007208435658], [100,75,-0.999974018890], [102,75,-0.007208435658], [103,75,0.999974018890], [99,76,0.000128030233], [100,76,-0.999999991804], [105,76,-0.000128030233], [106,76,0.999999991804], [99,77,-0.999998964530], [100,77,0.001439075544], [123,77,0.999998964530], [124,77,-0.001439075544], [99,78,-0.709809444581], [100,78,-0.704393748115], [126,78,0.709809444581], [127,78,0.704393748115], [99,79,-0.999994781899], [100,79,0.003230507004], [147,79,0.999994781899], [148,79,-0.003230507004], [102,80,-0.999972216198], [103,80,0.007454316302], [126,80,0.999972216198], [127,80,-0.007454316302], [105,81,-0.704963924248], [106,81,0.709243163879], [126,81,0.704963924248], [127,81,-0.709243163879], [105,82,-0.999997446864], [106,82,-0.002259704612], [129,82,0.999997446864], [130,82,0.002259704612], [105,83,-0.999994519885], [106,83,0.003310619388], [153,83,0.999994519885], [154,83,-0.003310619388], [108,84,-0.000450188724], [109,84,-0.999999898665], [114,84,0.000450188724], [115,84,0.999999898665], [108,85,-0.999999594275], [109,85,-0.000900805502], [156,85,0.999999594275], [157,85,0.000900805502], [111,86,-0.001634905931], [112,86,-0.999998663540], [114,86,0.001634905931], [115,86,0.999998663540], [111,87,-0.000384562219], [112,87,-0.999999926056], [117,87,0.000384562219], [118,87,0.999999926056], [111,88,-0.705285640422], [112,88,0.708923243669], [132,88,0.705285640422], [133,88,-0.708923243669], [114,89,0.000852824151], [115,89,-0.999999636345], [117,89,-0.000852824151], [118,89,0.999999636345], [114,90,-0.999961516610], [115,90,-0.008772986837], [138,90,0.999961516610], [139,90,0.008772986837], [114,91,-0.999990671929], [115,91,-0.004319265520], [162,91,0.999990671929], [163,91,0.004319265520], [117,92,-0.706387530189], [118,92,0.707825301324], [138,92,0.706387530189], [139,92,-0.707825301324], [123,93,-0.703216196420], [124,93,0.710976076315], [144,93,0.703216196420], [145,93,-0.710976076315], [123,94,-0.999987355643], [124,94,0.005028772661], [147,94,0.999987355643], [148,94,-0.005028772661], [129,95,0.000371956811], [130,95,-0.999999930824], [135,95,-0.000371956811], [136,95,0.999999930824], [129,96,-0.705304053438], [130,96,0.708904924657], [150,96,0.705304053438], [151,96,-0.708904924657], [129,97,-0.999961033195], [130,97,0.008827915527], [153,97,0.999961033195], [154,97,-0.008827915527], [129,98,-0.708506431994], [130,98,-0.705704354403], [156,98,0.708506431994], [157,98,0.705704354403], [129,99,-0.999987944369], [130,99,0.004910307088], [177,99,0.999987944369], [178,99,-0.004910307088], [132,100,-0.003441346583], [133,100,-0.999994078549], [135,100,0.003441346583], [136,100,0.999994078549], [132,101,-0.999993845718], [133,101,-0.003508350888], [156,101,0.999993845718], [157,101,0.003508350888], [132,102,-0.999990378391], [133,102,-0.004386698632], [180,102,0.999990378391], [181,102,0.004386698632], [135,103,-0.704950609226], [136,103,0.709256398316], [156,103,0.704950609226], [157,103,-0.709256398316], [135,104,-0.999999267418], [136,104,0.001210439422], [183,104,0.999999267418], [184,104,-0.001210439422], [138,105,0.001250601178], [139,105,-0.999999217998], [141,105,-0.001250601178], [142,105,0.999999217998], [138,106,-0.999999995112], [139,106,0.000098873515], [162,106,0.999999995112], [163,106,-0.000098873515], [141,107,-0.709929433661], [142,107,0.704272815904], [162,107,0.709929433661], [163,107,-0.704272815904], [141,108,-0.999986180188], [142,108,0.005257321844], [165,108,0.999986180188], [166,108,-0.005257321844], [141,109,-0.999996348858], [142,109,0.002702271227], [189,109,0.999996348858], [190,109,-0.002702271227], [144,110,-0.000789851917], [145,110,-0.999999688067], [147,110,0.000789851917], [148,110,0.999999688067], [144,111,-0.999996270936], [145,111,-0.002730954847], [168,111,0.999996270936], [169,111,0.002730954847], [150,112,-0.005986092140], [151,112,-0.999982083190], [153,112,0.005986092140], [154,112,0.999982083190], [150,113,0.000385213394], [151,113,-0.999999925805], [156,113,-0.000385213394], [157,113,0.999999925805], [150,114,-0.999999920692], [151,114,-0.000398265220], [174,114,0.999999920692], [175,114,0.000398265220], [150,115,-0.710887858694], [151,115,-0.703305376320], [177,115,0.710887858694], [178,115,0.703305376320], [153,116,0.006706134222], [154,116,-0.999977513629], [156,116,-0.006706134222], [157,116,0.999977513629], [153,117,-0.708396212759], [154,117,0.705814993996], [174,117,0.708396212759], [175,117,-0.705814993996], [153,118,-0.702859806572], [154,118,-0.711328399760], [180,118,0.702859806572], [181,118,0.711328399760], [159,119,0.001657544750], [160,119,-0.999998626272], [162,119,-0.001657544750], [163,119,0.999998626272], [159,120,0.000364914941], [160,120,-0.999999933419], [165,120,-0.000364914941], [166,120,0.999999933419], [159,121,-0.707556968705], [160,121,0.706656306869], [180,121,0.707556968705], [181,121,-0.706656306869], [159,122,-0.999999400928], [160,122,-0.001094597781], [183,122,0.999999400928], [184,122,0.001094597781], [159,123,-0.706442507631], [160,123,-0.707770431293], [186,123,0.706442507631], [187,123,0.707770431293], [162,124,-0.000942659077], [163,124,-0.999999555697], [165,124,0.000942659077], [166,124,0.999999555697], [162,125,-0.708460104436], [163,125,-0.705750862856], [189,125,0.708460104436], [190,125,0.705750862856], [165,126,-0.999999993076], [166,126,0.000117680543], [189,126,0.999999993076], [190,126,-0.000117680543], [171,127,-0.000175799646], [172,127,-0.999999984547], [177,127,0.000175799646], [178,127,0.999999984547], [174,128,-0.000558740279], [175,128,-0.999999843905], [177,128,0.000558740279], [178,128,0.999999843905], [174,129,0.001016713639], [175,129,-0.999999483147], [180,129,-0.001016713639], [181,129,0.999999483147], [177,130,0.002567900040], [178,130,-0.999996702939], [180,130,-0.002567900040], [181,130,0.999996702939], [183,131,-0.004697837962], [184,131,-0.999988965098], [186,131,0.004697837962], [187,131,0.999988965098], [183,132,0.001238527794], [184,132,-0.999999233024], [189,132,-0.001238527794], [190,132,0.999999233024], [186,133,0.007232982397], [187,133,-0.999973841641], [189,133,-0.007232982397], [190,133,0.999973841641], ]
},
"Q": {
"shape": [134, 134],
"data": [[0,0,2.000000000000], [1,0,-0.006689237791], [2,0,-0.006096238779], [3,0,0.707533669535], [4,0,0.003953254398], [0,1,-0.006689237791], [1,1,2.000000000000], [2,1,0.999999824169], [3,1,0.711396685239], [0,2,-0.006096238779], [1,2,0.999999824169], [2,2,2.000000000000], [21,2,0.709688156247], [35,2,-0.700586261214], [0,3,0.707533669535], [1,3,0.711396685239], [3,3,2.000000000000], [4,3,0.709471173462], [0,4,0.003953254398], [3,4,0.709471173462], [4,4,2.000000000000], [22,4,0.999995658265], [25,4,0.708086915423], [36,4,0.002448375118], [37,4,0.002083693579], [38,4,-0.705136651725], [5,5,2.000000000000], [6,5,0.999983663610], [7,5,0.709402685663], [8,5,-0.008812640594], [5,6,0.999983663610], [6,6,2.000000000000], [7,6,0.705362449231], [9,6,-0.999999944385], [10,6,-0.999999752235], [11,6,-0.704811354173], [5,7,0.709402685663], [6,7,0.705362449231], [7,7,2.000000000000], [8,7,0.711027739746], [26,7,-0.704276360057], [5,8,-0.008812640594], [7,8,0.711027739746], [8,8,2.000000000000], [26,8,-0.001565709503], [6,9,-0.999999944385], [9,9,2.000000000000], [10,9,0.999999931392], [11,9,0.705047906378], [12,9,-0.999998818141], [6,10,-0.999999752235], [9,10,0.999999931392], [10,10,2.000000000000], [11,10,0.705310550253], [13,10,-0.999998088292], [14,10,-0.003026756871], [15,10,-0.710879031504], [16,10,-0.002445670689], [6,11,-0.704811354173], [9,11,0.705047906378], [10,11,0.705310550253], [11,11,2.000000000000], [26,11,0.703724426704], [27,11,0.702367666058], [30,11,-0.006427928713], [31,11,-0.711402712666], [9,12,-0.999998818141], [12,12,2.000000000000], [13,12,0.999999689257], [17,12,0.706376857055], [18,12,-0.004946229530], [19,12,-0.001892649613], [10,13,-0.999998088292], [12,13,0.999999689257], [13,13,2.000000000000], [14,13,0.004982096760], [15,13,0.712252901383], [16,13,0.004401014798], [17,13,0.705818619122], [18,13,-0.005734562640], [19,13,-0.002680991903], [10,14,-0.003026756871], [13,14,0.004982096760], [14,14,2.000000000000], [15,14,0.705462734930], [16,14,0.999999831168], [17,14,0.704867352505], [32,14,-0.999999323235], [33,14,-0.705918575314], [34,14,-0.999997183911], [10,15,-0.710879031504], [13,15,0.712252901383], [14,15,0.705462734930], [15,15,2.000000000000], [16,15,0.705050771205], [18,15,0.705995850770], [10,16,-0.002445670689], [13,16,0.004401014798], [14,16,0.999999831168], [15,16,0.705050771205], [16,16,2.000000000000], [32,16,0.999999830449], [47,16,0.007135941154], [53,16,0.005060230291], [54,16,-0.705376768600], [55,16,-0.999995494817], [56,16,-0.999993333684], [12,17,0.706376857055], [13,17,0.705818619122], [14,17,0.704867352505], [17,17,2.000000000000], [18,17,0.704333391825], [19,17,0.706497760953], [32,17,-0.705692129569], [33,17,0.004840985724], [34,17,-0.706548784875], [12,18,-0.004946229530], [13,18,-0.005734562640], [15,18,0.705995850770], [17,18,0.704333391825], [18,18,2.000000000000], [19,18,0.999995337770], [12,19,-0.001892649613], [13,19,-0.002680991903], [17,19,0.706497760953], [18,19,0.999995337770], [19,19,2.000000000000], [33,19,0.704286839004], [48,19,-0.000697249040], [53,19,-0.006780233826], [57,19,-0.709095175097], [58,19,-0.999998031977], [20,20,2.000000000000], [21,20,-0.706230751505], [22,20,-0.003222941251], [23,20,0.706849678458], [24,20,0.000794016084], [25,20,0.706320814032], [2,21,0.709688156247], [20,21,-0.706230751505], [21,21,2.000000000000], [22,21,0.710254190088], [23,21,0.001601658305], [24,21,0.707420745149], [35,21,0.005522066441], [4,22,0.999995658265], [20,22,-0.003222941251], [21,22,0.710254190088], [22,22,2.000000000000], [23,22,0.705081981653], [24,22,0.999991932015], [25,22,0.710164629606], [36,22,0.005395125229], [37,22,0.005030447708], [38,22,-0.703044120074], [20,23,0.706849678458], [21,23,0.001601658305], [22,23,0.705081981653], [23,23,2.000000000000], [24,23,0.707924817498], [36,23,0.705311473183], [39,23,0.001182314995], [40,23,-0.708202803071], [41,23,-0.999999884822], [42,23,-0.708317492474], [20,24,0.000794016084], [21,24,0.707420745149], [22,24,0.999991932015], [23,24,0.707924817498], [24,24,2.000000000000], [35,24,0.702875477128], [39,24,0.705450313634], [59,24,-0.007037980763], [62,24,-0.007042519958], [4,25,0.708086915423], [20,25,0.706320814032], [22,25,0.710164629606], [25,25,2.000000000000], [36,25,0.707856832414], [37,25,0.707599189718], [38,25,0.001395234728], [7,26,-0.704276360057], [8,26,-0.001565709503], [11,26,0.703724426704], [26,26,2.000000000000], [27,26,0.999998180042], [30,26,0.705934865094], [31,26,-0.001321966369], [11,27,0.702367666058], [26,27,0.999998180042], [27,27,2.000000000000], [28,27,-0.709258103194], [29,27,-0.001174112897], [30,27,0.707284870043], [31,27,0.000585889887], [27,28,-0.709258103194], [28,28,2.000000000000], [29,28,0.705781157116], [37,28,-0.708074066776], [43,28,0.707805096924], [27,29,-0.001174112897], [28,29,0.705781157116], [29,29,2.000000000000], [45,29,0.999989346021], [49,29,0.704429378365], [65,29,-0.999995039612], [66,29,-0.708012203498], [11,30,-0.006427928713], [26,30,0.705934865094], [27,30,0.707284870043], [30,30,2.000000000000], [31,30,0.707342917186], [43,30,-0.705827791606], [44,30,-0.999991441064], [45,30,-0.711012075106], [46,30,-0.710496494300], [11,31,-0.711402712666], [26,31,-0.001321966369], [27,31,0.000585889887], [30,31,0.707342917186], [31,31,2.000000000000], [50,31,0.999974000446], [54,31,0.704588636834], [67,31,-0.709628203082], [14,32,-0.999999323235], [16,32,0.999999830449], [17,32,-0.705692129569], [32,32,2.000000000000], [33,32,0.705094060579], [34,32,0.999999268182], [47,32,0.006553630305], [53,32,0.005642546442], [54,32,-0.705789419550], [55,32,-0.999997073244], [56,32,-0.999995290423], [14,33,-0.705918575314], [17,33,0.004840985724], [19,33,0.704286839004], [32,33,0.705094060579], [33,33,2.000000000000], [34,33,0.704235652779], [48,33,0.709424286133], [53,33,0.705123974418], [57,33,0.001164107943], [58,33,-0.705693887086], [14,34,-0.999997183911], [17,34,-0.706548784875], [32,34,0.999999268182], [33,34,0.704235652779], [34,34,2.000000000000], [51,34,0.711201697791], [55,34,0.999999268440], [57,34,0.709146011374], [68,34,-0.702865162130], [69,34,-0.999993894891], [2,35,-0.700586261214], [21,35,0.005522066441], [24,35,0.702875477128], [35,35,2.000000000000], [39,35,-0.008305973259], [59,35,0.706348474329], [62,35,-0.716245290259], [4,36,0.002448375118], [22,36,0.005395125229], [23,36,0.705311473183], [25,36,0.707856832414], [36,36,2.000000000000], [37,36,0.999999933503], [38,36,0.707342872420], [39,36,0.709730947382], [40,36,0.000984523742], [41,36,-0.705651630432], [42,36,0.000822063074], [4,37,0.002083693579], [22,37,0.005030447708], [25,37,0.707599189718], [28,37,-0.708074066776], [36,37,0.999999933503], [37,37,2.000000000000], [38,37,0.707600608704], [43,37,-0.999999927484], [4,38,-0.705136651725], [22,38,-0.703044120074], [25,38,0.001395234728], [36,38,0.707342872420], [37,38,0.707600608704], [38,38,2.000000000000], [40,38,0.706173872668], [60,38,0.708306062565], [62,38,0.713270116041], [63,38,0.001410384889], [23,39,0.001182314995], [24,39,0.705450313634], [35,39,-0.008305973259], [36,39,0.709730947382], [39,39,2.000000000000], [40,39,0.705171245571], [41,39,-0.001662268910], [42,39,0.705056045589], [59,39,-0.713706769327], [62,39,0.703773653027], [23,40,-0.708202803071], [36,40,0.000984523742], [38,40,0.706173872668], [39,40,0.705171245571], [40,40,2.000000000000], [41,40,0.707863869357], [42,40,0.999999986803], [60,40,0.000379018428], [62,40,0.007436174143], [63,40,-0.707041779341], [23,41,-0.999999884822], [36,41,-0.705651630432], [39,41,-0.001662268910], [40,41,0.707863869357], [41,41,2.000000000000], [42,41,0.707978613973], [44,41,-0.001019975247], [64,41,-0.999999968478], [23,42,-0.708317492474], [36,42,0.000822063074], [39,42,0.705056045589], [40,42,0.999999986803], [41,42,0.707978613973], [42,42,2.000000000000], [72,42,0.001615287720], [75,42,-0.006574892034], [80,42,-0.999967292759], [28,43,0.707805096924], [30,43,-0.705827791606], [37,43,-0.999999927484], [43,43,2.000000000000], [44,43,0.708752592161], [45,43,0.003731143007], [46,43,0.002998205363], [30,44,-0.999991441064], [41,44,-0.001019975247], [43,44,0.708752592161], [44,44,2.000000000000], [45,44,0.708096677369], [46,44,0.707578945649], [64,44,0.000768888573], [29,45,0.999989346021], [30,45,-0.711012075106], [43,45,0.003731143007], [44,45,0.708096677369], [45,45,2.000000000000], [46,45,0.999999731398], [49,45,0.707698220400], [65,45,-0.999998924937], [66,45,-0.704744810551], [30,46,-0.710496494300], [43,46,0.002998205363], [44,46,0.707578945649], [45,46,0.999999731398], [46,46,2.000000000000], [64,46,0.706090042987], [65,46,0.999999731070], [84,46,0.001837910588], [85,46,-0.999994915444], [16,47,0.007135941154], [32,47,0.006553630305], [47,47,2.000000000000], [48,47,0.999981314348], [49,47,-0.704358068456], [50,47,0.001036203910], [51,47,0.706778524763], [52,47,0.002335320372], [53,47,-0.999925626621], [54,47,0.703780996624], [55,47,-0.004134261500], [56,47,-0.003484604974], [19,48,-0.000697249040], [33,48,0.709424286133], [47,48,0.999981314348], [48,48,2.000000000000], [49,48,-0.708684315589], [50,48,-0.005076991018], [51,48,0.702440642169], [52,48,-0.003777885443], [53,48,0.999981498389], [57,48,0.705607024628], [58,48,-0.001286697955], [29,49,0.704429378365], [45,49,0.707698220400], [47,49,-0.704358068456], [48,49,-0.708684315589], [49,49,2.000000000000], [50,49,0.709114610561], [51,49,0.004343853673], [52,49,0.708198012835], [65,49,-0.706661475430], [66,49,0.002498002579], [31,50,0.999974000446], [47,50,0.001036203910], [48,50,-0.005076991018], [49,50,0.709114610561], [50,50,2.000000000000], [51,50,0.708166872173], [52,50,0.999999156146], [54,50,0.709687354398], [67,50,-0.704529057423], [34,51,0.711201697791], [47,51,0.706778524763], [48,51,0.702440642169], [49,51,0.004343853673], [50,51,0.708166872173], [51,51,2.000000000000], [52,51,0.709083510504], [55,51,0.710350846734], [57,51,0.008695957458], [68,51,-0.999930514175], [69,51,-0.713653811630], [47,52,0.002335320372], [48,52,-0.003777885443], [49,52,0.708198012835], [50,52,0.999999156146], [51,52,0.709083510504], [52,52,2.000000000000], [66,52,0.704242579671], [86,52,0.002093790274], [87,52,0.003344130002], [88,52,-0.707924092451], [16,53,0.005060230291], [19,53,-0.006780233826], [32,53,0.005642546442], [33,53,0.705123974418], [47,53,-0.999925626621], [48,53,0.999981498389], [53,53,2.000000000000], [54,53,-0.712392865104], [55,53,-0.008061892995], [56,53,-0.008711531387], [57,53,0.709904403431], [58,53,0.004796319981], [16,54,-0.705376768600], [31,54,0.704588636834], [32,54,-0.705789419550], [47,54,0.703780996624], [50,54,0.709687354398], [53,54,-0.712392865104], [54,54,2.000000000000], [55,54,0.707501310442], [56,54,0.707960284528], [67,54,-0.000017334206], [16,55,-0.999995494817], [32,55,-0.999997073244], [34,55,0.999999268440], [47,55,-0.004134261500], [51,55,0.710350846734], [53,55,-0.008061892995], [54,55,0.707501310442], [55,55,2.000000000000], [56,55,0.999999788970], [57,55,0.709998331627], [68,55,-0.702004235082], [69,55,-0.999988936640], [16,56,-0.999993333684], [32,56,-0.999995290423], [47,56,-0.003484604974], [53,56,-0.008711531387], [54,56,0.707960284528], [55,56,0.999999788970], [56,56,2.000000000000], [67,56,0.706264518213], [84,56,-0.002129218583], [86,56,-0.000944502132], [89,56,0.003432226448], [90,56,-0.999935560970], [91,56,-0.999976204147], [19,57,-0.709095175097], [33,57,0.001164107943], [34,57,0.709146011374], [48,57,0.705607024628], [51,57,0.008695957458], [53,57,0.709904403431], [55,57,0.709998331627], [57,57,2.000000000000], [58,57,0.707694873828], [68,57,0.003092620041], [69,57,-0.706677980220], [19,58,-0.999998031977], [33,58,-0.705693887086], [48,58,-0.001286697955], [53,58,0.004796319981], [57,58,0.707694873828], [58,58,2.000000000000], [68,58,0.704326188995], [70,58,0.999994658307], [87,58,0.001720455656], [89,58,0.000483070003], [92,58,-0.705441320387], [24,59,-0.007037980763], [35,59,0.706348474329], [39,59,-0.713706769327], [59,59,2.000000000000], [60,59,0.999975336078], [61,59,-0.002887303557], [62,59,-0.999900869750], [38,60,0.708306062565], [40,60,0.000379018428], [59,60,0.999975336078], [60,60,2.000000000000], [61,60,0.004136073439], [62,60,0.999975097896], [63,60,0.706903744399], [59,61,-0.002887303557], [60,61,0.004136073439], [61,61,2.000000000000], [73,61,0.999994950835], [24,62,-0.007042519958], [35,62,-0.716245290259], [38,62,0.713270116041], [39,62,0.703773653027], [40,62,0.007436174143], [59,62,-0.999900869750], [60,62,0.999975097896], [62,62,2.000000000000], [63,62,0.701894538862], [38,63,0.001410384889], [40,63,-0.707041779341], [60,63,0.706903744399], [62,63,0.701894538862], [63,63,2.000000000000], [75,63,0.711919314293], [76,63,0.706929172240], [77,63,-0.708391309738], [78,63,-0.004208648311], [79,63,-0.709654603978], [41,64,-0.999999968478], [44,64,0.000768888573], [46,64,0.706090042987], [64,64,2.000000000000], [65,64,0.706609182015], [84,64,-0.706823133176], [85,64,-0.708344583679], [29,65,-0.999995039612], [45,65,-0.999998924937], [46,65,0.999999731070], [49,65,-0.706661475430], [64,65,0.706609182015], [65,65,2.000000000000], [66,65,0.705784356926], [84,65,0.001104522350], [85,65,-0.999996985220], [29,66,-0.708012203498], [45,66,-0.704744810551], [49,66,0.002498002579], [52,66,0.704242579671], [65,66,0.705784356926], [66,66,2.000000000000], [86,66,-0.708483335217], [87,66,-0.707600379137], [88,66,0.002885907307], [31,67,-0.709628203082], [50,67,-0.704529057423], [54,67,-0.000017334206], [56,67,0.706264518213], [67,67,2.000000000000], [84,67,0.706442645795], [86,67,0.707280657982], [89,67,-0.705519812452], [90,67,-0.714255820610], [91,67,-0.711131585886], [34,68,-0.702865162130], [51,68,-0.999930514175], [55,68,-0.702004235082], [57,68,0.003092620041], [58,68,0.704326188995], [68,68,2.000000000000], [69,68,0.705346452247], [70,68,0.706642686764], [87,68,0.711087193227], [89,68,0.710216637885], [92,68,0.006277170743], [34,69,-0.999993894891], [51,69,-0.713653811630], [55,69,-0.999988936640], [57,69,-0.706677980220], [68,69,0.705346452247], [69,69,2.000000000000], [90,69,0.999982006426], [92,69,0.704421192824], [105,69,-0.001523559429], [106,69,-0.999995872838], [58,70,0.999994658307], [68,70,0.706642686764], [70,70,2.000000000000], [71,70,0.999995072052], [87,70,0.004988982173], [89,70,0.003751607586], [92,70,-0.703120914118], [70,71,0.999995072052], [71,71,2.000000000000], [105,71,0.000214427591], [107,71,-0.708896891998], [108,71,-0.999977404921], [109,71,-0.999991316803], [42,72,0.001615287720], [72,72,2.000000000000], [73,72,0.002032104938], [74,72,0.704891616456], [75,72,0.999966460272], [80,72,0.006472610400], [61,73,0.999994950835], [72,73,0.002032104938], [73,73,2.000000000000], [74,73,0.710745977265], [72,74,0.704891616456], [73,74,0.710745977265], [74,74,2.000000000000], [77,74,0.708992574332], [93,74,0.001377531600], [94,74,-0.706456485465], [42,75,-0.006574892034], [63,75,0.711919314293], [72,75,0.999966460272], [75,75,2.000000000000], [76,75,0.999974933592], [77,75,-0.008647466348], [78,75,0.699258831473], [79,75,-0.010438821116], [80,75,0.014662358010], [63,76,0.706929172240], [75,76,0.999974933592], [76,76,2.000000000000], [77,76,-0.001567105632], [78,76,0.704302865273], [79,76,-0.003358536543], [81,76,0.709333414762], [82,76,-0.002131674687], [83,76,0.003438648892], [63,77,-0.708391309738], [74,77,0.708992574332], [75,77,-0.008647466348], [76,77,-0.001567105632], [77,77,2.000000000000], [78,77,0.708795033779], [79,77,0.999998395378], [93,77,-0.704238616545], [94,77,-0.999993556970], [63,78,-0.004208648311], [75,78,0.699258831473], [76,78,0.704302865273], [77,78,0.708795033779], [78,78,2.000000000000], [79,78,0.707530191786], [80,78,0.704538949577], [81,78,0.000803600991], [63,79,-0.709654603978], [75,79,-0.010438821116], [76,79,-0.003358536543], [77,79,0.999998395378], [78,79,0.707530191786], [79,79,2.000000000000], [94,79,0.999998383093], [110,79,-0.002440658202], [42,80,-0.999967292759], [72,80,0.006472610400], [75,80,0.014662358010], [78,80,0.704538949577], [80,80,2.000000000000], [81,80,0.710231260549], [76,81,0.709333414762], [78,81,0.000803600991], [80,81,0.710231260549], [81,81,2.000000000000], [82,81,0.703359444331], [83,81,0.707308095133], [76,82,-0.002131674687], [81,82,0.703359444331], [82,82,2.000000000000], [83,82,0.999984485741], [95,82,-0.001887748594], [96,82,-0.703700336974], [97,82,-0.999938531677], [98,82,-0.710099306465], [99,82,-0.999974295421], [76,83,0.003438648892], [81,83,0.707308095133], [82,83,0.999984485741], [83,83,2.000000000000], [97,83,0.999984779161], [112,83,0.002675499263], [116,83,0.010016642415], [117,83,-0.710729015469], [118,83,-0.700501017228], [46,84,0.001837910588], [56,84,-0.002129218583], [64,84,-0.706823133176], [65,84,0.001104522350], [67,84,0.706442645795], [84,84,2.000000000000], [85,84,0.001350993952], [86,84,0.999999298222], [89,84,-0.999999151079], [90,84,-0.009223157348], [91,84,-0.004769449607], [46,85,-0.999994915444], [64,85,-0.708344583679], [65,85,-0.999996985220], [84,85,0.001350993952], [85,85,2.000000000000], [98,85,0.709141846900], [101,85,0.999996600337], [103,85,0.704311421143], [113,85,0.000515592197], [116,85,-0.005805346255], [52,86,0.002093790274], [56,86,-0.000944502132], [66,86,-0.708483335217], [67,86,0.707280657982], [84,86,0.999999298222], [86,86,2.000000000000], [87,86,0.999999218320], [88,86,-0.707769220545], [89,86,-0.999996905599], [90,86,-0.010407818127], [91,86,-0.005954150428], [52,87,0.003344130002], [58,87,0.001720455656], [66,87,-0.707600379137], [68,87,0.711087193227], [70,87,0.004988982173], [86,87,0.999999218320], [87,87,2.000000000000], [88,87,-0.708651965037], [89,87,0.999999234437], [92,87,0.707553599028], [52,88,-0.707924092451], [66,88,0.002885907307], [86,88,-0.707769220545], [87,88,-0.708651965037], [88,88,2.000000000000], [100,88,0.706491913486], [101,88,-0.702794148404], [102,88,-0.702169021816], [56,89,0.003432226448], [58,89,0.000483070003], [67,89,-0.705519812452], [68,89,0.710216637885], [70,89,0.003751607586], [84,89,-0.999999151079], [86,89,-0.999996905599], [87,89,0.999999234437], [89,89,2.000000000000], [90,89,0.007920192315], [91,89,0.003466447753], [92,89,0.708427468266], [56,90,-0.999935560970], [67,90,-0.714255820610], [69,90,0.999982006426], [84,90,-0.009223157348], [86,90,-0.010407818127], [89,90,0.007920192315], [90,90,2.000000000000], [91,90,0.999990081758], [92,90,0.700150603951], [105,90,-0.007522426926], [106,90,-0.999960644307], [56,91,-0.999976204147], [67,91,-0.711131585886], [84,91,-0.004769449607], [86,91,-0.005954150428], [89,91,0.003466447753], [90,91,0.999990081758], [91,91,2.000000000000], [106,91,0.999990239980], [107,91,0.706880870099], [119,91,0.002661730298], [124,91,-0.005261913885], [125,91,-0.711501821238], [58,92,-0.705441320387], [68,92,0.006277170743], [69,92,0.704421192824], [70,92,-0.703120914118], [87,92,0.707553599028], [89,92,0.708427468266], [90,92,0.700150603951], [92,92,2.000000000000], [105,92,0.708708156880], [106,92,-0.706457511911], [74,93,0.001377531600], [77,93,-0.704238616545], [93,93,2.000000000000], [94,93,0.706782641759], [110,93,0.710420417878], [111,93,-0.701271930520], [74,94,-0.706456485465], [77,94,-0.999993556970], [79,94,0.999998383093], [93,94,0.706782641759], [94,94,2.000000000000], [110,94,-0.004238929163], [82,95,-0.001887748594], [95,95,2.000000000000], [96,95,-0.709167218265], [97,95,-0.009199857233], [98,95,0.705440771792], [99,95,-0.005282259075], [100,95,0.999992729341], [103,95,0.709518560433], [104,95,0.001582395877], [82,96,-0.703700336974], [95,96,-0.709167218265], [96,96,2.000000000000], [97,96,0.711534722784], [98,96,-0.000564833815], [99,96,0.708776491429], [112,96,0.704670208292], [113,96,0.709176564629], [114,96,-0.705021665326], [115,96,-0.002815443465], [82,97,-0.999938531677], [83,97,0.999984779161], [95,97,-0.009199857233], [96,97,0.711534722784], [97,97,2.000000000000], [98,97,0.702248925334], [99,97,0.999992325810], [112,97,-0.002841898478], [116,97,0.015533589925], [117,97,-0.714599483966], [118,97,-0.696552871345], [82,98,-0.710099306465], [85,98,0.709141846900], [95,98,0.705440771792], [96,98,-0.000564833815], [97,98,0.702248925334], [98,98,2.000000000000], [99,98,0.705032665409], [101,98,0.710977930144], [103,98,-0.001063287805], [113,98,0.705431375875], [116,98,0.700937146443], [82,99,-0.999974295421], [95,99,-0.005282259075], [96,99,0.708776491429], [97,99,0.999992325810], [98,99,0.705032665409], [99,99,2.000000000000], [115,99,0.707425843119], [127,99,-0.004734509485], [128,99,-0.004351572779], [130,99,0.007478159981], [88,100,0.706491913486], [95,100,0.999992729341], [100,100,2.000000000000], [101,100,0.006949655517], [102,100,0.007827986128], [103,100,0.706826219119], [104,100,-0.002230911808], [85,101,0.999996600337], [88,101,-0.702794148404], [98,101,0.710977930144], [100,101,0.006949655517], [101,101,2.000000000000], [102,101,0.999999614247], [103,101,0.702457950446], [113,101,0.003123139604], [116,101,-0.003197820953], [88,102,-0.702169021816], [100,102,0.007827986128], [101,102,0.999999614247], [102,102,2.000000000000], [118,102,0.705973427248], [121,102,0.704450272614], [129,102,0.003369992509], [130,102,0.001818808836], [85,103,0.704311421143], [95,103,0.709518560433], [98,103,-0.001063287805], [100,103,0.706826219119], [101,103,0.702457950446], [103,103,2.000000000000], [104,103,0.705808604696], [113,103,-0.709527902110], [116,103,-0.713967943119], [95,104,0.001582395877], [100,104,-0.002230911808], [103,104,0.705808604696], [104,104,2.000000000000], [122,104,0.999997343402], [131,104,-0.003487408455], [132,104,0.002448965381], [69,105,-0.001523559429], [71,105,0.000214427591], [90,105,-0.007522426926], [92,105,0.708708156880], [105,105,2.000000000000], [106,105,-0.001349474609], [107,105,0.705160103748], [108,105,0.006507901627], [109,105,0.003952865726], [69,106,-0.999995872838], [90,106,-0.999960644307], [91,106,0.999990239980], [92,106,-0.706457511911], [105,106,-0.001349474609], [106,106,2.000000000000], [107,106,0.709999064119], [119,106,-0.001756418121], [124,106,-0.000843785602], [125,106,-0.708390320905], [71,107,-0.708896891998], [91,107,0.706880870099], [105,107,0.705160103748], [106,107,0.709999064119], [107,107,2.000000000000], [108,107,0.713622211429], [109,107,0.711829977774], [119,107,-0.705448588231], [124,107,0.703603281569], [125,107,-0.005915533203], [71,108,-0.999977404921], [105,108,0.006507901627], [107,108,0.713622211429], [108,108,2.000000000000], [109,108,0.999996735806], [120,108,-0.005622231391], [124,108,-0.004314673458], [126,108,-0.999986791948], [71,109,-0.999991316803], [105,109,0.003952865726], [107,109,0.711829977774], [108,109,0.999996735806], [109,109,2.000000000000], [125,109,0.706550387498], [126,109,0.999996659939], [132,109,-0.003940792427], [133,109,-0.009935156528], [79,110,-0.002440658202], [93,110,0.710420417878], [94,110,-0.004238929163], [110,110,2.000000000000], [111,110,0.003520802967], [93,111,-0.701271930520], [110,111,0.003520802967], [111,111,2.000000000000], [83,112,0.002675499263], [96,112,0.704670208292], [97,112,-0.002841898478], [112,112,2.000000000000], [113,112,0.999979703074], [114,112,0.006384349749], [115,112,0.707548215555], [116,112,-0.999919453685], [117,112,0.701561823041], [118,112,-0.715523038588], [85,113,0.000515592197], [96,113,0.709176564629], [98,113,0.705431375875], [101,113,0.003123139604], [103,113,-0.709527902110], [112,113,0.999979703074], [113,113,2.000000000000], [114,113,0.000013051827], [115,113,0.703031480614], [116,113,0.999980022729], [96,114,-0.705021665326], [112,114,0.006384349749], [113,114,0.000013051827], [114,114,2.000000000000], [115,114,0.711167904386], [117,114,0.708115055014], [128,114,-0.000957005392], [129,114,0.000618448544], [96,115,-0.002815443465], [99,115,0.707425843119], [112,115,0.707548215555], [113,115,0.703031480614], [114,115,0.711167904386], [115,115,2.000000000000], [127,115,0.703430339286], [128,115,0.703702468218], [130,115,-0.701477568519], [83,116,0.010016642415], [85,116,-0.005805346255], [97,116,0.015533589925], [98,116,0.700937146443], [101,116,-0.003197820953], [103,116,-0.713967943119], [112,116,-0.999919453685], [113,116,0.999980022729], [116,116,2.000000000000], [117,116,-0.710549722863], [118,116,0.706598932364], [83,117,-0.710729015469], [97,117,-0.714599483966], [112,117,0.701561823041], [114,117,0.708115055014], [116,117,-0.710549722863], [117,117,2.000000000000], [118,117,-0.004163025130], [128,117,0.705419074324], [129,117,0.706534865284], [83,118,-0.700501017228], [97,118,-0.696552871345], [102,118,0.705973427248], [112,118,-0.715523038588], [116,118,0.706598932364], [117,118,-0.004163025130], [118,118,2.000000000000], [121,118,-0.005351345783], [129,118,0.710613424957], [130,118,0.709521180742], [91,119,0.002661730298], [106,119,-0.001756418121], [107,119,-0.705448588231], [119,119,2.000000000000], [120,119,0.999999164553], [121,119,-0.707828143454], [122,119,-0.000562947480], [123,119,0.706598498939], [124,119,-0.999996619470], [125,119,-0.704575589020], [108,120,-0.005622231391], [119,120,0.999999164553], [120,120,2.000000000000], [121,120,-0.706914457928], [122,120,0.000729682986], [123,120,0.707512592742], [124,120,0.999999145125], [126,120,0.000482595473], [102,121,0.704450272614], [118,121,-0.005351345783], [119,121,-0.707828143454], [120,121,-0.706914457928], [121,121,2.000000000000], [122,121,0.706783040401], [123,121,-0.000302119825], [129,121,-0.707375324451], [130,121,-0.708470912548], [104,122,0.999997343402], [119,122,-0.000562947480], [120,122,0.000729682986], [121,122,0.706783040401], [122,122,2.000000000000], [123,122,0.707216808364], [131,122,-0.005792420850], [132,122,0.000143930111], [119,123,0.706598498939], [120,123,0.707512592742], [121,123,-0.000302119825], [122,123,0.707216808364], [123,123,2.000000000000], [131,123,0.711081373546], [133,123,-0.702642230958], [91,124,-0.005261913885], [106,124,-0.000843785602], [107,124,0.703603281569], [108,124,-0.004314673458], [119,124,-0.999996619470], [120,124,0.999999145125], [124,124,2.000000000000], [125,124,0.706418385637], [126,124,-0.000824978580], [91,125,-0.711501821238], [106,125,-0.708390320905], [107,125,-0.005915533203], [109,125,0.706550387498], [119,125,-0.704575589020], [124,125,0.706418385637], [125,125,2.000000000000], [126,125,0.708377046386], [132,125,0.704872874032], [133,125,0.700608122108], [108,126,-0.999986791948], [109,126,0.999996659939], [120,126,0.000482595473], [124,126,-0.000824978580], [125,