{
"N": {
"shape": [192, 145],
"data": [[0,0,0.001242022177], [1,0,-0.999999228690], [3,0,-0.001242022177], [4,0,0.999999228690], [0,1,0.000158057802], [1,1,-0.999999987509], [6,1,-0.000158057802], [7,1,0.999999987509], [0,2,-0.705371379349], [1,2,-0.708837934365], [27,2,0.705371379349], [28,2,0.708837934365], [3,3,-0.000925524749], [4,3,-0.999999571702], [6,3,0.000925524749], [7,3,0.999999571702], [3,4,-0.708766330423], [4,4,0.705443327886], [24,4,0.708766330423], [25,4,-0.705443327886], [3,5,-0.999985102421], [4,5,-0.005458473786], [27,5,0.999985102421], [28,5,0.005458473786], [6,6,-0.709223319278], [7,6,0.704983888747], [27,6,0.709223319278], [28,6,-0.704983888747], [6,7,-0.999986803745], [7,7,-0.005137347201], [30,7,0.999986803745], [31,7,0.005137347201], [6,8,-0.999999222728], [7,8,-0.001246813383], [54,8,0.999999222728], [55,8,0.001246813383], [9,9,0.004663814113], [10,9,-0.999989124360], [12,9,-0.004663814113], [13,9,0.999989124360], [9,10,-0.707847528287], [10,10,0.706365257284], [30,10,0.707847528287], [31,10,-0.706365257284], [9,11,-0.999987741173], [10,11,-0.004951515244], [33,11,0.999987741173], [34,11,0.004951515244], [9,12,-0.706281794217], [10,12,-0.707930806758], [36,12,0.706281794217], [37,12,0.707930806758], [9,13,-0.999996401519], [10,13,-0.002682713004], [57,13,0.999996401519], [58,13,0.002682713004], [12,14,-0.007374339147], [13,14,-0.999972809191], [15,14,0.007374339147], [16,14,0.999972809191], [12,15,0.000328637870], [13,15,-0.999999945999], [18,15,-0.000328637870], [19,15,0.999999945999], [12,16,-0.709548053989], [13,16,0.704657050685], [33,16,0.709548053989], [34,16,-0.704657050685], [12,17,-0.999990023978], [13,17,-0.004466760052], [36,17,0.999990023978], [37,17,0.004466760052], [12,18,-0.999999752178], [13,18,0.000704019285], [60,18,0.999999752178], [61,18,-0.000704019285], [15,19,-0.705883220083], [16,19,0.708328228723], [36,19,0.705883220083], [37,19,-0.708328228723], [15,20,-0.707699105107], [16,20,-0.706513960676], [42,20,0.707699105107], [43,20,0.706513960676], [18,21,-0.709624035307], [19,21,0.704580533732], [39,21,0.709624035307], [40,21,-0.704580533732], [18,22,-0.999994131380], [19,22,-0.003425960530], [42,22,0.999994131380], [43,22,0.003425960530], [18,23,-0.708898230968], [19,23,-0.705310781238], [45,23,0.708898230968], [46,23,0.705310781238], [18,24,-0.999998118201], [19,24,0.001939998820], [66,24,0.999998118201], [67,24,-0.001939998820], [21,25,-0.999976789173], [22,25,0.006813304343], [45,25,0.999976789173], [46,25,-0.006813304343], [21,26,-0.999998403489], [22,26,0.001786902298], [69,26,0.999998403489], [70,26,-0.001786902298], [24,27,0.002882980964], [25,27,-0.999995844202], [27,27,-0.002882980964], [28,27,0.999995844202], [24,28,-0.999979514442], [25,28,0.006400835557], [48,28,0.999979514442], [49,28,-0.006400835557], [24,29,-0.999996538598], [25,29,0.002631119948], [72,29,0.999996538598], [73,29,-0.002631119948], [27,30,-0.704165776768], [28,30,0.710035603916], [48,30,0.704165776768], [49,30,-0.710035603916], [30,31,0.001414673861], [31,31,-0.999998999348], [33,31,-0.001414673861], [34,31,0.999998999348], [30,32,-0.001717011427], [31,32,-0.999998525935], [36,32,0.001717011427], [37,32,0.999998525935], [30,33,-0.707453606178], [31,33,-0.706759785999], [57,33,0.707453606178], [58,33,0.706759785999], [33,34,-0.004854941259], [34,34,-0.999988214703], [36,34,0.004854941259], [37,34,0.999988214703], [33,35,-0.002866924356], [34,35,-0.999995890364], [39,35,0.002866924356], [40,35,0.999995890364], [33,36,-0.708729357172], [34,36,-0.705480473353], [60,36,0.708729357172], [61,36,0.705480473353], [33,37,-0.999999833728], [34,37,0.000576666260], [81,37,0.999999833728], [82,37,-0.000576666260], [36,38,-0.000218453349], [37,38,-0.999999976139], [42,38,0.000218453349], [43,38,0.999999976139], [36,39,-0.999982329986], [37,39,0.005944721700], [60,39,0.999982329986], [61,39,-0.005944721700], [36,40,-0.999998182591], [37,40,0.001906518790], [84,40,0.999998182591], [85,40,-0.001906518790], [39,41,0.000430234754], [40,41,-0.999999907449], [42,41,-0.000430234754], [43,41,0.999999907449], [39,42,-0.703634192526], [40,42,0.710562399166], [60,42,0.703634192526], [61,42,-0.710562399166], [39,43,-0.705683254820], [40,43,-0.708527447504], [66,43,0.705683254820], [67,43,0.708527447504], [42,44,-0.703033802857], [43,44,0.711156432890], [63,44,0.703033802857], [64,44,-0.711156432890], [42,45,-0.999972749702], [43,45,0.007382401544], [66,45,0.999972749702], [67,45,-0.007382401544], [48,46,-0.999999372028], [49,46,-0.001120688904], [72,46,0.999999372028], [73,46,0.001120688904], [51,47,-0.008841367098], [52,47,-0.999960914350], [54,47,0.008841367098], [55,47,0.999960914350], [51,48,-0.003230105326], [52,48,-0.999994783196], [57,48,0.003230105326], [58,48,0.999994783196], [51,49,-0.999984901682], [52,49,-0.005495125878], [75,49,0.999984901682], [76,49,0.005495125878], [51,50,-0.705752841467], [52,50,-0.708458133386], [78,50,0.705752841467], [79,50,0.708458133386], [51,51,-0.999999964315], [52,51,-0.000267152118], [99,51,0.999999964315], [100,51,0.000267152118], [54,52,0.002376777843], [55,52,-0.999997175460], [57,52,-0.002376777843], [58,52,0.999997175460], [54,53,-0.706252696409], [55,53,0.707959835594], [75,53,0.706252696409], [76,53,-0.707959835594], [57,54,-0.999998734360], [58,54,0.001590999168], [81,54,0.999998734360], [82,54,-0.001590999168], [57,55,-0.707847356370], [58,55,-0.706365429561], [84,55,0.707847356370], [85,55,0.706365429561], [57,56,-0.999991111640], [58,56,0.004216235342], [105,56,0.999991111640], [106,56,-0.004216235342], [60,57,-0.002577234160], [61,57,-0.999996678927], [63,57,0.002577234160], [64,57,0.999996678927], [60,58,-0.000394115373], [61,58,-0.999999922337], [66,58,0.000394115373], [67,58,0.999999922337], [60,59,-0.709957705815], [61,59,0.704244315528], [81,59,0.709957705815], [82,59,-0.704244315528], [60,60,-0.999997814435], [61,60,-0.002090723595], [84,60,0.999997814435], [85,60,0.002090723595], [63,61,0.001789477285], [64,61,-0.999998398884], [66,61,-0.001789477285], [67,61,0.999998398884], [63,62,-0.708239314791], [64,62,0.705972430754], [84,62,0.708239314791], [85,62,-0.705972430754], [63,63,-0.706217354346], [64,63,-0.707995090676], [90,63,0.706217354346], [91,63,0.707995090676], [63,64,-0.999999610650], [64,64,-0.000882440226], [111,64,0.999999610650], [112,64,0.000882440226], [75,65,0.000791008928], [76,65,-0.999999687152], [78,65,-0.000791008928], [79,65,0.999999687152], [75,66,-0.999996248431], [76,66,0.002739182898], [123,66,0.999996248431], [124,66,-0.002739182898], [78,67,-0.703080809397], [79,67,0.711109960173], [99,67,0.703080809397], [100,67,-0.711109960173], [78,68,-0.999999918470], [79,68,0.000403806102], [126,68,0.999999918470], [127,68,-0.000403806102], [81,69,-0.000703209361], [82,69,-0.999999752748], [84,69,0.000703209361], [85,69,0.999999752748], [81,70,-0.002326539877], [82,70,-0.999997293602], [87,70,0.002326539877], [88,70,0.999997293602], [81,71,-0.708053462810], [82,71,-0.706158830436], [108,71,0.708053462810], [109,71,0.706158830436], [84,72,-0.000341964570], [85,72,-0.999999941530], [90,72,0.000341964570], [91,72,0.999999941530], [84,73,-0.705448224903], [85,73,0.708761456332], [105,73,0.705448224903], [106,73,-0.708761456332], [84,74,-0.706132016411], [85,74,-0.708080204073], [111,74,0.706132016411], [112,74,0.708080204073], [87,75,0.003274485726], [88,75,-0.999994638857], [90,75,-0.003274485726], [91,75,0.999994638857], [87,76,-0.000163491722], [88,76,-0.999999986635], [93,76,0.000163491722], [94,76,0.999999986635], [87,77,-0.707595480341], [88,77,0.706617744046], [108,77,0.707595480341], [109,77,-0.706617744046], [87,78,-0.999991232292], [88,78,0.004187521945], [111,78,0.999991232292], [112,78,-0.004187521945], [87,79,-0.707597067252], [88,79,-0.706616154936], [114,79,0.707597067252], [115,79,0.706616154936], [87,80,-0.999999996998], [88,80,0.000077485394], [135,80,0.999999996998], [136,80,-0.000077485394], [90,81,-0.704867579956], [91,81,0.709338913868], [111,81,0.704867579956], [112,81,-0.709338913868], [90,82,-0.999998747476], [91,82,-0.001582734159], [114,82,0.999998747476], [115,82,0.001582734159], [90,83,-0.999998892055], [91,83,-0.001488586241], [138,83,0.999998892055], [139,83,0.001488586241], [93,84,-0.999988128852], [94,84,-0.004872592214], [117,84,0.999988128852], [118,84,0.004872592214], [93,85,-0.999999976987], [94,85,0.000214536413], [141,85,0.999999976987], [142,85,-0.000214536413], [96,86,-0.999995934168], [97,86,0.002851604245], [144,86,0.999995934168], [145,86,-0.002851604245], [99,87,-0.711818688877], [100,87,0.702363263679], [120,87,0.711818688877], [121,87,-0.702363263679], [99,88,-0.999999883905], [100,88,0.000481860680], [123,88,0.999999883905], [124,88,-0.000481860680], [102,89,-0.001246654559], [103,89,-0.999999222926], [108,89,0.001246654559], [109,89,0.999999222926], [102,90,-0.702925253905], [103,90,0.711263725648], [123,90,0.702925253905], [124,90,-0.711263725648], [102,91,-0.999999386606], [103,91,0.001107604621], [126,91,0.999999386606], [127,91,-0.001107604621], [102,92,-0.708320915786], [103,92,-0.705890558274], [129,92,0.708320915786], [130,92,0.705890558274], [102,93,-0.999995241902], [103,93,0.003084829674], [150,93,0.999995241902], [151,93,-0.003084829674], [105,94,-0.004885081816], [106,94,-0.999988067917], [108,94,0.004885081816], [109,94,0.999988067917], [105,95,0.001115315300], [106,95,-0.999999378036], [111,95,-0.001115315300], [112,95,0.999999378036], [108,96,-0.706885645322], [109,96,-0.707327847916], [135,96,0.706885645322], [136,96,0.707327847916], [108,97,-0.999998947255], [109,97,0.001451030082], [156,97,0.999998947255], [157,97,-0.001451030082], [114,98,-0.999999028368], [115,98,-0.001394009604], [138,98,0.999999028368], [139,98,0.001394009604], [114,99,-0.707228468473], [115,99,-0.706985072955], [141,99,0.707228468473], [142,99,0.706985072955], [117,100,-0.999986189429], [118,100,0.005255563826], [141,100,0.999986189429], [142,100,-0.005255563826], [120,101,0.001174636674], [121,101,-0.999999310114], [126,101,-0.001174636674], [127,101,0.999999310114], [120,102,-0.999984066534], [121,102,0.005645057919], [144,102,0.999984066534], [145,102,-0.005645057919], [120,103,-0.705498783949], [121,103,-0.708711130043], [147,103,0.705498783949], [148,103,0.708711130043], [123,104,-0.003201116114], [124,104,-0.999994876415], [126,104,0.003201116114], [127,104,0.999994876415], [123,105,-0.003139711205], [124,105,-0.999995071095], [129,105,0.003139711205], [130,105,0.999995071095], [126,106,-0.003077892366], [127,106,-0.999995263278], [129,106,0.003077892366], [130,106,0.999995263278], [126,107,-0.999987205761], [127,107,0.005058489342], [150,107,0.999987205761], [151,107,-0.005058489342], [126,108,-0.707360694706], [127,108,-0.706852776457], [153,108,0.707360694706], [154,108,0.706852776457], [126,109,-0.999998520517], [127,109,0.001720163636], [174,109,0.999998520517], [175,109,-0.001720163636], [129,110,0.001095473866], [130,110,-0.999999399968], [135,110,-0.001095473866], [136,110,0.999999399968], [129,111,-0.704595772038], [130,111,0.709608904979], [150,111,0.704595772038], [151,111,-0.709608904979], [129,112,-0.999999893155], [130,112,0.000462265264], [153,112,0.999999893155], [154,112,-0.000462265264], [129,113,-0.705452073116], [130,113,-0.708757626087], [156,113,0.705452073116], [157,113,0.708757626087], [129,114,-0.999998681896], [130,114,0.001623640110], [177,114,0.999998681896], [178,114,-0.001623640110], [132,115,0.000608406523], [133,115,-0.999999814921], [135,115,-0.000608406523], [136,115,0.999999814921], [132,116,-0.001377755018], [133,116,-0.999999050895], [138,116,0.001377755018], [139,116,0.999999050895], [132,117,-0.999999897724], [133,117,0.000452273255], [156,117,0.999999897724], [157,117,-0.000452273255], [132,118,-0.707495981963], [133,118,-0.706717366071], [159,118,0.707495981963], [160,118,0.706717366071], [132,119,-0.999995871149], [133,119,0.002873618919], [180,119,0.999995871149], [181,119,-0.002873618919], [135,120,-0.705301401443], [136,120,0.708907563172], [156,120,0.705301401443], [157,120,-0.708907563172], [135,121,-0.999986572334], [136,121,0.005182195687], [159,121,0.999986572334], [160,121,-0.005182195687], [135,122,-0.708279406958], [136,122,-0.705932207566], [162,122,0.708279406958], [163,122,0.705932207566], [138,123,-0.702675299183], [139,123,0.711510663250], [159,123,0.702675299183], [160,123,-0.711510663250], [147,124,-0.000097993766], [148,124,-0.999999995199], [153,124,0.000097993766], [154,124,0.999999995199], [147,125,-0.999991030554], [148,125,0.004235423484], [171,125,0.999991030554], [172,125,-0.004235423484], [147,126,-0.709840951202], [148,126,-0.704361997837], [174,126,0.709840951202], [175,126,0.704361997837], [150,127,0.000780449486], [151,127,-0.999999695449], [153,127,-0.000780449486], [154,127,0.999999695449], [150,128,-0.999998690688], [151,128,-0.001618215673], [174,128,0.999998690688], [175,128,0.001618215673], [153,129,-0.706698785034], [154,129,0.707514542064], [174,129,0.706698785034], [175,129,-0.707514542064], [153,130,-0.999996125197], [154,130,0.002783808843], [177,130,0.999996125197], [178,130,-0.002783808843], [156,131,-0.001185020136], [157,131,-0.999999297863], [159,131,0.001185020136], [160,131,0.999999297863], [156,132,-0.000814579819], [157,132,-0.999999668230], [162,132,0.000814579819], [163,132,0.999999668230], [159,133,-0.000445459417], [160,133,-0.999999900783], [162,133,0.000445459417], [163,133,0.999999900783], [162,134,-0.711603682926], [163,134,0.702581097416], [183,134,0.711603682926], [184,134,-0.702581097416], [162,135,-0.999997956859], [163,135,-0.002021454406], [186,135,0.999997956859], [187,135,0.002021454406], [162,136,-0.705317962822], [163,136,-0.708891085654], [189,136,0.705317962822], [190,136,0.708891085654], [165,137,-0.999999760915], [166,137,-0.000691497651], [189,137,0.999999760915], [190,137,0.000691497651], [168,138,-0.000595855246], [169,138,-0.999999822478], [171,138,0.000595855246], [172,138,0.999999822478], [168,139,-0.002626054569], [169,139,-0.999996551913], [174,139,0.002626054569], [175,139,0.999996551913], [171,140,-0.004664705690], [172,140,-0.999989120201], [174,140,0.004664705690], [175,140,0.999989120201], [177,141,-0.004496816232], [178,141,-0.999989889271], [180,141,0.004496816232], [181,141,0.999989889271], [177,142,-0.001995558445], [178,142,-0.999998008871], [183,142,0.001995558445], [184,142,0.999998008871], [180,143,0.000472980022], [181,143,-0.999999888145], [183,143,-0.000472980022], [184,143,0.999999888145], [183,144,0.001140977293], [184,144,-0.999999349085], [186,144,-0.001140977293], [187,144,0.999999349085], ]
},
"Q": {
"shape": [145, 145],
"data": [[0,0,2.000000000000], [1,0,0.999999412510], [2,0,0.707961300735], [3,0,-0.999997650870], [4,0,0.706323087271], [5,0,-0.004216465902], [0,1,0.999999412510], [1,1,2.000000000000], [2,1,0.708726436061], [3,1,0.999999412924], [6,1,0.705095978220], [7,1,-0.004979291420], [8,1,-0.001088755688], [0,2,0.707961300735], [1,2,0.708726436061], [2,2,2.000000000000], [5,2,0.709230044307], [6,2,0.000546507526], [27,2,0.706801416319], [30,2,0.006601785557], [0,3,-0.999997650870], [1,3,0.999999412924], [3,3,2.000000000000], [4,3,-0.704787044966], [5,3,0.006383982409], [6,3,0.704327183069], [7,3,-0.006062857536], [8,3,-0.002172336878], [0,4,0.706323087271], [3,4,-0.704787044966], [4,4,2.000000000000], [5,4,0.704905127608], [27,4,0.707483756044], [28,4,-0.713267237686], [29,4,-0.710619983110], [0,5,-0.004216465902], [2,5,0.709230044307], [3,5,0.006383982409], [4,5,0.704905127608], [5,5,2.000000000000], [6,5,0.705364617491], [27,5,0.002575513088], [30,5,-0.700279575671], [1,6,0.705095978220], [2,6,0.000546507526], [3,6,0.704327183069], [5,6,0.705364617491], [6,6,2.000000000000], [7,6,0.705592213179], [8,6,0.708343784671], [27,6,-0.707025636304], [30,6,-0.999974450719], [1,7,-0.004979291420], [3,7,-0.006062857536], [6,7,0.705592213179], [7,7,2.000000000000], [8,7,0.999992431796], [10,7,0.704209343773], [31,7,-0.003722686867], [32,7,-0.006854328397], [33,7,-0.711075140848], [1,8,-0.001088755688], [3,8,-0.002172336878], [6,8,0.708343784671], [7,8,0.999992431796], [8,8,2.000000000000], [47,8,0.010088124877], [52,8,0.001129966135], [53,8,-0.705369453661], [9,9,2.000000000000], [10,9,-0.709658844402], [11,9,0.000287704453], [12,9,0.704629140558], [13,9,-0.001981113503], [14,9,-0.999927541300], [15,9,-0.999990603065], [16,9,0.707958587317], [17,9,0.000197056114], [18,9,0.005367824586], [7,10,0.704209343773], [9,10,-0.709658844402], [10,10,2.000000000000], [11,10,0.704341272567], [12,10,-0.000117904145], [13,10,0.705950005849], [31,10,0.707365923855], [32,10,0.705148833761], [33,10,-0.001538728436], [9,11,0.000287704453], [10,11,0.704341272567], [11,11,2.000000000000], [12,11,0.709778466212], [13,11,0.999997426231], [16,11,0.706050235634], [31,11,0.003536853771], [34,11,-0.009806338632], [35,11,-0.007818384107], [36,11,-0.712213866300], [37,11,-0.999984719532], [9,12,0.704629140558], [10,12,-0.000117904145], [11,12,0.709778466212], [12,12,2.000000000000], [13,12,0.708178427857], [17,12,0.709436905381], [19,12,-0.002894907221], [32,12,0.709142457134], [34,12,0.711351420207], [38,12,-0.708085079490], [39,12,-0.702060862578], [40,12,-0.704930827229], [9,13,-0.001981113503], [10,13,0.705950005849], [11,13,0.999997426231], [12,13,0.708178427857], [13,13,2.000000000000], [33,13,0.709347094089], [48,13,0.005912792712], [52,13,0.000305936137], [54,13,-0.999990867689], [55,13,-0.709739784919], [56,13,-0.999976202242], [9,14,-0.999927541300], [14,14,2.000000000000], [15,14,0.999970331704], [16,14,-0.699405442499], [17,14,0.011840904178], [18,14,0.006670337178], [19,14,0.703103546442], [20,14,-0.711713563205], [9,15,-0.999990603065], [14,15,0.999970331704], [15,15,2.000000000000], [16,15,-0.704890196994], [17,15,0.004138125219], [18,15,-0.001032657036], [21,15,0.704813705016], [22,15,-0.003097324404], [23,15,-0.705077772346], [24,15,0.002268635966], [9,16,0.707958587317], [11,16,0.706050235634], [14,16,-0.699405442499], [15,16,-0.704890196994], [16,16,2.000000000000], [17,16,0.706393441557], [18,16,0.710043970301], [31,16,-0.705660124654], [34,16,0.701203931970], [35,16,0.702619934203], [36,16,-0.005755746518], [37,16,-0.709954287958], [9,17,0.000197056114], [12,17,0.709436905381], [14,17,0.011840904178], [15,17,0.004138125219], [16,17,0.706393441557], [17,17,2.000000000000], [18,17,0.999986631473], [19,17,0.702712245940], [32,17,0.006183747766], [34,17,0.009321600235], [38,17,-0.004685211115], [39,17,-0.999945800494], [40,17,-0.999979690625], [9,18,0.005367824586], [14,18,0.006670337178], [15,18,-0.001032657036], [16,18,0.710043970301], [17,18,0.999986631473], [18,18,2.000000000000], [36,18,0.708232509676], [39,18,0.999986267367], [42,18,0.704134267782], [57,18,-0.001873216574], [58,18,0.000309903954], [59,18,-0.710453331452], [60,18,-0.999996094704], [12,19,-0.002894907221], [14,19,0.703103546442], [17,19,0.702712245940], [19,19,2.000000000000], [20,19,-0.000890859171], [32,19,-0.707115175046], [34,19,-0.704892859295], [38,19,0.708174009268], [39,19,-0.710081561309], [40,19,-0.707232378282], [14,20,-0.711713563205], [19,20,-0.000890859171], [20,20,2.000000000000], [22,20,0.710115440833], [38,20,0.706668543058], [41,20,0.706209418537], [44,20,0.004905554920], [45,20,-0.702464050342], [15,21,0.704813705016], [21,21,2.000000000000], [22,21,0.707206005694], [23,21,0.006102976589], [24,21,0.710989585340], [35,21,-0.702543199732], [41,21,0.704885773445], [42,21,-0.999964169535], [43,21,-0.001555151807], [15,22,-0.003097324404], [20,22,0.710115440833], [21,22,0.707206005694], [22,22,2.000000000000], [23,22,0.711310437612], [24,22,0.999985603232], [38,22,0.003644412516], [41,22,0.002995727984], [44,22,-0.700593283148], [45,22,-0.999941589426], [15,23,-0.705077772346], [21,23,0.006102976589], [22,23,0.711310437612], [23,23,2.000000000000], [24,23,0.707528594881], [25,23,0.704076279844], [15,24,0.002268635966], [21,24,0.710989585340], [22,24,0.999985603232], [23,24,0.707528594881], [24,24,2.000000000000], [43,24,0.704307384454], [45,24,0.999985189805], [58,24,-0.001545884037], [61,24,-0.003729469631], [23,25,0.704076279844], [25,25,2.000000000000], [26,25,0.999987367408], [25,26,0.999987367408], [26,26,2.000000000000], [2,27,0.706801416319], [4,27,0.707483756044], [5,27,0.002575513088], [6,27,-0.707025636304], [27,27,2.000000000000], [28,27,-0.009283730860], [29,27,-0.005514079998], [30,27,0.712062749681], [4,28,-0.713267237686], [27,28,-0.009283730860], [28,28,2.000000000000], [29,28,0.999992894477], [30,28,0.708696172679], [46,28,-0.999971713138], [4,29,-0.710619983110], [27,29,-0.005514079998], [28,29,0.999992894477], [29,29,2.000000000000], [46,29,0.999992961961], [2,30,0.006601785557], [5,30,-0.700279575671], [6,30,-0.999974450719], [27,30,0.712062749681], [28,30,0.708696172679], [30,30,2.000000000000], [46,30,-0.703369605549], [7,31,-0.003722686867], [10,31,0.707365923855], [11,31,0.003536853771], [16,31,-0.705660124654], [31,31,2.000000000000], [32,31,0.999995096274], [33,31,0.705758262654], [34,31,-0.999980345905], [35,31,-0.999990833954], [36,31,-0.704477146516], [37,31,0.001991339309], [7,32,-0.006854328397], [10,32,0.705148833761], [12,32,0.709142457134], [17,32,0.006183747766], [19,32,-0.707115175046], [31,32,0.999995096274], [32,32,2.000000000000], [33,32,0.707973450115], [34,32,0.999995076645], [38,32,-0.999998877161], [39,32,0.004227731850], [40,32,0.000189507673], [7,33,-0.711075140848], [10,33,-0.001538728436], [13,33,0.709347094089], [31,33,0.705758262654], [32,33,0.707973450115], [33,33,2.000000000000], [48,33,0.709041248633], [52,33,0.705076329671], [54,33,-0.706328256566], [55,33,-0.999999844722], [56,33,-0.704467452488], [11,34,-0.009806338632], [12,34,0.711351420207], [16,34,0.701203931970], [17,34,0.009321600235], [19,34,-0.704892859295], [31,34,-0.999980345905], [32,34,0.999995076645], [34,34,2.000000000000], [35,34,0.999998023865], [36,34,0.708912998453], [37,34,0.004278280987], [38,34,-0.999989251421], [39,34,0.001089796168], [40,34,-0.002948436114], [11,35,-0.007818384107], [16,35,0.702619934203], [21,35,-0.702543199732], [31,35,-0.999990833954], [34,35,0.999998023865], [35,35,2.000000000000], [36,35,0.707509447541], [37,35,0.002290259989], [41,35,-0.999994564363], [42,35,0.708542213008], [43,35,-0.710547676226], [11,36,-0.712213866300], [16,36,-0.005755746518], [18,36,0.708232509676], [31,36,-0.704477146516], [34,36,0.708912998453], [35,36,0.707509447541], [36,36,2.000000000000], [37,36,0.708322412544], [39,36,0.704522948836], [42,36,-0.002601688757], [57,36,-0.707304691910], [58,36,-0.705759739698], [59,36,-0.006337255388], [60,36,-0.710202772870], [11,37,-0.999984719532], [16,37,-0.709954287958], [31,37,0.001991339309], [34,37,0.004278280987], [35,37,0.002290259989], [36,37,0.708322412544], [37,37,2.000000000000], [54,37,0.999999485564], [59,37,0.710363701705], [69,37,-0.000126543127], [70,37,-0.001749874790], [71,37,-0.707646127108], [12,38,-0.708085079490], [17,38,-0.004685211115], [19,38,0.708174009268], [20,38,0.706668543058], [22,38,0.003644412516], [32,38,-0.999998877161], [34,38,-0.999989251421], [38,38,2.000000000000], [39,38,-0.005726272069], [40,38,-0.001688065793], [41,38,0.999999789602], [44,38,0.711002835833], [45,38,0.007163953972], [12,39,-0.702060862578], [17,39,-0.999945800494], [18,39,0.999986267367], [19,39,-0.710081561309], [32,39,0.004227731850], [34,39,0.001089796168], [36,39,0.704522948836], [38,39,-0.005726272069], [39,39,2.000000000000], [40,39,0.999991846333], [42,39,0.707845855014], [57,39,0.003367513337], [58,39,0.005550612829], [59,39,-0.714131697318], [60,39,-0.999967715690], [12,40,-0.704930827229], [17,40,-0.999979690625], [19,40,-0.707232378282], [32,40,0.000189507673], [34,40,-0.002948436114], [38,40,-0.001688065793], [39,40,0.999991846333], [40,40,2.000000000000], [55,40,0.706499370958], [60,40,0.999992011027], [62,40,0.709583977335], [69,40,-0.001203310235], [72,40,0.001564554730], [73,40,-0.706798209849], [74,40,-0.704780764866], [20,41,0.706209418537], [21,41,0.704885773445], [22,41,0.002995727984], [35,41,-0.999994564363], [38,41,0.999999789602], [41,41,2.000000000000], [42,41,-0.710865061286], [43,41,0.708223772468], [44,41,0.711458836647], [45,41,0.007812623891], [18,42,0.704134267782], [21,42,-0.999964169535], [35,42,0.708542213008], [36,42,-0.002601688757], [39,42,0.707845855014], [41,42,-0.710865061286], [42,42,2.000000000000], [43,42,-0.006910095789], [57,42,0.708746609259], [58,42,0.710285030929], [59,42,-0.999960047499], [60,42,-0.702147065114], [21,43,-0.001555151807], [24,43,0.704307384454], [35,43,-0.710547676226], [41,43,0.708223772468], [42,43,-0.006910095789], [43,43,2.000000000000], [45,43,0.700433390618], [58,43,0.708805513097], [61,43,0.707263508915], [20,44,0.004905554920], [22,44,-0.700593283148], [38,44,0.711002835833], [41,44,0.711458836647], [44,44,2.000000000000], [45,44,0.708264687324], [57,44,-0.709342188355], [61,44,0.712413357267], [62,44,-0.999973014384], [63,44,0.007000590920], [64,44,-0.702405976087], [20,45,-0.702464050342], [22,45,-0.999941589426], [24,45,0.999985189805], [38,45,0.007163953972], [41,45,0.007812623891], [43,45,0.700433390618], [44,45,0.708264687324], [45,45,2.000000000000], [58,45,-0.006988296337], [61,45,-0.009171818245], [28,46,-0.999971713138], [29,46,0.999992961961], [30,46,-0.703369605549], [46,46,2.000000000000], [8,47,0.010088124877], [47,47,2.000000000000], [48,47,0.999984256297], [49,47,0.014336144706], [50,47,0.714670262792], [51,47,0.009108508460], [52,47,-0.999937075955], [53,47,0.701687925171], [13,48,0.005912792712], [33,48,0.709041248633], [47,48,0.999984256297], [48,48,2.000000000000], [49,48,0.008725153768], [50,48,0.710734093512], [51,48,0.003497255936], [52,48,0.999984281428], [54,48,-0.001639110371], [55,48,-0.708648166108], [56,48,0.000986136731], [47,49,0.014336144706], [48,49,0.008725153768], [49,49,2.000000000000], [50,49,0.709635252408], [51,49,0.999986334032], [53,49,0.702351704768], [65,49,-0.004704127173], [66,49,-0.999966098015], [47,50,0.714670262792], [48,50,0.710734093512], [49,50,0.709635252408], [50,50,2.000000000000], [51,50,0.705942082373], [65,50,0.707899654948], [67,50,0.007590356003], [68,50,-0.705466704210], [47,51,0.009108508460], [48,51,0.003497255936], [49,51,0.999986334032], [50,51,0.705942082373], [51,51,2.000000000000], [67,51,0.702890809776], [87,51,-0.711631025642], [88,51,-0.999999719490], [8,52,0.001129966135], [13,52,0.000305936137], [33,52,0.705076329671], [47,52,-0.999937075955], [48,52,0.999984281428], [52,52,2.000000000000], [53,52,-0.709636441694], [54,52,0.003967769509], [55,52,-0.704681038491], [56,52,0.006592980151], [8,53,-0.705369453661], [47,53,0.701687925171], [49,53,0.702351704768], [52,53,-0.709636441694], [53,53,2.000000000000], [65,53,0.708518266299], [66,53,-0.708189278328], [13,54,-0.999990867689], [33,54,-0.706328256566], [37,54,0.999999485564], [48,54,-0.001639110371], [52,54,0.003967769509], [54,54,2.000000000000], [55,54,0.706722633680], [56,54,0.999996554038], [59,54,0.711077259384], [69,54,0.000887790303], [70,54,-0.000735542070], [71,54,-0.706929068557], [13,55,-0.709739784919], [33,55,-0.999999844722], [40,55,0.706499370958], [48,55,-0.708648166108], [52,55,-0.704681038491], [54,55,0.706722633680], [55,55,2.000000000000], [56,55,0.704862861880], [60,55,0.709322624194], [62,55,0.002650807344], [69,55,0.706863019799], [72,55,-0.706607446977], [73,55,0.001294929505], [74,55,-0.999997058579], [13,56,-0.999976202242], [33,56,-0.704467452488], [48,56,0.000986136731], [52,56,0.006592980151], [54,56,0.999996554038], [55,56,0.704862861880], [56,56,2.000000000000], [73,56,0.708430259726], [94,56,-0.000668853362], [95,56,0.005331538107], [18,57,-0.001873216574], [36,57,-0.707304691910], [39,57,0.003367513337], [42,57,0.708746609259], [44,57,-0.709342188355], [57,57,2.000000000000], [58,57,0.999997616991], [59,57,-0.702412249429], [60,57,0.004667945179], [61,57,-0.999990465914], [62,57,0.704144787612], [63,57,-0.709812826862], [64,57,-0.003459670451], [18,58,0.000309903954], [24,58,-0.001545884037], [36,58,-0.705759739698], [39,58,0.005550612829], [42,58,0.710285030929], [43,58,0.708805513097], [45,58,-0.006988296337], [57,58,0.999997616991], [58,58,2.000000000000], [59,58,-0.703964455587], [60,58,0.002484837945], [61,58,0.999997615960], [18,59,-0.710453331452], [36,59,-0.006337255388], [37,59,0.710363701705], [39,59,-0.714131697318], [42,59,-0.999960047499], [54,59,0.711077259384], [57,59,-0.702412249429], [58,59,-0.703964455587], [59,59,2.000000000000], [60,59,0.708483773950], [69,59,0.703744892497], [70,59,0.702590664649], [71,59,-0.005379669856], [18,60,-0.999996094704], [36,60,-0.710202772870], [39,60,-0.999967715690], [40,60,0.999992011027], [42,60,-0.702147065114], [55,60,0.709322624194], [57,60,0.004667945179], [58,60,0.002484837945], [59,60,0.708483773950], [60,60,2.000000000000], [62,60,0.706761773669], [69,60,0.002793930903], [72,60,-0.002432687296], [73,60,-0.703964858800], [74,60,-0.707610873103], [24,61,-0.003729469631], [43,61,0.707263508915], [44,61,0.712413357267], [45,61,-0.009171818245], [57,61,-0.999990465914], [58,61,0.999997615960], [61,61,2.000000000000], [62,61,-0.707238678576], [63,61,0.706730197180], [64,61,-0.000907037775], [40,62,0.709583977335], [44,62,-0.999973014384], [55,62,0.002650807344], [57,62,0.704144787612], [60,62,0.706761773669], [61,62,-0.707238678576], [62,62,2.000000000000], [63,62,0.000345880009], [64,62,0.707616060567], [69,62,-0.705474215685], [72,62,0.705730196723], [73,62,-0.999992215577], [74,62,-0.000225352617], [44,63,0.007000590920], [57,63,-0.709812826862], [61,63,0.706730197180], [62,63,0.000345880009], [63,63,2.000000000000], [64,63,0.706841842727], [72,63,0.708236550593], [75,63,0.705678796367], [81,63,0.004418751163], [82,63,-0.707337037806], [83,63,-0.707270483646], [44,64,-0.702405976087], [57,64,-0.003459670451], [61,64,-0.000907037775], [62,64,0.707616060567], [63,64,0.706841842727], [64,64,2.000000000000], [74,64,0.706756579933], [78,64,0.999987147707], [81,64,0.704241356324], [95,64,-0.000232875189], [49,65,-0.004704127173], [50,65,0.707899654948], [53,65,0.708518266299], [65,65,2.000000000000], [66,65,-0.003530188001], [67,65,0.711665880901], [68,65,0.001194814839], [49,66,-0.999966098015], [53,66,-0.708189278328], [65,66,-0.003530188001], [66,66,2.000000000000], [88,66,0.999997452242], [90,66,0.704870898266], [104,66,-0.000461935241], [105,66,-0.000400530030], [50,67,0.007590356003], [51,67,0.702890809776], [65,67,0.711665880901], [67,67,2.000000000000], [68,67,0.703367902616], [87,67,-0.999923572381], [88,67,-0.703423383702], [50,68,-0.705466704210], [65,68,0.001194814839], [67,68,0.703367902616], [68,68,2.000000000000], [91,68,0.999999752334], [101,68,-0.001578442402], [104,68,0.002797311819], [106,68,-0.002674087925], [107,68,-0.999989166881], [108,68,-0.707075205570], [109,68,-0.999999133600], [37,69,-0.000126543127], [40,69,-0.001203310235], [54,69,0.000887790303], [55,69,0.706863019799], [59,69,0.703744892497], [60,69,0.002793930903], [62,69,-0.705474215685], [69,69,2.000000000000], [70,69,0.999998682396], [71,69,0.706656565661], [72,69,-0.999999934751], [73,69,0.708265203294], [74,69,-0.708576587643], [37,70,-0.001749874790], [54,70,-0.000735542070], [59,70,0.702590664649], [69,70,0.999998682396], [70,70,2.000000000000], [71,70,0.707804233906], [75,70,-0.999984314253], [76,70,-0.999997660608], [77,70,0.704969582556], [78,70,0.001860991133], [79,70,-0.708260495345], [80,70,-0.002249054685], [37,71,-0.707646127108], [54,71,-0.706929068557], [59,71,-0.005379669856], [69,71,0.706656565661], [70,71,0.707804233906], [71,71,2.000000000000], [77,71,0.002031070423], [89,71,0.707040979776], [94,71,0.709609303586], [96,71,-0.999998634800], [97,71,-0.707028059705], [40,72,0.001564554730], [55,72,-0.706607446977], [60,72,-0.002432687296], [62,72,0.705730196723], [63,72,0.708236550593], [69,72,-0.999999934751], [72,72,2.000000000000], [73,72,-0.708520176591], [74,72,0.708321634803], [75,72,0.999993460630], [81,72,0.709097832654], [82,72,-0.001924698208], [83,72,-0.001830550345], [40,73,-0.706798209849], [55,73,0.001294929505], [56,73,0.708430259726], [60,73,-0.703964858800], [62,73,-0.999992215577], [69,73,0.708265203294], [72,73,-0.708520176591], [73,73,2.000000000000], [74,73,-0.003720379114], [94,73,0.705306827035], [95,73,0.709547812706], [40,74,-0.704780764866], [55,74,-0.999997058579], [60,74,-0.707610873103], [62,74,-0.000225352617], [64,74,0.706756579933], [69,74,-0.708576587643], [72,74,0.708321634803], [73,74,-0.003720379114], [74,74,2.000000000000], [78,74,0.703160723858], [81,74,-0.004539277352], [95,74,0.707292203830], [63,75,0.705678796367], [70,75,-0.999984314253], [72,75,0.999993460630], [75,75,2.000000000000], [76,75,0.999994090141], [77,75,-0.708930967067], [78,75,-0.007461956510], [79,75,0.704295350169], [80,75,-0.003351970694], [81,75,0.711643189830], [82,75,0.001691755951], [83,75,0.001785903837], [70,76,-0.999997660608], [75,76,0.999994090141], [76,76,2.000000000000], [77,76,-0.706502048599], [78,76,-0.004024031600], [79,76,0.706731831755], [80,76,0.000086006329], [84,76,-0.005036081930], [85,76,0.000051044692], [70,77,0.704969582556], [71,77,0.002031070423], [75,77,-0.708930967067], [76,77,-0.706502048599], [77,77,2.000000000000], [78,77,0.710548253660], [79,77,0.001384973383], [80,77,0.707650230771], [89,77,-0.705735067820], [94,77,-0.703152650810], [96,77,-0.000378679553], [97,77,-0.708620059027], [64,78,0.999987147707], [70,78,0.001860991133], [74,78,0.703160723858], [75,78,-0.007461956510], [76,78,-0.004024031600], [77,78,0.710548253660], [78,78,2.000000000000], [79,78,0.704631892592], [80,78,0.999991553761], [81,78,0.707831772150], [95,78,-0.005302824862], [70,79,-0.708260495345], [75,79,0.704295350169], [76,79,0.706731831755], [77,79,0.001384973383], [78,79,0.704631892592], [79,79,2.000000000000], [80,79,0.707542312697], [82,79,0.708714566495], [98,79,-0.708581409435], [99,79,-0.999999864017], [70,80,-0.002249054685], [75,80,-0.003351970694], [76,80,0.000086006329], [77,80,0.707650230771], [78,80,0.999991553761], [79,80,0.707542312697], [80,80,2.000000000000], [96,80,0.706830835623], [110,80,-0.001172959210], [115,80,-0.000685891901], [120,80,-0.705356329308], [121,80,-0.999986970876], [122,80,-0.708224705397], [63,81,0.004418751163], [64,81,0.704241356324], [72,81,0.709097832654], [74,81,-0.004539277352], [75,81,0.711643189830], [78,81,0.707831772150], [81,81,2.000000000000], [82,81,0.703744002163], [83,81,0.703810886854], [95,81,-0.710124622281], [63,82,-0.707337037806], [72,82,-0.001924698208], [75,82,0.001691755951], [79,82,0.708714566495], [81,82,0.703744002163], [82,82,2.000000000000], [83,82,0.999999995568], [98,82,-0.999999982191], [99,82,-0.708346552077], [63,83,-0.707270483646], [72,83,-0.001830550345], [75,83,0.001785903837], [81,83,0.703810886854], [82,83,0.999999995568], [83,83,2.000000000000], [98,83,0.999999995528], [116,83,0.002866338320], [123,83,-0.701615375673], [76,84,-0.005036081930], [84,84,2.000000000000], [85,84,0.999987060491], [100,84,-0.999948710226], [76,85,0.000051044692], [84,85,0.999987060491], [85,85,2.000000000000], [99,85,0.707076778156], [100,85,0.999987293926], [86,86,2.000000000000], [102,86,0.999996098238], [51,87,-0.711631025642], [67,87,-0.999923572381], [87,87,2.000000000000], [88,87,0.712157047478], [101,87,0.703198907466], [102,87,-0.715772228442], [103,87,-0.004414557093], [51,88,-0.999999719490], [66,88,0.999997452242], [67,88,-0.703423383702], [87,88,0.712157047478], [88,88,2.000000000000], [90,88,0.703267902322], [104,88,-0.002719257531], [105,88,-0.002657852536], [71,89,0.707040979776], [77,89,-0.705735067820], [89,89,2.000000000000], [90,89,-0.710386867971], [91,89,0.000139050034], [92,89,0.706773041243], [93,89,-0.001838178650], [94,89,0.999993380861], [96,89,-0.708208540482], [97,89,0.000204375708], [66,90,0.704870898266], [88,90,0.703267902322], [89,90,-0.710386867971], [90,90,2.000000000000], [91,90,0.703712621724], [92,90,-0.004177688802], [93,90,0.705116036764], [104,90,0.709009936070], [105,90,0.709053237600], [68,91,0.999999752334], [89,91,0.000139050034], [90,91,0.703712621724], [91,91,2.000000000000], [92,91,0.707538633662], [93,91,0.999998045282], [101,91,-0.002282239811], [104,91,0.002093515204], [106,91,-0.001970291103], [107,91,-0.999992195181], [108,91,-0.706577347413], [109,91,-0.999999812385], [89,92,0.706773041243], [90,92,-0.004177688802], [91,92,0.707538633662], [92,92,2.000000000000], [93,92,0.706139993385], [105,92,0.708111002122], [106,92,0.708067350205], [110,92,-0.705114187665], [111,92,0.001826303582], [112,92,-0.707994531421], [113,92,-0.999991774832], [114,92,-0.707173869922], [89,93,-0.001838178650], [90,93,0.705116036764], [91,93,0.999998045282], [92,93,0.706139993385], [93,93,2.000000000000], [107,93,0.999998052301], [111,93,0.706781442109], [127,93,0.003865274507], [128,93,-0.999988940676], [56,94,-0.000668853362], [71,94,0.709609303586], [73,94,0.705306827035], [77,94,-0.703152650810], [89,94,0.999993380861], [94,94,2.000000000000], [95,94,0.999981997553], [96,94,-0.710772602233], [97,94,-0.003434063906], [56,95,0.005331538107], [64,95,-0.000232875189], [73,95,0.709547812706], [74,95,0.707292203830], [78,95,-0.005302824862], [81,95,-0.710124622281], [94,95,0.999981997553], [95,95,2.000000000000], [71,96,-0.999998634800], [77,96,-0.000378679553], [80,96,0.706830835623], [89,96,-0.708208540482], [94,96,-0.710772602233], [96,96,2.000000000000], [97,96,0.705858547167], [110,96,0.706553048746], [115,96,0.706897643166], [120,96,0.002862624724], [121,96,-0.703210642175], [122,96,-0.999998054808], [71,97,-0.707028059705], [77,97,-0.708620059027], [89,97,0.000204375708], [94,97,-0.003434063906], [96,97,0.705858547167], [97,97,2.000000000000], [113,97,0.704422901819], [117,97,0.999999501242], [120,97,0.706329305140], [131,97,0.000266010175], [132,97,0.000636450638], [79,98,-0.708581409435], [82,98,-0.999999982191], [83,98,0.999999995528], [98,98,2.000000000000], [99,98,0.708213325288], [116,98,0.002771761960], [123,98,-0.701682763743], [79,99,-0.999999864017], [82,99,-0.708346552077], [85,99,0.707076778156], [98,99,0.708213325288], [99,99,2.000000000000], [100,99,0.703503096069], [84,100,-0.999948710226], [85,100,0.999987293926], [99,100,0.703503096069], [100,100,2.000000000000], [68,101,-0.001578442402], [87,101,0.703198907466], [91,101,-0.002282239811], [101,101,2.000000000000], [102,101,-0.006819671983], [103,101,0.707881936368], [104,101,0.999990426384], [106,101,-0.999990957990], [107,101,0.006233107498], [108,101,-0.706021396996], [109,101,0.002894797386], [86,102,0.999996098238], [87,102,-0.715772228442], [101,102,-0.006819671983], [102,102,2.000000000000], [103,102,0.701486827531], [87,103,-0.004414557093], [101,103,0.707881936368], [102,103,0.701486827531], [103,103,2.000000000000], [124,103,-0.708780261123], [125,103,-0.702490764252], [126,103,-0.999981115316], [66,104,-0.000461935241], [68,104,0.002797311819], [88,104,-0.002719257531], [90,104,0.709009936070], [91,104,0.002093515204], [101,104,0.999990426384], [104,104,2.000000000000], [105,104,0.999999998115], [106,104,-0.999999992408], [107,104,0.001857388267], [108,104,-0.709113498555], [109,104,-0.001480956555], [66,105,-0.000400530030], [88,105,-0.002657852536], [90,105,0.709053237600], [92,105,0.708111002122], [104,105,0.999999998115], [105,105,2.000000000000], [106,105,0.999999998089], [110,105,-0.999991031594], [111,105,0.707393180143], [112,105,-0.002677447885], [113,105,-0.710969048467], [114,105,-0.001516074960], [68,106,-0.002674087925], [91,106,-0.001970291103], [92,106,0.708067350205], [101,106,-0.999990957990], [104,106,-0.999999992408], [105,106,0.999999998089], [106,106,2.000000000000], [107,106,-0.001980612395], [108,106,0.709026608374], [109,106,0.001357732324], [110,106,-0.999991291499], [111,106,0.707436873812], [112,106,-0.002615628963], [113,106,-0.710925574449], [114,106,-0.001454255890], [68,107,-0.999989166881], [91,107,-0.999992195181], [93,107,0.999998052301], [1