{
"N": {
"shape": [192, 155],
"data": [[0,0,-0.999999644533], [1,0,0.000843168608], [24,0,0.999999644533], [25,0,-0.000843168608], [0,1,-0.704825466187], [1,1,-0.709380759687], [27,1,0.704825466187], [28,1,0.709380759687], [0,2,-0.999999999942], [1,2,-0.000010739307], [48,2,0.999999999942], [49,2,0.000010739307], [3,3,-0.007147427087], [4,3,-0.999974456817], [6,3,0.007147427087], [7,3,0.999974456817], [3,4,-0.707790796862], [4,4,-0.706422103191], [30,4,0.707790796862], [31,4,0.706422103191], [6,5,0.003232972415], [7,5,-0.999994773931], [12,5,-0.003232972415], [13,5,0.999994773931], [6,6,-0.999995169037], [7,6,0.003108359986], [30,6,0.999995169037], [31,6,-0.003108359986], [6,7,-0.999997623913], [7,7,0.002179946745], [54,7,0.999997623913], [55,7,-0.002179946745], [9,8,-0.000409679714], [10,8,-0.999999916081], [12,8,0.000409679714], [13,8,0.999999916081], [9,9,-0.003696218573], [10,9,-0.999993168961], [15,9,0.003696218573], [16,9,0.999993168961], [9,10,-0.705739278346], [10,10,0.708471644457], [30,10,0.705739278346], [31,10,-0.708471644457], [9,11,-0.999967044949], [10,11,0.008118436786], [33,11,0.999967044949], [34,11,-0.008118436786], [9,12,-0.707839792180], [10,12,-0.706373009540], [36,12,0.707839792180], [37,12,0.706373009540], [9,13,-0.999998024225], [10,13,0.001987849520], [57,13,0.999998024225], [58,13,-0.001987849520], [12,14,-0.007006941454], [13,14,-0.999975451084], [15,14,0.007006941454], [16,14,0.999975451084], [15,15,-0.707737689367], [16,15,0.706475309582], [36,15,0.707737689367], [37,15,-0.706475309582], [15,16,-0.705744429004], [16,16,-0.708466513626], [42,16,0.705744429004], [43,16,0.708466513626], [24,17,0.001271156049], [25,17,-0.999999192081], [27,17,-0.001271156049], [28,17,0.999999192081], [27,18,-0.707894607457], [28,18,0.706318076176], [48,18,0.707894607457], [49,18,-0.706318076176], [27,19,-0.999999995564], [28,19,-0.000094191433], [51,19,0.999999995564], [52,19,0.000094191433], [27,20,-0.707419668870], [28,20,-0.706793754992], [54,20,0.707419668870], [55,20,0.706793754992], [27,21,-0.999990984651], [28,21,-0.004246247335], [75,21,0.999990984651], [76,21,0.004246247335], [33,22,0.001417531286], [34,22,-0.999998995302], [36,22,-0.001417531286], [37,22,0.999998995302], [33,23,-0.000019555844], [34,23,-0.999999999809], [39,23,0.000019555844], [40,23,0.999999999809], [33,24,-0.708226618991], [34,24,0.705985167091], [54,24,0.708226618991], [55,24,-0.705985167091], [33,25,-0.999991430994], [34,25,-0.004139799261], [57,25,0.999991430994], [58,25,0.004139799261], [33,26,-0.706132450833], [34,26,-0.708079770845], [60,26,0.706132450833], [61,26,0.708079770845], [33,27,-0.999994781219], [34,27,-0.003230717469], [81,27,0.999994781219], [82,27,0.003230717469], [36,28,-0.000337172418], [37,28,-0.999999943157], [42,28,0.000337172418], [43,28,0.999999943157], [36,29,-0.707621035796], [37,29,0.706592152305], [57,29,0.707621035796], [58,29,-0.706592152305], [36,30,-0.999998040415], [37,30,0.001979688649], [60,30,0.999998040415], [61,30,-0.001979688649], [36,31,-0.705879875814], [37,31,-0.708331561432], [63,31,0.705879875814], [64,31,0.708331561432], [39,32,0.000796962290], [40,32,-0.999999682426], [42,32,-0.000796962290], [43,32,0.999999682426], [39,33,0.001057289654], [40,33,-0.999999441069], [45,33,-0.001057289654], [46,33,0.999999441069], [39,34,-0.710156965483], [40,34,0.704043382453], [60,34,0.710156965483], [61,34,-0.704043382453], [39,35,-0.999965400985], [40,35,-0.008318463411], [63,35,0.999965400985], [64,35,0.008318463411], [39,36,-0.708556860144], [40,36,-0.705653722404], [66,36,0.708556860144], [67,36,0.705653722404], [42,37,-0.709141419240], [43,37,0.705066271721], [63,37,0.709141419240], [64,37,-0.705066271721], [45,38,-0.999995858468], [46,38,-0.002878028185], [69,38,0.999995858468], [70,38,0.002878028185], [45,39,-0.999999680208], [46,39,0.000799740443], [93,39,0.999999680208], [94,39,-0.000799740443], [48,40,-0.002664749638], [49,40,-0.999996449548], [54,40,0.002664749638], [55,40,0.999996449548], [48,41,-0.999976783843], [49,41,-0.006814086563], [72,41,0.999976783843], [73,41,0.006814086563], [48,42,-0.704939344034], [49,42,-0.709267594941], [75,42,0.704939344034], [76,42,0.709267594941], [51,43,-0.001334494243], [52,43,-0.999999109562], [54,43,0.001334494243], [55,43,0.999999109562], [51,44,-0.999964459645], [52,44,-0.008430862760], [75,44,0.999964459645], [76,44,0.008430862760], [51,45,-0.707662845400], [52,45,-0.706550279344], [78,45,0.707662845400], [79,45,0.706550279344], [51,46,-0.999995179691], [52,46,-0.003104930573], [99,46,0.999995179691], [100,46,0.003104930573], [54,47,-0.706693608174], [55,47,0.707519712917], [75,47,0.706693608174], [76,47,-0.707519712917], [57,48,0.000631406593], [58,48,-0.999999800663], [60,48,-0.000631406593], [61,48,0.999999800663], [57,49,-0.706310814659], [58,49,0.707901852728], [78,49,0.706310814659], [79,49,-0.707901852728], [60,50,-0.000043703462], [61,50,-0.999999999045], [66,50,0.000043703462], [67,50,0.999999999045], [63,51,-0.007427141991], [64,51,-0.999972418401], [66,51,0.007427141991], [67,51,0.999972418401], [63,52,-0.001327624934], [64,52,-0.999999118706], [69,52,0.001327624934], [70,52,0.999999118706], [63,53,-0.709948659177], [64,53,-0.704253435443], [90,53,0.709948659177], [91,53,0.704253435443], [66,54,-0.999968854257], [67,54,-0.007892434153], [90,54,0.999968854257], [91,54,0.007892434153], [66,55,-0.706409379390], [67,55,-0.707803495831], [93,55,0.706409379390], [94,55,0.707803495831], [66,56,-0.999993178013], [67,56,-0.003693768854], [114,56,0.999993178013], [115,56,0.003693768854], [69,57,-0.709486509050], [70,57,0.704719017394], [90,57,0.709486509050], [91,57,-0.704719017394], [69,58,-0.999996668304], [70,58,0.002581352564], [117,58,0.999996668304], [118,58,-0.002581352564], [72,59,-0.999998841590], [73,59,0.001522109983], [96,59,0.999998841590], [97,59,-0.001522109983], [72,60,-0.707457323074], [73,60,-0.706756065435], [99,60,0.707457323074], [100,60,0.706756065435], [72,61,-0.999990821750], [73,61,0.004284438752], [120,61,0.999990821750], [121,61,-0.004284438752], [75,62,-0.003178281288], [76,62,-0.999994949251], [81,62,0.003178281288], [82,62,0.999994949251], [78,63,0.002403564614], [79,63,-0.999997111434], [81,63,-0.002403564614], [82,63,0.999997111434], [78,64,-0.000370619985], [79,64,-0.999999931320], [84,64,0.000370619985], [85,64,0.999999931320], [78,65,-0.999999337687], [79,65,0.001150923703], [126,65,0.999999337687], [127,65,-0.001150923703], [81,66,-0.706736992037], [82,66,0.707476377052], [102,66,0.706736992037], [103,66,-0.707476377052], [81,67,-0.706001406632], [82,67,-0.708210430475], [108,67,0.706001406632], [109,67,0.708210430475], [81,68,-0.999999654697], [82,68,-0.000831026815], [129,68,0.999999654697], [130,68,0.000831026815], [84,69,0.002791907862], [85,69,-0.999996102618], [87,69,-0.002791907862], [88,69,0.999996102618], [84,70,0.001102140209], [85,70,-0.999999392643], [90,70,-0.001102140209], [91,70,0.999999392643], [84,71,-0.999992358148], [85,71,-0.003909430345], [108,71,0.999992358148], [109,71,0.003909430345], [84,72,-0.704085169580], [85,72,-0.710115535655], [111,72,0.704085169580], [112,72,0.710115535655], [84,73,-0.999999908918], [85,73,0.000426806728], [132,73,0.999999908918], [133,73,-0.000426806728], [87,74,-0.705936359316], [88,74,0.708275268942], [108,74,0.705936359316], [109,74,-0.708275268942], [87,75,-0.999994272759], [88,75,0.003384442169], [111,75,0.999994272759], [112,75,-0.003384442169], [87,76,-0.706908405148], [88,76,-0.707305101587], [114,76,0.706908405148], [115,76,0.707305101587], [87,77,-0.999996952630], [88,77,0.002468750877], [135,77,0.999996952630], [136,77,-0.002468750877], [90,78,0.000608325462], [91,78,-0.999999814970], [93,78,-0.000608325462], [94,78,0.999999814970], [90,79,-0.999999870248], [91,79,0.000509414839], [114,79,0.999999870248], [115,79,-0.000509414839], [90,80,-0.708367825496], [91,80,-0.705843483927], [117,80,0.708367825496], [118,80,0.705843483927], [93,81,-0.709087329199], [94,81,0.705120670219], [114,81,0.709087329199], [115,81,-0.705120670219], [93,82,-0.999999767217], [94,82,0.000682324083], [117,82,0.999999767217], [118,82,-0.000682324083], [93,83,-0.999996897682], [94,83,-0.002490908740], [141,83,0.999996897682], [142,83,0.002490908740], [96,84,0.006146268080], [97,84,-0.999981111516], [99,84,-0.006146268080], [100,84,0.999981111516], [96,85,0.000501775690], [97,85,-0.999999874111], [102,85,-0.000501775690], [103,85,0.999999874111], [96,86,-0.999974999623], [97,86,0.007071076928], [120,86,0.999974999623], [121,86,-0.007071076928], [96,87,-0.708860262793], [97,87,-0.705348940477], [123,87,0.708860262793], [124,87,0.705348940477], [96,88,-0.999992617824], [97,88,0.003842433872], [144,88,0.999992617824], [145,88,-0.003842433872], [99,89,-0.705661585473], [100,89,0.708549029205], [120,89,0.705661585473], [121,89,-0.708549029205], [99,90,-0.710438315449], [100,90,-0.703759475916], [126,90,0.710438315449], [127,90,0.703759475916], [102,91,0.001288137677], [103,91,-0.999999170350], [108,91,-0.001288137677], [109,91,0.999999170350], [102,92,-0.999980891750], [103,92,0.006181920034], [126,92,0.999980891750], [127,92,-0.006181920034], [102,93,-0.705296786171], [103,93,-0.708912154937], [129,93,0.705296786171], [130,93,0.708912154937], [102,94,-0.999997442926], [103,94,0.002261446705], [150,94,0.999997442926], [151,94,-0.002261446705], [105,95,0.000749635828], [106,95,-0.999999719023], [108,95,-0.000749635828], [109,95,0.999999719023], [105,96,0.001313688966], [106,96,-0.999999137110], [111,96,-0.001313688966], [112,96,0.999999137110], [105,97,-0.999999817348], [106,97,-0.000604403301], [129,97,0.999999817348], [130,97,0.000604403301], [105,98,-0.709661897763], [106,98,-0.704542398202], [132,98,0.709661897763], [133,98,0.704542398202], [105,99,-0.999994974955], [106,99,0.003170183767], [153,99,0.999994974955], [154,99,-0.003170183767], [108,100,0.001879145593], [109,100,-0.999998234404], [111,100,-0.001879145593], [112,100,0.999998234404], [108,101,-0.707562372028], [109,101,0.706650896618], [129,101,0.707562372028], [130,101,-0.706650896618], [108,102,-0.999988830344], [109,102,0.004726434855], [132,102,0.999988830344], [133,102,-0.004726434855], [108,103,-0.710419020798], [109,103,-0.703778953144], [135,103,0.710419020798], [136,103,0.703778953144], [108,104,-0.999996518134], [109,104,0.002638885979], [156,104,0.999996518134], [157,104,-0.002638885979], [111,105,-0.708112366702], [112,105,0.706099763578], [132,105,0.708112366702], [133,105,-0.706099763578], [111,106,-0.999998777711], [112,106,0.001563513980], [135,106,0.999998777711], [136,106,-0.001563513980], [111,107,-0.999997283213], [112,107,0.002331001009], [159,107,0.999997283213], [160,107,-0.002331001009], [114,108,0.002643551566], [115,108,-0.999996505811], [117,108,-0.002643551566], [118,108,0.999996505811], [114,109,-0.709145562163], [115,109,-0.705062104828], [141,109,0.709145562163], [142,109,0.705062104828], [114,110,-0.999999668902], [115,110,-0.000813754133], [162,110,0.999999668902], [163,110,0.000813754133], [117,111,-0.710068819661], [118,111,0.704132282562], [138,111,0.710068819661], [139,111,-0.704132282562], [120,112,-0.004347255404], [121,112,-0.999990550641], [123,112,0.004347255404], [124,112,0.999990550641], [120,113,-0.001279441997], [121,113,-0.999999181514], [126,113,0.001279441997], [127,113,0.999999181514], [120,114,-0.999999787266], [121,114,0.000652279626], [144,114,0.999999787266], [145,114,-0.000652279626], [123,115,0.001798824119], [124,115,-0.999998382115], [126,115,-0.001798824119], [127,115,0.999998382115], [123,116,-0.707315670185], [124,116,0.706897830461], [144,116,0.707315670185], [145,116,-0.706897830461], [123,117,-0.999999559317], [124,117,-0.000938810819], [171,117,0.999999559317], [172,117,0.000938810819], [129,118,-0.002568813720], [130,118,-0.999996700593], [132,118,0.002568813720], [133,118,0.999996700593], [129,119,-0.002331837058], [130,119,-0.999997281264], [135,119,0.002331837058], [136,119,0.999997281264], [129,120,-0.999976061198], [130,120,0.006919322996], [153,120,0.999976061198], [154,120,-0.006919322996], [129,121,-0.709157415109], [130,121,-0.705050183034], [156,121,0.709157415109], [157,121,0.705050183034], [132,122,-0.707991692948], [133,122,0.706220760610], [153,122,0.707991692948], [154,122,-0.706220760610], [132,123,-0.999999854751], [133,123,0.000538979422], [156,123,0.999999854751], [157,123,-0.000538979422], [132,124,-0.999999770262], [133,124,0.000677846948], [180,124,0.999999770262], [181,124,-0.000677846948], [135,125,-0.000655687660], [136,125,-0.999999785037], [141,125,0.000655687660], [142,125,0.999999785037], [135,126,-0.703401673855], [136,126,-0.710792575382], [162,126,0.703401673855], [163,126,0.710792575382], [138,127,-0.002293277889], [139,127,-0.999997370435], [141,127,0.002293277889], [142,127,0.999997370435], [138,128,-0.999987380355], [139,128,-0.005023856080], [162,128,0.999987380355], [163,128,0.005023856080], [138,129,-0.704662573091], [139,129,-0.709542569607], [165,129,0.704662573091], [166,129,0.709542569607], [138,130,-0.999999186931], [139,130,0.001275201289], [186,130,0.999999186931], [187,130,-0.001275201289], [141,131,-0.706243192903], [142,131,0.707969316057], [162,131,0.706243192903], [163,131,-0.707969316057], [144,132,0.002805000655], [145,132,-0.999996065978], [150,132,-0.002805000655], [151,132,0.999996065978], [147,133,0.005557161617], [148,133,-0.999984558858], [150,133,-0.005557161617], [151,133,0.999984558858], [147,134,-0.704872584994], [148,134,0.709333940344], [168,134,0.704872584994], [169,134,-0.709333940344], [147,135,-0.999999876086], [148,135,0.000497822317], [171,135,0.999999876086], [172,135,-0.000497822317], [147,136,-0.706784719831], [148,136,-0.707428695922], [174,136,0.706784719831], [175,136,0.707428695922], [150,137,0.000803606490], [151,137,-0.999999677108], [156,137,-0.000803606490], [157,137,0.999999677108], [150,138,-0.708553924826], [151,138,0.705656669786], [171,138,0.708553924826], [172,138,-0.705656669786], [150,139,-0.999999234668], [151,139,-0.001237199829], [174,139,0.999999234668], [175,139,0.001237199829], [153,140,0.006771422597], [154,140,-0.999977073655], [156,140,-0.006771422597], [157,140,0.999977073655], [153,141,0.000448495736], [154,141,-0.999999899426], [159,141,-0.000448495736], [160,141,0.999999899426], [153,142,-0.706310939788], [154,142,-0.707901727880], [180,142,0.706310939788], [181,142,0.707901727880], [159,143,-0.707099025793], [160,143,0.707114536495], [180,143,0.707099025793], [181,143,-0.707114536495], [159,144,-0.999983899939], [160,144,-0.005674492310], [183,144,0.999983899939], [184,144,0.005674492310], [162,145,0.003617015239], [163,145,-0.999993458579], [165,145,-0.003617015239], [166,145,0.999993458579], [162,146,-0.709140728818], [163,146,-0.705066966132], [189,146,0.709140728818], [190,146,0.705066966132], [165,147,-0.708244794453], [166,147,0.705966933454], [186,147,0.708244794453], [187,147,-0.705966933454], [165,148,-0.999994492208], [166,148,-0.003318968728], [189,148,0.999994492208], [190,148,0.003318968728], [168,149,-0.003082110786], [169,149,-0.999995250285], [174,149,0.003082110786], [175,149,0.999995250285], [171,150,-0.001282914119], [172,150,-0.999999177065], [174,150,0.001282914119], [175,150,0.999999177065], [171,151,0.002815682290], [172,151,-0.999996035959], [177,151,-0.002815682290], [178,151,0.999996035959], [183,152,0.002317292656], [184,152,-0.999997315074], [186,152,-0.002317292656], [187,152,0.999997315074], [183,153,0.000193688030], [184,153,-0.999999981242], [189,153,-0.000193688030], [190,153,0.999999981242], [186,154,-0.001909193877], [187,154,-0.999998177488], [189,154,0.001909193877], [190,154,0.999998177488], ]
},
"Q": {
"shape": [155, 155],
"data": [[0,0,2.000000000000], [1,0,0.704227088057], [2,0,0.999999635421], [17,0,0.002114323525], [0,1,0.704227088057], [1,1,2.000000000000], [2,1,0.704833084404], [17,1,0.708484243410], [18,1,0.002106306746], [19,1,-0.704892280650], [20,1,-0.999993288760], [21,1,-0.707831318100], [0,2,0.999999635421], [1,2,0.704833084404], [2,2,2.000000000000], [18,2,0.707887022050], [40,2,-0.002675488906], [41,2,-0.999976856964], [42,2,-0.704946961035], [3,3,2.000000000000], [4,3,0.711462942035], [5,3,-0.999946123447], [6,3,-0.004039111970], [7,3,-0.004967519042], [3,4,0.711462942035], [4,4,2.000000000000], [6,4,0.705591563353], [10,4,-0.000964262931], [3,5,-0.999946123447], [5,5,2.000000000000], [6,5,-0.006341300538], [7,5,-0.005412900086], [8,5,0.999993365530], [14,5,-0.999947571895], [3,6,-0.004039111970], [4,6,0.705591563353], [5,6,-0.006341300538], [6,6,2.000000000000], [7,6,0.999999569021], [10,6,0.707938053857], [3,7,-0.004967519042], [5,7,-0.005412900086], [6,7,0.999999569021], [7,7,2.000000000000], [20,7,0.705877215234], [24,7,0.709763946251], [40,7,0.000484804301], [43,7,-0.000845453732], [47,7,-0.708234284304], [5,8,0.999993365530], [8,8,2.000000000000], [9,8,0.999994599308], [10,8,-0.708182457937], [11,8,-0.007708769892], [12,8,0.706662937865], [13,8,-0.001578170449], [14,8,-0.999978237769], [8,9,0.999994599308], [9,9,2.000000000000], [10,9,-0.705858238231], [11,9,-0.004422284565], [12,9,0.708984514865], [13,9,0.001708375329], [14,9,0.999994519400], [15,9,0.703854530430], [16,9,-0.711070259730], [4,10,-0.000964262931], [6,10,0.707938053857], [8,10,-0.708182457937], [9,10,-0.705858238231], [10,10,2.000000000000], [11,10,0.711467702932], [12,10,-0.000894903551], [13,10,0.707146218982], [8,11,-0.007708769892], [9,11,-0.004422284565], [10,11,0.711467702932], [11,11,2.000000000000], [12,11,0.702081820658], [13,11,0.999981207470], [22,11,0.009535913200], [23,11,0.008098881585], [24,11,-0.713934775298], [25,11,-0.999924867527], [26,11,-0.700360679343], [27,11,-0.999935597964], [8,12,0.706662937865], [9,12,0.708984514865], [10,12,-0.000894903551], [11,12,0.702081820658], [12,12,2.000000000000], [13,12,0.706434230400], [15,12,0.001929808364], [22,12,0.705368914798], [28,12,-0.706611633442], [29,12,-0.001764701779], [30,12,-0.706440006478], [31,12,-0.999996161401], [8,13,-0.001578170449], [9,13,0.001708375329], [10,13,0.707146218982], [11,13,0.999981207470], [12,13,0.706434230400], [13,13,2.000000000000], [25,13,0.999981225938], [29,13,0.709024236567], [48,13,0.002619254469], [49,13,-0.707716621506], [5,14,-0.999947571895], [8,14,-0.999978237769], [9,14,0.999994519400], [14,14,2.000000000000], [15,14,0.701498889826], [16,14,-0.713394231437], [9,15,0.703854530430], [12,15,0.001929808364], [14,15,0.701498889826], [15,15,2.000000000000], [16,15,-0.001032168076], [22,15,-0.707477840105], [28,15,0.706236639797], [29,15,-0.999999986370], [30,15,-0.709134903645], [31,15,0.000840966871], [9,16,-0.711070259730], [14,16,-0.713394231437], [15,16,-0.001032168076], [16,16,2.000000000000], [28,16,0.708704430910], [32,16,0.707903836939], [37,16,-0.000956762603], [0,17,0.002114323525], [1,17,0.708484243410], [17,17,2.000000000000], [18,17,0.707217350040], [19,17,0.001176964687], [20,17,-0.705893943168], [21,17,-0.002975099315], [1,18,0.002106306746], [2,18,0.707887022050], [17,18,0.707217350040], [18,18,2.000000000000], [19,18,0.707828075206], [20,18,0.001557363523], [21,18,0.704889024292], [40,18,0.704429206529], [41,18,-0.703065260353], [42,18,0.001945762926], [1,19,-0.704892280650], [17,19,0.001176964687], [18,19,0.707828075206], [19,19,2.000000000000], [20,19,0.707486239648], [21,19,0.999991380175], [43,19,-0.001428685586], [44,19,-0.999965249324], [45,19,-0.707729393244], [46,19,-0.999995467713], [1,20,-0.999993288760], [7,20,0.705877215234], [17,20,-0.705893943168], [18,20,0.001557363523], [19,20,0.707486239648], [20,20,2.000000000000], [21,20,0.710414512334], [24,20,0.002027533075], [40,20,0.708676341861], [43,20,0.707737173112], [47,20,0.000141556336], [1,21,-0.707831318100], [17,21,-0.002975099315], [18,21,0.704889024292], [19,21,0.999991380175], [20,21,0.710414512334], [21,21,2.000000000000], [42,21,0.707944714395], [44,21,0.999991244145], [47,21,0.703682933389], [62,21,-0.007424478523], [11,22,0.009535913200], [12,22,0.705368914798], [15,22,-0.707477840105], [22,22,2.000000000000], [23,22,0.999998967390], [24,22,-0.706988391179], [25,22,0.002722275962], [26,22,0.707078094598], [27,22,0.001813190335], [28,22,-0.999998460507], [29,22,0.707594517350], [30,22,0.003397215168], [31,22,-0.707330242965], [11,23,0.008098881585], [22,23,0.999998967390], [23,23,2.000000000000], [24,23,-0.705971316986], [25,23,0.004159354936], [26,23,0.708093579726], [27,23,0.003250273210], [32,23,-0.999999666649], [33,23,-0.999999420202], [34,23,0.704029494600], [35,23,-0.008338018577], [36,23,-0.705667578697], [7,24,0.709763946251], [11,24,-0.713934775298], [20,24,0.002027533075], [22,24,-0.706988391179], [23,24,-0.705971316986], [24,24,2.000000000000], [25,24,0.705297913321], [26,24,0.000207982880], [27,24,0.705942084300], [40,24,-0.704095413898], [43,24,-0.705039414109], [47,24,-0.999997647523], [11,25,-0.999924867527], [13,25,0.999981225938], [22,25,0.002722275962], [23,25,0.004159354936], [24,25,0.705297913321], [25,25,2.000000000000], [26,25,0.709057708092], [27,25,0.999999586780], [29,25,0.704689822517], [48,25,-0.003508397253], [49,25,-0.703374190711], [11,26,-0.700360679343], [22,26,0.707078094598], [23,26,0.708093579726], [24,26,0.000207982880], [25,26,0.709057708092], [26,26,2.000000000000], [27,26,0.708416371367], [30,26,0.704729289622], [34,26,0.002946001600], [48,26,0.707633773014], [50,26,-0.708110630602], [11,27,-0.999935597964], [22,27,0.001813190335], [23,27,0.003250273210], [24,27,0.705942084300], [25,27,0.999999586780], [26,27,0.708416371367], [27,27,2.000000000000], [62,27,0.006408965853], [63,27,0.000827156066], [66,27,-0.704447647441], [67,27,-0.708285749974], [68,27,-0.999997120731], [12,28,-0.706611633442], [15,28,0.706236639797], [16,28,0.708704430910], [22,28,-0.999998460507], [28,28,2.000000000000], [29,28,-0.706353521845], [30,28,-0.001642516779], [31,28,0.708569524393], [32,28,0.999999356869], [37,28,0.704827128716], [12,29,-0.001764701779], [13,29,0.709024236567], [15,29,-0.999999986370], [22,29,0.707594517350], [25,29,0.704689822517], [28,29,-0.706353521845], [29,29,2.000000000000], [30,29,0.709018481615], [31,29,-0.001006073668], [48,29,0.707038808043], [49,29,-0.999998284003], [12,30,-0.706440006478], [15,30,-0.709134903645], [22,30,0.003397215168], [26,30,0.704729289622], [28,30,-0.001642516779], [29,30,0.709018481615], [30,30,2.000000000000], [31,30,0.704476216630], [34,30,0.711549360562], [48,30,-0.002611093610], [50,30,0.001935985271], [12,31,-0.999996161401], [15,31,0.000840966871], [22,31,-0.707330242965], [28,31,0.708569524393], [29,31,-0.001006073668], [30,31,0.704476216630], [31,31,2.000000000000], [35,31,0.711747683241], [37,31,0.001147963786], [51,31,-0.713554694582], [52,31,-0.709268080907], [53,31,-0.999983406945], [16,32,0.707903836939], [23,32,-0.999999666649], [28,32,0.999999356869], [32,32,2.000000000000], [33,32,0.999999966115], [34,32,-0.704609127188], [35,32,0.007521526054], [36,32,0.705088805209], [37,32,0.705631206779], [23,33,-0.999999420202], [32,33,0.999999966115], [33,33,2.000000000000], [34,33,-0.704793830554], [35,33,0.007261205688], [36,33,0.704904178155], [38,33,-0.001820741301], [39,33,0.001857029312], [23,34,0.704029494600], [26,34,0.002946001600], [30,34,0.711549360562], [32,34,-0.704609127188], [33,34,-0.704793830554], [34,34,2.000000000000], [35,34,0.704275835635], [36,34,0.006375756110], [48,34,-0.704491639901], [50,34,0.704012345463], [23,35,-0.008338018577], [31,35,0.711747683241], [32,35,0.007521526054], [33,35,0.007261205688], [34,35,0.704275835635], [35,35,2.000000000000], [36,35,0.714402299445], [37,35,0.703251815662], [51,35,-0.015745118994], [52,35,-0.009646035079], [53,35,-0.715782402087], [23,36,-0.705667578697], [32,36,0.705088805209], [33,36,0.704904178155], [34,36,0.006375756110], [35,36,0.714402299445], [36,36,2.000000000000], [50,36,0.705684688118], [51,36,0.710896811755], [54,36,-0.714104117153], [55,36,-0.999995383400], [56,36,-0.711158548119], [16,37,-0.000956762603], [28,37,0.704827128716], [31,37,0.001147963786], [32,37,0.705631206779], [35,37,0.703251815662], [37,37,2.000000000000], [51,37,0.699779930853], [52,37,0.704124176520], [53,37,-0.006908655682], [33,38,-0.001820741301], [38,38,2.000000000000], [39,38,0.999993237002], [52,38,0.004205645084], [57,38,-0.707455369494], [58,38,-0.999985097581], [33,39,0.001857029312], [38,39,0.999993237002], [39,39,2.000000000000], [55,39,0.705843094404], [78,39,-0.001408065562], [81,39,-0.709651015955], [82,39,-0.999999993107], [83,39,-0.999994585810], [2,40,-0.002675488906], [7,40,0.000484804301], [18,40,0.704429206529], [20,40,0.708676341861], [24,40,-0.704095413898], [40,40,2.000000000000], [41,40,0.009478750142], [42,40,0.711143563582], [43,40,0.999999115207], [47,40,0.705634039366], [2,41,-0.999976856964], [18,41,-0.703065260353], [40,41,0.009478750142], [41,41,2.000000000000], [42,41,0.709755988839], [59,41,-0.999965253670], [60,41,-0.712256795642], [61,41,-0.999938411269], [2,42,-0.704946961035], [18,42,0.001945762926], [21,42,0.707944714395], [40,42,0.711143563582], [41,42,0.709755988839], [42,42,2.000000000000], [44,42,0.710894027992], [47,42,-0.003644676574], [62,42,-0.711504508135], [7,43,-0.000845453732], [19,43,-0.001428685586], [20,43,0.707737173112], [24,43,-0.705039414109], [40,43,0.999999115207], [43,43,2.000000000000], [44,43,0.009765302067], [45,43,0.707494022198], [46,43,0.004439415618], [47,43,0.706576004363], [19,44,-0.999965249324], [21,44,0.999991244145], [42,44,0.710894027992], [43,44,0.009765302067], [44,44,2.000000000000], [45,44,0.713594523249], [46,44,0.999985816751], [47,44,0.700703490433], [62,44,-0.011608988508], [19,45,-0.707729393244], [43,45,0.707494022198], [44,45,0.713594523249], [45,45,2.000000000000], [46,45,0.709853223810], [49,45,-0.000338330955], [63,45,-0.704847325053], [64,45,-0.706812504812], [65,45,-0.706849191241], [19,46,-0.999995467713], [43,46,0.004439415618], [44,46,0.999985816751], [45,46,0.709853223810], [46,46,2.000000000000], [60,46,0.709648341426], [84,46,-0.003041366528], [89,46,-0.703458188424], [90,46,-0.712620015230], [7,47,-0.708234284304], [20,47,0.000141556336], [21,47,0.703682933389], [24,47,-0.999997647523], [40,47,0.705634039366], [42,47,-0.003644676574], [43,47,0.706576004363], [44,47,0.700703490433], [47,47,2.000000000000], [62,47,0.705270068341], [13,48,0.002619254469], [25,48,-0.003508397253], [26,48,0.707633773014], [29,48,0.707038808043], [30,48,-0.002611093610], [34,48,-0.704491639901], [48,48,2.000000000000], [49,48,-0.708347680922], [50,48,-0.999999772113], [13,49,-0.707716621506], [25,49,-0.703374190711], [29,49,-0.999998284003], [45,49,-0.000338330955], [48,49,-0.708347680922], [49,49,2.000000000000], [63,49,0.709597471588], [64,49,0.707640031206], [65,49,-0.707125087882], [26,50,-0.708110630602], [30,50,0.001935985271], [34,50,0.704012345463], [36,50,0.705684688118], [48,50,-0.999999772113], [50,50,2.000000000000], [51,50,0.999972742037], [54,50,-0.007936136246], [55,50,-0.707834367690], [56,50,-0.003737472014], [31,51,-0.713554694582], [35,51,-0.015745118994], [36,51,0.710896811755], [37,51,0.699779930853], [50,51,0.999972742037], [51,51,2.000000000000], [52,51,0.999981397589], [53,51,0.709506900505], [54,51,-0.015319127135], [55,51,-0.713030576243], [56,51,-0.011120758297], [31,52,-0.709268080907], [35,52,-0.009646035079], [37,52,0.704124176520], [38,52,0.004205645084], [51,52,0.999981397589], [52,52,2.000000000000], [53,52,0.705195360330], [57,52,0.703776464349], [58,52,0.001253729778], [31,53,-0.999983406945], [35,53,-0.715782402087], [37,53,-0.006908655682], [51,53,0.709506900505], [52,53,0.705195360330], [53,53,2.000000000000], [54,53,0.715484821164], [57,53,0.007398206782], [70,53,0.703470544746], [78,53,-0.703821425289], [79,53,-0.709589809909], [80,53,-0.999997486355], [36,54,-0.714104117153], [50,54,-0.007936136246], [51,54,-0.015319127135], [53,54,0.715484821164], [54,54,2.000000000000], [55,54,0.711973670229], [56,54,0.999991185309], [57,54,0.703902463124], [70,54,0.006790323478], [78,54,-0.007284126178], [79,54,-0.999964703986], [80,54,-0.713916586073], [36,55,-0.999995383400], [39,55,0.705843094404], [50,55,-0.707834367690], [51,55,-0.713030576243], [54,55,0.711973670229], [55,55,2.000000000000], [56,55,0.709019022781], [78,55,0.707373638054], [81,55,-0.001819064789], [82,55,-0.705926263578], [83,55,-0.708170261797], [36,56,-0.711158548119], [50,56,-0.003737472014], [51,56,-0.011120758297], [54,56,0.999991185309], [55,56,0.709019022781], [56,56,2.000000000000], [76,56,0.709516204182], [79,56,0.999991166601], [81,56,0.706477939044], [108,56,-0.001050222415], [109,56,-0.711745060824], [110,56,-0.999995852737], [38,57,-0.707455369494], [52,57,0.703776464349], [53,57,0.007398206782], [54,57,0.703902463124], [57,57,2.000000000000], [58,57,0.711303273499], [70,57,-0.705500542987], [78,57,0.705150485708], [79,57,-0.709845411317], [80,57,-0.005156089208], [38,58,-0.999985097581], [52,58,0.001253729778], [57,58,0.711303273499], [58,58,2.000000000000], [80,58,0.706543434543], [82,58,0.999998196841], [108,58,-0.005224886303], [111,58,-0.711884067600], [41,59,-0.999965253670], [59,59,2.000000000000], [60,59,0.706380743085], [61,59,0.999996184738], [84,59,0.007668342193], [85,59,0.002023884900], [86,59,-0.999984604199], [87,59,-0.707785822979], [88,59,-0.999997308029], [41,60,-0.712256795642], [46,60,0.709648341426], [59,60,0.706380743085], [60,60,2.000000000000], [61,60,0.704422776779], [84,60,0.702394493522], [89,60,0.001545867794], [90,60,-0.999991067068], [41,61,-0.999938411269], [59,61,0.999996184738], [60,61,0.704422776779], [61,61,2.000000000000], [86,61,0.999996117199], [89,61,0.708690843653], [112,61,-0.000062817237], [113,61,0.003005004992], [114,61,-0.999993403670], [21,62,-0.007424478523], [27,62,0.006408965853], [42,62,-0.711504508135], [44,62,-0.011608988508], [47,62,0.705270068341], [62,62,2.000000000000], [63,62,0.999984421496], [66,62,0.705226594809], [67,62,-0.710450724542], [68,62,-0.004009302808], [27,63,0.000827156066], [45,63,-0.704847325053], [49,63,0.709597471588], [62,63,0.999984421496], [63,63,2.000000000000], [64,63,0.999996151946], [65,63,-0.003554483401], [66,63,0.709173021486], [67,63,-0.706511464764], [68,63,0.001572539370], [45,64,-0.706812504812], [49,64,0.707640031206], [63,64,0.999996151946], [64,64,2.000000000000], [65,64,-0.000780303884], [69,64,-0.999994999201], [70,64,-0.999998915489], [71,64,-0.004280047230], [72,64,-0.710376434919], [73,64,0.000056186747], [45,65,-0.706849191241], [49,65,-0.707125087882], [63,65,-0.003554483401], [64,65,-0.000780303884], [65,65,2.000000000000], [90,65,0.709627871454], [92,65,0.999987344368], [113,65,0.000128518388], [115,65,-0.002949744769], [27,66,-0.704447647441], [62,66,0.705226594809], [63,66,0.709173021486], [66,66,2.000000000000], [67,66,-0.002084839047], [68,66,0.706148816158], [85,66,-0.707830911430], [91,66,0.708386164642], [92,66,-0.711097049918], [93,66,0.003079273871], [94,66,-0.708335104980], [27,67,-0.708285749974], [62,67,-0.710450724542], [63,67,-0.706511464764], [66,67,-0.002084839047], [67,67,2.000000000000], [68,67,0.706589704706], [71,67,0.708764710821], [74,67,-0.003215870443], [91,67,0.707300415897], [95,67,0.707680987536], [100,67,-0.706882500630], [101,67,0.000917505758], [102,67,-0.702646210376], [103,67,-0.999980423347], [104,67,-0.704130061854], [27,68,-0.999997120731], [62,68,-0.004009302808], [63,68,0.001572539370], [66,68,0.706148816158], [67,68,0.706589704706], [68,68,2.000000000000], [93,68,0.705885667640], [97,68,0.999999974321], [101,68,0.706974881861], [118,68,-0.003399836906], [119,68,-0.003162860809], [120,68,-0.999969965761], [121,68,-0.709743085843], [64,69,-0.999994999201], [69,69,2.000000000000], [70,69,0.999998572337], [71,69,0.001117528583], [72,69,0.708147027143], [73,69,-0.003218712672], [74,69,0.710243417794], [75,69,0.006176320850], [76,69,-0.705328721815], [77,69,0.005260640609], [53,70,0.703470544746], [54,70,0.006790323478], [57,70,-0.705500542987], [64,70,-0.999998915489], [69,70,0.999998572337], [70,70,2.000000000000], [71,70,0.002807296184], [72,70,0.709339103785], [73,70,-0.001528946577], [78,70,-0.999999878073], [79,70,0.001611554596], [80,70,-0.705062334564], [64,71,-0.004280047230], [67,71,0.708764710821], [69,71,0.001117528583], [70,71,0.002807296184], [71,71,2.000000000000], [72,71,0.706855936289], [73,71,0.999990598496], [74,71,0.703162011826], [91,71,0.002621299269], [95,71,0.003159799148], [100,71,-0.002030292210], [101,71,-0.704794362482], [102,71,-0.999962710910], [103,71,-0.713164966677], [104,71,-0.999978559768], [64,72,-0.710376434919], [69,72,0.708147027143], [70,72,0.709339103785], [71,72,0.706855936289], [72,72,2.000000000000], [73,72,0.703782023362], [75,72,0.701677792150], [96,72,0.709189973985], [100,72,0.708791203334], [105,72,0.002840996048], [106,72,-0.702974033417], [107,72,-0.702427976701], [64,73,0.000056186747], [69,73,-0.003218712672], [70,73,-0.001528946577], [71,73,0.999990598496], [72,73,0.703782023362], [73,73,2.000000000000], [98,73,0.709361129690], [102,73,0.999990756538], [105,73,0.708413670335], [118,73,0.002142008167], [122,73,-0.708293048235], [123,73,-0.999999993709], [124,73,-0.999999968489], [67,74,-0.003215870443], [69,74,0.710243417794], [71,74,0.703162011826], [74,74,2.000000000000], [75,74,0.708329432936], [76,74,-0.001934365151], [77,74,0.707682763258], [91,74,-0.709184024544], [95,74,-0.708804265120], [100,74,0.709600575613], [101,74,-0.999997358749], [102,74,-0.709276091168], [103,74,-0.003041389818], [104,74,-0.707802959017], [69,75,0.006176320850], [72,75,0.701677792150], [74,75,0.708329432936], [75,75,2.000000000000], [76,75,0.704510523301], [77,75,0.999999580751], [96,75,-0.004698120691], [100,75,-0.005263571024], [105,75,-0.710498064987], [106,75,-0.999998342100], [107,75,-0.999999445126], [56,76,0.709516204182], [69,76,-0.705328721815], [74,76,-0.001934365151], [75,76,0.704510523301], [76,76,2.000000000000], [77,76,0.705160090847], [79,76,0.706548001711], [81,76,0.002524345715], [108,76,-0.705433881308], [109,76,-0.999994982047], [110,76,-0.707483743542], [69,77,0.005260640609], [74,77,0.707682763258], [75,77,0.999999580751], [76,77,0.705160090847], [77,77,2.000000000000], [103,77,0.708679400981], [106,77,0.999999590271], [119,77,-0.000136914213], [125,77,0.001813064685], [126,77,-0.701644760536], [39,78,-0.001408065562], [53,78,-0.703821425289], [54,78,-0.007284126178], [55,78,0.707373638054], [57,78,0.705150485708], [70,78,-0.999999878073], [78,78,2.000000000000], [79,78,-0.001117740127], [80,78,0.705412435140], [81,78,0.705551895627], [82,78,0.001290649277], [83,78,-0.001882584704], [53,79,-0.709589809909], [54,79,-0.999964703986], [56,79,0.999991166601], [57,79,-0.709845411317], [70,79,0.001611554596], [76,79,0.706548001711], [78,79,-0.001117740127], [79,79,2.000000000000], [80,79,0.708008166440], [81,79,0.709446436126], [108,79,0.003152964282], [109,79,-0.708786301051], [110,79,-0.999999124612], [53,80,-0.999997486355], [54,80,-0.713916586073], [57,80,-0.005156089208], [58,80,0.706543434543], [70,80,-0.705062334564], [78,80,0.705412435140], [79,80,0.708008166440], [80,80,2.000000000000], [82,80,0.707886046592], [108,80,0.703968410702], [111,80,-0.005982722267], [39,81,-0.709651015955], [55,81,-0.001819064789], [56,81,0.706477939044], [76,81,0.002524345715], [78,81,0.705551895627], [79,81,0.709446436126], [81,81,2.000000000000], [82,81,0.709568284950], [83,81,0.707328738145], [108,81,0.706992715314], [109,81,-0.005692268785], [110,81,-0.708513299562], [39,82,-0.999999993107], [55,82,-0.705926263578], [58,82,0.999998196841], [78,82,0.001290649277], [80,82,0.707886046592], [81,82,0.709568284950], [82,82,2.000000000000], [83,82,0.999994965293], [108,82,-0.003325872650], [111,82,-0.710549100783], [39,83,-0.999994585810], [55,83,-0.708170261797], [78,83,-0.001882584704], [81,83,0.707328738145], [82,83,0.999994965293], [83,83,2.000000000000], [109,83,0.710899607527], [125,83,0.003146593830], [127,83,0.004784172964], [131,83,-0.704477514955], [46,84,-0.003041366528], [59,84,0.007668342193], [60,84,0.702394493522], [84,84,2.000000000000], [85,84,0.999984069677], [86,84,-0.013217057787], [87,84,0.700978772299], [88,84,-0.009988584001], [89,84,0.712872831066], [90,84,-0.699379638626], [59,85,0.002023884900], [66,85,-0.707830911430], [84,85,0.999984069677], [85,85,2.000000000000], [86,85,-0.007572839183], [87,85,0.704993162834], [88,85,-0.004344205374], [91,85,-0.999999690817], [92,85,0.006683685357], [93,85,-0.708558164911], [94,85,0.002763220826], [59,86,-0.999984604199], [61,86,0.999996117199], [84,86,-0.013217057787], [85,86,-0.007572839183], [86,86,2.000000000000], [87,86,0.703854964400], [88,86,0.999994787777], [89,86,0.710654148361], [112,86,0.002723863390], [113,86,0.005791661131], [114,86,-0.999979399213], [59,87,-0.707785822979], [84,87,0.700978772299], [85,87,0.704993162834], [86,87,0.703854964400], [87,87,2.000000000000], [88,87,0.706144773202], [112,87,0.708423871990], [115,87,-0.704072684366], [116,87,-0.002778336103], [117,87,-0.709522139628], [59,88,-0.999997308029], [84,88,-0.009988584001], [85,88,-0.004344205374], [86,88,0.999994787777], [87,88,0.706144773202], [88,88,2.000000000000], [114,88,0.999994911432], [116,88,0.710026656824], [132,88,0.006647398704], [46,89,-0.703458188424], [60,89,0.001545867794], [61,89,0.708690843653], [84,89,0.712872831066], [86,89,0.710654148361], [89,89,2.000000000000], [90,89,0.002680934607], [112,89,0.705474642729], [113,89,0.707645596199], [114,89,-0.706123607451], [46,90,-0.712620015230], [60,90,-0.999991067068], [65,90,0.709627871454], [84,90,-0.699379638626], [89,90,0.002680934607], [90,90,2.000000000000], [92,90,0.706074155413], [113,90,0.704667864516], [115,90,0.702480383737], [66,91,0.708386164642], [67,91,0.707300415897], [71,91,0.002621299269], [74,91,-0.709184024544], [85,91,-0.999999690817], [91,91,2.000000000000], [92,91,-0.007470027968], [93,91,0.708003047424], [94,91,-0.003549579212], [95,91,0.999999855008], [100,91,-0.999999825354], [101,91,0.707561748095], [102,91,0.006014554223], [103,91,-0.702863251746], [104,91,0.003927016982], [65,92,0.999987344368], [66,92,-0.711097049918], [85,92,0.006683685357], [90,92,0.706074155413], [91,92,-0.007470027968], [92,92,2.000000000000], [93,92,0.700900870931], [94,92,0.999992314807], [113,92,-0.004902497425], [115,92,-0.007980699779], [66,93,0.003079273871], [68,93,0.705885667640], [85,93,-0.708558164911], [91,93,0.708003047424], [92,93,0.700900870931], [93,93,2.000000000000], [94,93,0.703691815618], [97,93,0.705725126194], [101,93,-0.001911942902], [118,93,-0.710721592008], [119,93,-0.710554864775], [120,93,-0.700374710035], [121,93,-0.999985090359], [66,94,-0.708335104980], [85,94,0.002763220826], [91,94,-0.003549579212], [92,94,0.999992314807], [93,94,0.703691815618], [94,94,2.000000000000], [132,94,-0.005066431290], [133,94,-0.007818559193], [137,94,0.003065050410], [138,94,-0.710147917952], [139,94,-0.999993879735], [67,95,0.707680987536], [71,95,0.003159799148], [74,95,-0.708804265120], [91,95,0.999999855008], [95,95,2.000000000000], [96,95,0.999999840922], [97,95,-0.000145232560], [98,95,0.704010212257], [99,95,-0.003919814937], [100,95,-0.999999362103], [101,95,0.707181112169], [102,95,0.005476060981], [103,95,-0.703246199847], [104,95,0.003388518455], [72,96,0.709189973985], [75,96,-0.004698120691], [95,96,0.999999840922], [96,96,2.000000000000], [97,96,-0.000709285947], [98,96,0.703609515255], [99,96,-0.004483863396], [100,96,0.999999840129], [105,96,0.707029393694], [106,96,0.002877199991], [107,96,0.003644684394], [68,97,0.999999974321], [93,97,0.705725126194], [95,97,-0.000145232560], [96,97,-0.000709285947], [97,97,2.000000000000], [98,97,0.710087595893], [99,97,0.999992876235], [101,97,0.707135140656], [118,97,-0.003173214557], [119,97,-0.002936238290], [120,97,-0.999971696489], [121,97,-0.709583420238], [73,98,0.709361129690], [95,98,0.704010212257], [96,98,0.703609515255], [97,98,0.710087595893], [98,98,2.000000000000], [99,98,0.707424802805], [102,