{
"N": {
"shape": [192, 139],
"data": [[0,0,0.002357484252], [1,0,-0.999997221130], [3,0,-0.002357484252], [4,0,0.999997221130], [0,1,-0.999964192422], [1,1,-0.008462498026], [24,1,0.999964192422], [25,1,0.008462498026], [0,2,-0.702974682872], [1,2,-0.711214872764], [27,2,0.702974682872], [28,2,0.711214872764], [0,3,-0.999998736591], [1,3,-0.001589596036], [48,3,0.999998736591], [49,3,0.001589596036], [3,4,0.000797445792], [4,4,-0.999999682040], [9,4,-0.000797445792], [10,4,0.999999682040], [3,5,-0.705639960026], [4,5,0.708570565868], [24,5,0.705639960026], [25,5,-0.708570565868], [3,6,-0.999999492862], [4,6,0.001007112088], [27,6,0.999999492862], [28,6,-0.001007112088], [3,7,-0.706405145687], [4,7,-0.707807721169], [30,7,0.706405145687], [31,7,0.707807721169], [6,8,-0.000428845111], [7,8,-0.999999908046], [9,8,0.000428845111], [10,8,0.999999908046], [6,9,-0.999993073014], [7,9,0.003722086037], [30,9,0.999993073014], [31,9,-0.003722086037], [9,10,-0.706088609352], [10,10,0.708123489050], [30,10,0.706088609352], [31,10,-0.708123489050], [9,11,-0.999997748293], [10,11,-0.002122123609], [33,11,0.999997748293], [34,11,0.002122123609], [9,12,-0.705756578315], [10,12,-0.708454410788], [36,12,0.705756578315], [37,12,0.708454410788], [9,13,-0.999997745041], [10,13,-0.002123655682], [57,13,0.999997745041], [58,13,0.002123655682], [12,14,-0.000715204411], [13,14,-0.999999744241], [15,14,0.000715204411], [16,14,0.999999744241], [12,15,0.000624152730], [13,15,-0.999999805217], [18,15,-0.000624152730], [19,15,0.999999805217], [12,16,-0.999999891094], [13,16,0.000466702322], [36,16,0.999999891094], [37,16,-0.000466702322], [12,17,-0.705816324610], [13,17,-0.708394886990], [39,17,0.705816324610], [40,17,0.708394886990], [15,18,0.001966270871], [16,18,-0.999998066888], [18,18,-0.001966270871], [19,18,0.999998066888], [15,19,-0.706800536473], [16,19,0.707412893325], [36,19,0.706800536473], [37,19,-0.707412893325], [15,20,-0.999994938181], [16,20,-0.003181762568], [39,20,0.999994938181], [40,20,0.003181762568], [15,21,-0.706097173559], [16,21,-0.708114949350], [42,21,0.706097173559], [43,21,0.708114949350], [15,22,-0.999999960500], [16,22,-0.000281069296], [63,22,0.999999960500], [64,22,0.000281069296], [21,23,-0.705079577587], [22,23,0.709128189589], [42,23,0.705079577587], [43,23,-0.709128189589], [21,24,-0.999991753217], [22,24,-0.004061218847], [45,24,0.999991753217], [46,24,0.004061218847], [21,25,-0.999999764176], [22,25,0.000686765781], [69,25,0.999999764176], [70,25,-0.000686765781], [24,26,-0.002246136237], [25,26,-0.999997477433], [27,26,0.002246136237], [28,26,0.999997477433], [24,27,-0.000369069135], [25,27,-0.999999931894], [30,27,0.000369069135], [31,27,0.999999931894], [24,28,-0.999986338747], [25,28,0.005227075584], [48,28,0.999986338747], [49,28,-0.005227075584], [24,29,-0.710175799909], [25,29,-0.704024383970], [51,29,0.710175799909], [52,29,0.704024383970], [27,30,-0.705425078872], [28,30,0.708784493410], [48,30,0.705425078872], [49,30,-0.708784493410], [30,31,-0.707616974460], [31,31,-0.706596219532], [57,31,0.707616974460], [58,31,0.706596219532], [33,32,0.007221658433], [34,32,-0.999973923485], [36,32,-0.007221658433], [37,32,0.999973923485], [33,33,0.003998432814], [34,33,-0.999992006236], [39,33,-0.003998432814], [40,33,0.999992006236], [33,34,-0.999997741757], [34,34,-0.002125201186], [57,34,0.999997741757], [58,34,0.002125201186], [33,35,-0.704800792330], [34,35,-0.709405274248], [60,35,0.704800792330], [61,35,0.709405274248], [33,36,-0.999999640605], [34,36,0.000847814349], [81,36,0.999999640605], [82,36,-0.000847814349], [36,37,0.000786732691], [37,37,-0.999999690526], [39,37,-0.000786732691], [40,37,0.999999690526], [39,38,-0.708623806150], [40,38,-0.705586494597], [66,38,0.708623806150], [67,38,0.705586494597], [42,39,-0.007582976861], [43,39,-0.999971248818], [45,39,0.007582976861], [46,39,0.999971248818], [42,40,-0.999999200152], [43,40,-0.001264790961], [66,40,0.999999200152], [67,40,0.001264790961], [42,41,-0.710468728254], [43,41,-0.703728773160], [69,41,0.710468728254], [70,41,0.703728773160], [48,42,-0.008608756511], [49,42,-0.999962943969], [51,42,0.008608756511], [52,42,0.999962943969], [48,43,-0.002979721600], [49,43,-0.999995560620], [54,43,0.002979721600], [55,43,0.999995560620], [51,44,-0.703125900161], [52,44,0.711065375703], [72,44,0.703125900161], [73,44,-0.711065375703], [51,45,-0.707931735625], [52,45,-0.706280863180], [78,45,0.707931735625], [79,45,0.706280863180], [51,46,-0.999990918167], [52,46,0.004261875626], [99,46,0.999990918167], [100,46,-0.004261875626], [54,47,0.000179765909], [55,47,-0.999999983842], [57,47,-0.000179765909], [58,47,0.999999983842], [54,48,-0.000255448091], [55,48,-0.999999967373], [60,48,0.000255448091], [61,48,0.999999967373], [54,49,-0.999995675603], [55,49,0.002940879863], [78,49,0.999995675603], [79,49,-0.002940879863], [57,50,-0.000689433712], [58,50,-0.999999762341], [60,50,0.000689433712], [61,50,0.999999762341], [57,51,-0.707393545045], [58,51,0.706819900985], [78,51,0.707393545045], [79,51,-0.706819900985], [60,52,-0.704575437267], [61,52,0.709629095514], [81,52,0.704575437267], [82,52,-0.709629095514], [60,53,-0.999966049389], [61,53,0.008240149890], [84,53,0.999966049389], [85,53,-0.008240149890], [60,54,-0.999991626133], [61,54,0.004092391018], [108,54,0.999991626133], [109,54,-0.004092391018], [63,55,-0.000150485994], [64,55,-0.999999988677], [66,55,0.000150485994], [67,55,0.999999988677], [63,56,-0.000804922040], [64,56,-0.999999676050], [69,56,0.000804922040], [70,56,0.999999676050], [63,57,-0.706398008917], [64,57,0.707814843726], [84,57,0.706398008917], [85,57,-0.707814843726], [69,58,-0.999997217706], [70,58,-0.002358936174], [93,58,0.999997217706], [94,58,0.002358936174], [69,59,-0.999995688882], [70,59,-0.002936361382], [117,59,0.999995688882], [118,59,0.002936361382], [72,60,-0.001339287639], [73,60,-0.999999103154], [75,60,0.001339287639], [76,60,0.999999103154], [72,61,-0.001946423179], [73,61,-0.999998105717], [78,61,0.001946423179], [79,61,0.999998105717], [72,62,-0.999974330758], [73,62,-0.007165041837], [96,62,0.999974330758], [97,62,0.007165041837], [72,63,-0.706188904049], [73,63,-0.708023468395], [99,63,0.706188904049], [100,63,0.708023468395], [72,64,-0.999996948838], [73,64,-0.002470286287], [120,64,0.999996948838], [121,64,0.002470286287], [75,65,-0.707410964898], [76,65,0.706802466565], [96,65,0.707410964898], [97,65,-0.706802466565], [75,66,-0.999979954733], [76,66,0.006331676880], [99,66,0.999979954733], [100,66,-0.006331676880], [75,67,-0.707951636604], [76,67,-0.706260915122], [102,67,0.707951636604], [103,67,0.706260915122], [75,68,-0.999995201931], [76,68,0.003097759760], [123,68,0.999995201931], [124,68,-0.003097759760], [81,69,-0.000688006597], [82,69,-0.999999763323], [87,69,0.000688006597], [88,69,0.999999763323], [81,70,-0.708269723525], [82,70,-0.705941923063], [108,70,0.708269723525], [109,70,0.705941923063], [84,71,0.001660202368], [85,71,-0.999998621863], [87,71,-0.001660202368], [88,71,0.999998621863], [87,72,-0.704143676773], [88,72,0.710057520530], [108,72,0.704143676773], [109,72,-0.710057520530], [87,73,-0.999993196262], [88,73,0.003688824876], [111,73,0.999993196262], [112,73,-0.003688824876], [87,74,-0.707358530376], [88,74,-0.706854942336], [114,74,0.707358530376], [115,74,0.706854942336], [87,75,-0.999993851878], [88,75,0.003506594615], [135,75,0.999993851878], [136,75,-0.003506594615], [90,76,-0.004882378677], [91,76,-0.999988081118], [93,76,0.004882378677], [94,76,0.999988081118], [90,77,-0.707815606034], [91,77,0.706397245079], [111,77,0.707815606034], [112,77,-0.706397245079], [90,78,-0.999998684776], [91,78,0.001621864847], [114,78,0.999998684776], [115,78,-0.001621864847], [90,79,-0.708203167257], [91,79,-0.706008692502], [117,79,0.708203167257], [118,79,0.706008692502], [90,80,-0.999998803110], [91,80,0.001547183980], [138,80,0.999998803110], [139,80,-0.001547183980], [96,81,-0.001335322433], [97,81,-0.999999108457], [102,81,0.001335322433], [103,81,0.999999108457], [96,82,-0.999997545738], [97,82,0.002215517383], [120,82,0.999997545738], [121,82,-0.002215517383], [99,83,-0.006557640329], [100,83,-0.999978498446], [102,83,0.006557640329], [103,83,0.999978498446], [99,84,-0.001800383260], [100,84,-0.999998379309], [105,84,0.001800383260], [106,84,0.999998379309], [99,85,-0.711391834332], [100,85,0.702795601897], [120,85,0.711391834332], [121,85,-0.702795601897], [99,86,-0.999999993498], [100,86,-0.000114035385], [123,86,0.999999993498], [124,86,0.000114035385], [99,87,-0.704094497558], [100,87,-0.710106286769], [126,87,0.704094497558], [127,87,0.710106286769], [99,88,-0.999999756540], [100,88,-0.000697795938], [147,88,0.999999756540], [148,88,0.000697795938], [102,89,-0.703528755657], [103,89,0.710666792501], [123,89,0.703528755657], [124,89,-0.710666792501], [102,90,-0.999993189637], [103,90,-0.003690620452], [126,90,0.999993189637], [127,90,0.003690620452], [102,91,-0.705472940577], [103,91,-0.708736855338], [129,91,0.705472940577], [130,91,0.708736855338], [102,92,-0.999998550369], [103,92,0.001702721301], [150,92,0.999998550369], [151,92,-0.001702721301], [105,93,-0.706531850587], [106,93,0.707681244704], [126,93,0.706531850587], [127,93,-0.707681244704], [105,94,-0.999999926811], [106,94,0.000382593839], [129,94,0.999999926811], [130,94,-0.000382593839], [105,95,-0.708960688682], [106,95,-0.705248000283], [132,95,0.708960688682], [133,95,0.705248000283], [108,96,0.001249736325], [109,96,-0.999999219079], [114,96,-0.001249736325], [115,96,0.999999219079], [111,97,0.001377186539], [112,97,-0.999999051678], [114,97,-0.001377186539], [115,97,0.999999051678], [111,98,-0.708353768152], [112,98,-0.705857591264], [138,98,0.708353768152], [139,98,0.705857591264], [120,99,0.004287727825], [121,99,-0.999990807653], [123,99,-0.004287727825], [124,99,0.999990807653], [120,100,-0.706908821285], [121,100,-0.707304685683], [147,100,0.706908821285], [148,100,0.707304685683], [123,101,-0.001004528466], [124,101,-0.999999495461], [129,101,0.001004528466], [130,101,0.999999495461], [123,102,-0.999999176714], [124,102,-0.001283188179], [147,102,0.999999176714], [148,102,0.001283188179], [123,103,-0.707650094266], [124,103,-0.706563050326], [150,103,0.707650094266], [151,103,0.706563050326], [126,104,-0.003278527248], [127,104,-0.999994625615], [129,104,0.003278527248], [130,104,0.999994625615], [126,105,-0.000672730578], [127,105,-0.999999773717], [132,105,0.000672730578], [133,105,0.999999773717], [126,106,-0.708841064720], [127,106,-0.705368233596], [153,106,0.708841064720], [154,106,0.705368233596], [129,107,0.001945524609], [130,107,-0.999998107465], [132,107,-0.001945524609], [133,107,0.999998107465], [129,108,-0.705761661793], [130,108,0.708449346631], [150,108,0.705761661793], [151,108,-0.708449346631], [132,109,-0.708568237380], [133,109,0.705642298176], [153,109,0.708568237380], [154,109,-0.705642298176], [135,110,-0.003728866362], [136,110,-0.999993047754], [138,110,0.003728866362], [139,110,0.999993047754], [135,111,-0.708915302542], [136,111,0.705293622417], [156,111,0.708915302542], [157,111,-0.705293622417], [135,112,-0.999990449405], [136,112,-0.004370480441], [159,112,0.999990449405], [160,112,0.004370480441], [135,113,-0.708530422999], [136,113,-0.705680267320], [162,113,0.708530422999], [163,113,0.705680267320], [138,114,-0.999996901923], [139,114,0.002489205728], [162,114,0.999996901923], [163,114,-0.002489205728], [138,115,-0.999997603701], [139,115,-0.002189199122], [186,115,0.999997603701], [187,115,0.002189199122], [141,116,-0.702791969791], [142,116,0.711395422530], [162,116,0.702791969791], [163,116,-0.711395422530], [141,117,-0.999987094345], [142,117,0.005080466788], [165,117,0.999987094345], [166,117,-0.005080466788], [144,118,-0.000539345583], [145,118,-0.999999854553], [147,118,0.000539345583], [148,118,0.999999854553], [144,119,-0.999994934965], [145,119,0.003182773116], [168,119,0.999994934965], [169,119,-0.003182773116], [147,120,-0.708229010826], [148,120,0.705982767654], [168,120,0.708229010826], [169,120,-0.705982767654], [150,121,0.003704971827], [151,121,-0.999993136568], [153,121,-0.003704971827], [154,121,0.999993136568], [150,122,-0.708296027644], [151,122,0.705915531224], [171,122,0.708296027644], [172,122,-0.705915531224], [153,123,-0.709115835076], [154,123,0.705092002823], [174,123,0.709115835076], [175,123,-0.705092002823], [156,124,-0.009009498903], [157,124,-0.999959413641], [159,124,0.009009498903], [160,124,0.999959413641], [156,125,-0.712970731570], [157,125,-0.701193793415], [183,125,0.712970731570], [184,125,0.701193793415], [159,126,-0.707081028040], [160,126,0.707132533395], [180,126,0.707081028040], [181,126,-0.707132533395], [159,127,-0.706184501501], [160,127,-0.708027859508], [186,127,0.706184501501], [187,127,0.708027859508], [162,128,-0.001861639111], [163,128,-0.999998267148], [165,128,0.001861639111], [166,128,0.999998267148], [162,129,-0.999976527695], [163,129,-0.006851573443], [186,129,0.999976527695], [187,129,0.006851573443], [162,130,-0.705500465431], [163,130,-0.708709456179], [189,130,0.705500465431], [190,130,0.708709456179], [171,131,-0.001977543847], [172,131,-0.999998044658], [174,131,0.001977543847], [175,131,0.999998044658], [171,132,-0.000356368755], [172,132,-0.999999936501], [177,132,0.000356368755], [178,132,0.999999936501], [177,133,-0.003747715244], [178,133,-0.999992977291], [183,133,0.003747715244], [184,133,0.999992977291], [180,134,-0.001364030696], [181,134,-0.999999069710], [183,134,0.001364030696], [184,134,0.999999069710], [180,135,-0.000161288870], [181,135,-0.999999986993], [186,135,0.000161288870], [187,135,0.999999986993], [183,136,0.001026133962], [184,136,-0.999999473524], [186,136,-0.001026133962], [187,136,0.999999473524], [183,137,0.003303688423], [184,137,-0.999994542807], [189,137,-0.003303688423], [190,137,0.999994542807], [186,138,0.005607883041], [187,138,-0.999984275700], [189,138,-0.005607883041], [190,138,0.999984275700], ]
},
"Q": {
"shape": [139, 139],
"data": [[0,0,2.000000000000], [1,0,0.006105074674], [2,0,0.709555644646], [3,0,-0.000767889655], [4,0,-0.999998783137], [5,0,0.710232131935], [6,0,0.003364592346], [7,0,-0.706140415257], [0,1,0.006105074674], [1,1,2.000000000000], [2,1,0.708968165509], [3,1,0.999976381012], [5,1,0.699618415754], [26,1,-0.010708532487], [27,1,-0.008831553370], [28,1,-0.999906297542], [29,1,-0.716108175194], [0,2,0.709555644646], [1,2,0.708968165509], [2,2,2.000000000000], [3,2,0.704104339070], [6,2,0.702258053272], [26,2,0.712792055585], [30,2,0.008202102187], [0,3,-0.000767889655], [1,3,0.999976381012], [2,3,0.704104339070], [3,3,2.000000000000], [28,3,0.999976766417], [30,3,0.704297506611], [42,3,-0.010198282766], [43,3,-0.004569306815], [0,4,-0.999998783137], [4,4,2.000000000000], [5,4,-0.709133050188], [6,4,-0.001804557156], [7,4,0.707244176303], [8,4,0.999999248105], [10,4,0.708686331285], [11,4,-0.001324678938], [12,4,-0.707891382914], [13,4,-0.001326211012], [0,5,0.710232131935], [1,5,0.699618415754], [4,5,-0.709133050188], [5,5,2.000000000000], [6,5,0.706353212152], [7,5,-0.003064018749], [26,5,0.706983814967], [27,5,0.708310087680], [28,5,-0.709334072005], [29,5,-0.002277466925], [0,6,0.003364592346], [2,6,0.702258053272], [4,6,-0.001804557156], [5,6,0.706353212152], [6,6,2.000000000000], [7,6,0.705691945731], [26,6,0.001239025550], [30,6,-0.706138546556], [0,7,-0.706140415257], [4,7,0.707244176303], [5,7,-0.003064018749], [6,7,0.705691945731], [7,7,2.000000000000], [9,7,0.703765731193], [10,7,-0.002430646133], [27,7,0.708068385299], [31,7,-0.999998531867], [4,8,0.999999248105], [8,8,2.000000000000], [9,8,-0.003293243555], [10,8,0.707820621287], [11,8,-0.002550967560], [12,8,-0.708757005901], [13,8,-0.002552499630], [7,9,0.703765731193], [8,9,-0.003293243555], [9,9,2.000000000000], [10,9,0.708719414837], [27,9,-0.003353019205], [31,9,-0.704982060884], [4,10,0.708686331285], [7,10,-0.002430646133], [8,10,0.707820621287], [9,10,0.708719414837], [10,10,2.000000000000], [11,10,0.704584293873], [12,10,-0.003346528276], [13,10,0.704583206680], [27,10,-0.707862845310], [31,10,0.000717094874], [4,11,-0.001324678938], [8,11,-0.002550967560], [10,11,0.704584293873], [11,11,2.000000000000], [12,11,0.707258416990], [13,11,0.999999999999], [32,11,0.005099573900], [33,11,0.001876317165], [34,11,-0.999999999995], [35,11,-0.706304651006], [36,11,-0.999995589732], [4,12,-0.707891382914], [8,12,-0.708757005901], [10,12,-0.003346528276], [11,12,0.707258416990], [12,12,2.000000000000], [13,12,0.707259500098], [16,12,0.705425864136], [19,12,-0.002340656352], [32,12,0.703339203820], [37,12,-0.707898949768], [4,13,-0.001326211012], [8,13,-0.002552499630], [10,13,0.704583206680], [11,13,0.999999999999], [12,13,0.707259500098], [13,13,2.000000000000], [31,13,0.709115945888], [34,13,0.999999999999], [47,13,0.001943890144], [50,13,-0.002813087334], [51,13,-0.705890907803], [14,14,2.000000000000], [15,14,0.999999103061], [16,14,0.000248502131], [17,14,0.708899508761], [18,14,-0.999996404844], [19,14,0.706907205536], [20,14,-0.003896962545], [21,14,-0.708619772056], [22,14,-0.000996273607], [14,15,0.999999103061], [15,15,2.000000000000], [16,15,-0.001090854893], [17,15,0.707954211821], [18,15,0.999999099358], [12,16,0.705425864136], [14,16,0.000248502131], [15,16,-0.001090854893], [16,16,2.000000000000], [17,16,0.705485638204], [19,16,0.707130610738], [32,16,-0.007688347798], [37,16,0.001253434782], [14,17,0.708899508761], [15,17,0.707954211821], [16,17,0.705485638204], [17,17,2.000000000000], [20,17,0.708066696230], [33,17,0.705567065096], [37,17,0.707839378984], [38,17,-0.999992115490], [14,18,-0.999996404844], [15,18,0.999999099358], [18,18,2.000000000000], [19,18,-0.708801287122], [20,18,0.001215495499], [21,18,0.706725202180], [22,18,-0.001685202041], [12,19,-0.002340656352], [14,19,0.706907205536], [16,19,0.707130610738], [18,19,-0.708801287122], [19,19,2.000000000000], [20,19,0.704546138912], [21,19,-0.001859784053], [22,19,0.706601676510], [32,19,-0.712498718516], [37,19,0.707968737487], [14,20,-0.003896962545], [17,20,0.708066696230], [18,20,0.001215495499], [19,20,0.704546138912], [20,20,2.000000000000], [21,20,0.708346653062], [22,20,0.999995792977], [33,20,-0.000816675441], [37,20,0.002395032875], [38,20,-0.710865227921], [14,21,-0.708619772056], [18,21,0.706725202180], [19,21,-0.001859784053], [20,21,0.708346653062], [21,21,2.000000000000], [22,21,0.706296175038], [23,21,-0.004289575185], [39,21,-0.713448908736], [40,21,-0.706992226175], [41,21,-0.999980825484], [14,22,-0.000996273607], [18,22,-0.001685202041], [19,22,0.706601676510], [20,22,0.999995792977], [21,22,0.706296175038], [22,22,2.000000000000], [55,22,-0.000431555280], [56,22,-0.001085991213], [57,22,-0.706199035994], [21,23,-0.004289575185], [23,23,2.000000000000], [24,23,0.702193838180], [25,23,0.705566416287], [39,23,0.703761199193], [40,23,-0.704182114706], [41,23,-0.001903079934], [23,24,0.702193838180], [24,24,2.000000000000], [25,24,0.999988728289], [39,24,0.011644016408], [23,25,0.705566416287], [24,25,0.999988728289], [25,25,2.000000000000], [41,25,0.709985263869], [56,25,0.000118156292], [58,25,-0.999995361847], [59,25,-0.999993436466], [1,26,-0.010708532487], [2,26,0.712792055585], [5,26,0.706983814967], [6,26,0.001239025550], [26,26,2.000000000000], [27,26,0.999998238307], [28,26,-0.002980956847], [29,26,0.705617759619], [30,26,0.707198224621], [1,27,-0.008831553370], [5,27,0.708310087680], [7,27,0.708068385299], [9,27,-0.003353019205], [10,27,-0.707862845310], [26,27,0.999998238307], [27,27,2.000000000000], [28,27,-0.004858011135], [29,27,0.704286439990], [31,27,-0.706857330993], [1,28,-0.999906297542], [3,28,0.999976766417], [5,28,-0.709334072005], [26,28,-0.002980956847], [27,28,-0.004858011135], [28,28,2.000000000000], [29,28,0.706486109349], [30,28,0.709120312002], [42,28,-0.003381757015], [43,28,0.002247371486], [1,29,-0.716108175194], [5,29,-0.002277466925], [26,29,0.705617759619], [27,29,0.704286439990], [28,29,0.706486109349], [29,29,2.000000000000], [42,29,0.710112026162], [44,29,0.001264364508], [45,29,-0.999994936239], [46,29,-0.707168885849], [2,30,0.008202102187], [3,30,0.704297506611], [6,30,-0.706138546556], [26,30,0.707198224621], [28,30,0.709120312002], [30,30,2.000000000000], [42,30,0.702685395929], [43,30,0.706679376501], [7,31,-0.999998531867], [9,31,-0.704982060884], [10,31,0.000717094874], [13,31,0.709115945888], [27,31,-0.706857330993], [31,31,2.000000000000], [34,31,0.709117035612], [47,31,0.706469002706], [50,31,-0.707083906600], [51,31,-0.001127410171], [11,32,0.005099573900], [12,32,0.703339203820], [16,32,-0.007688347798], [19,32,-0.712498718516], [32,32,2.000000000000], [33,32,0.999994805245], [34,32,-0.005096496357], [35,32,0.704296944845], [36,32,-0.008069448079], [37,32,-0.999979295533], [11,33,0.001876317165], [17,33,0.705567065096], [20,33,-0.000816675441], [32,33,0.999994805245], [33,33,2.000000000000], [34,33,-0.001873239587], [35,33,0.706581504814], [36,33,-0.004846238949], [37,33,0.999994842462], [38,33,-0.702747469626], [11,34,-0.999999999995], [13,34,0.999999999999], [31,34,0.709117035612], [32,34,-0.005096496357], [33,34,-0.001873239587], [34,34,2.000000000000], [35,34,0.706306829649], [36,34,0.999995580588], [47,34,0.001945435649], [50,34,-0.002814632836], [51,34,-0.705889813087], [11,35,-0.706304651006], [32,35,0.704296944845], [33,35,0.706581504814], [34,35,0.706306829649], [35,35,2.000000000000], [36,35,0.704199095057], [48,35,0.709585291119], [50,35,0.709891019078], [52,35,0.006829296676], [53,35,-0.698931258119], [54,35,-0.701891726649], [11,36,-0.999995589732], [32,36,-0.008069448079], [33,36,-0.004846238949], [34,36,0.999995580588], [35,36,0.704199095057], [36,36,2.000000000000], [52,36,0.705176817776], [69,36,0.000159807799], [70,36,-0.707670961284], [12,37,-0.707898949768], [16,37,0.001253434782], [17,37,0.707839378984], [19,37,0.707968737487], [20,37,0.002395032875], [32,37,-0.999979295533], [33,37,0.999994842462], [37,37,2.000000000000], [38,37,-0.705028778723], [17,38,-0.999992115490], [20,38,-0.710865227921], [33,38,-0.702747469626], [37,38,-0.705028778723], [38,38,2.000000000000], [40,38,0.709515658779], [55,38,0.705693124565], [21,39,-0.713448908736], [23,39,0.703761199193], [24,39,0.011644016408], [39,39,2.000000000000], [40,39,0.008847725392], [41,39,0.709096008052], [21,40,-0.706992226175], [23,40,-0.704182114706], [38,40,0.709515658779], [39,40,0.008847725392], [40,40,2.000000000000], [41,40,0.711358229778], [55,40,0.001415276820], [21,41,-0.999980825484], [23,41,-0.001903079934], [25,41,0.709985263869], [39,41,0.709096008052], [40,41,0.711358229778], [41,41,2.000000000000], [56,41,0.704300417125], [58,41,-0.712126802781], [59,41,-0.712532067332], [3,42,-0.010198282766], [28,42,-0.003381757015], [29,42,0.710112026162], [30,42,0.702685395929], [42,42,2.000000000000], [43,42,0.999984156451], [44,42,0.704985986771], [45,42,-0.712349103153], [46,42,-0.004346960630], [3,43,-0.004569306815], [28,43,0.002247371486], [30,43,0.706679376501], [42,43,0.999984156451], [43,43,2.000000000000], [47,43,-0.999995008810], [48,43,-0.999996289157], [49,43,-0.000038841907], [29,44,0.001264364508], [42,44,0.704985986771], [44,44,2.000000000000], [45,44,-0.004446728465], [46,44,0.706149986681], [60,44,0.710123050160], [61,44,0.709695448194], [62,44,-0.698013038286], [63,44,0.006911264717], [64,44,-0.701367219763], [29,45,-0.999994936239], [42,45,-0.712349103153], [44,45,-0.004446728465], [45,45,2.000000000000], [46,45,0.704915225112], [49,45,0.705851587079], [51,45,0.001572970333], [61,45,0.707657460024], [29,46,-0.707168885849], [42,46,-0.004346960630], [44,46,0.706149986681], [45,46,0.704915225112], [46,46,2.000000000000], [63,46,0.703164982597], [66,46,0.999997857901], [83,46,-0.002295796785], [84,46,0.002461501810], [85,46,-0.714380601036], [86,46,-0.999990425660], [87,46,-0.701061718414], [88,46,-0.999987700790], [13,47,0.001943890144], [31,47,0.706469002706], [34,47,0.001945435649], [43,47,-0.999995008810], [47,47,2.000000000000], [48,47,0.999999905294], [49,47,-0.003120644947], [50,47,-0.999999622246], [51,47,0.706947054808], [35,48,0.709585291119], [43,48,-0.999996289157], [47,48,0.999999905294], [48,48,2.000000000000], [49,48,-0.002685432781], [50,48,0.999999905828], [52,48,0.709449089911], [53,48,0.007984710203], [54,48,0.003836944933], [43,49,-0.000038841907], [45,49,0.705851587079], [47,49,-0.003120644947], [48,49,-0.002685432781], [49,49,2.000000000000], [51,49,0.709469158409], [61,49,-0.000994459531], [13,50,-0.002813087334], [31,50,-0.707083906600], [34,50,-0.002814632836], [35,50,0.709891019078], [47,50,-0.999999622246], [48,50,0.999999905828], [50,50,2.000000000000], [51,50,-0.706332032045], [52,50,0.709143168805], [53,50,0.007550737627], [54,50,0.003402962107], [13,51,-0.705890907803], [31,51,-0.001127410171], [34,51,-0.705889813087], [45,51,0.001572970333], [47,51,0.706947054808], [49,51,0.709469158409], [50,51,-0.706332032045], [51,51,2.000000000000], [61,51,-0.705441674875], [35,52,0.006829296676], [36,52,0.705176817776], [48,52,0.709449089911], [50,52,0.709143168805], [52,52,2.000000000000], [53,52,0.710398966614], [54,52,0.707473616982], [69,52,0.709144175013], [70,52,0.001927478193], [35,53,-0.698931258119], [48,53,0.007984710203], [50,53,0.007550737627], [52,53,0.710398966614], [53,53,2.000000000000], [54,53,0.999991397721], [57,53,0.712206526679], [71,53,0.009900284537], [35,54,-0.701891726649], [48,54,0.003836944933], [50,54,0.003402962107], [52,54,0.707473616982], [53,54,0.999991397721], [54,54,2.000000000000], [70,54,0.705374802183], [72,54,0.707043613386], [96,54,0.005342113682], [22,55,-0.000431555280], [38,55,0.705693124565], [40,55,0.001415276820], [55,55,2.000000000000], [56,55,0.999999785857], [57,55,-0.707708532705], [22,56,-0.001085991213], [25,56,0.000118156292], [41,56,0.704300417125], [55,56,0.999999785857], [56,56,2.000000000000], [57,56,-0.707246019103], [58,56,-0.003163855211], [59,56,-0.003741279000], [22,57,-0.706199035994], [53,57,0.712206526679], [55,57,-0.707708532705], [56,57,-0.707246019103], [57,57,2.000000000000], [71,57,0.708986631907], [25,58,-0.999995361847], [41,58,-0.712126802781], [56,58,-0.003163855211], [58,58,2.000000000000], [59,58,0.999999833289], [76,58,0.007241273151], [25,59,-0.999993436466], [41,59,-0.712532067332], [56,59,-0.003741279000], [58,59,0.999999833289], [59,59,2.000000000000], [79,59,0.710273210769], [44,60,0.710123050160], [60,60,2.000000000000], [61,60,0.999999815693], [62,60,0.008504288671], [63,60,0.708968623476], [64,60,0.003809567624], [65,60,0.705854405911], [66,60,0.004992410409], [67,60,-0.707208432590], [68,60,0.001758475769], [44,61,0.709695448194], [45,61,0.707657460024], [49,61,-0.000994459531], [51,61,-0.705441674875], [60,61,0.999999815693], [61,61,2.000000000000], [62,61,0.009111401480], [63,61,0.709396669649], [64,61,0.004416698848], [44,62,-0.698013038286], [60,62,0.008504288671], [61,62,0.009111401480], [62,62,2.000000000000], [63,62,0.711243794488], [64,62,0.999988979379], [65,62,0.702328536951], [81,62,-0.008500323605], [82,62,-0.999956002285], [44,63,0.006911264717], [46,63,0.703164982597], [60,63,0.708968623476], [61,63,0.709396669649], [62,63,0.711243794488], [63,63,2.000000000000], [64,63,0.707935770018], [66,63,0.701691772479], [83,63,-0.712639177626], [84,63,-0.709293731588], [85,63,-0.004781240209], [86,63,-0.706269639186], [87,63,-0.999995637665], [88,63,-0.706682788021], [44,64,-0.701367219763], [60,64,0.003809567624], [61,64,0.004416698848], [62,64,0.999988979379], [63,64,0.707935770018], [64,64,2.000000000000], [82,64,0.999989021622], [85,64,0.709653557422], [99,64,0.001817451163], [100,64,-0.708653909458], [60,65,0.705854405911], [62,65,0.702328536951], [65,65,2.000000000000], [66,65,0.711872029492], [67,65,0.001625793504], [68,65,0.709597074930], [81,65,0.705857214690], [82,65,-0.708975161877], [46,66,0.999997857901], [60,66,0.004992410409], [63,66,0.701691772479], [65,66,0.711872029492], [66,66,2.000000000000], [67,66,0.703465629617], [68,66,0.999994770774], [83,66,-0.000225968140], [84,66,0.004531319448], [85,66,-0.715827448957], [86,66,-0.999979226196], [87,66,-0.699584220237], [88,66,-0.999975293060], [60,67,-0.707208432590], [65,67,0.001625793504], [66,67,0.703465629617], [67,67,2.000000000000], [68,67,0.705760413161], [81,67,0.707205629161], [83,67,0.710888221617], [89,67,0.003851845253], [90,67,-0.710553356175], [91,67,-0.999993862893], [92,67,-0.706748044832], [60,68,0.001758475769], [65,68,0.709597074930], [66,68,0.999994770774], [67,68,0.705760413161], [68,68,2.000000000000], [86,68,0.999994842174], [89,68,0.705726855070], [99,68,-0.007385438537], [101,68,0.002093234551], [102,68,-0.999990403640], [103,68,-0.705457936326], [36,69,0.000159807799], [52,69,0.709144175013], [69,69,2.000000000000], [70,69,0.706429050225], [71,69,0.999997242957], [72,69,0.709572896981], [73,69,0.003000822087], [74,69,-0.707341442375], [75,69,0.002818591419], [36,70,-0.707670961284], [52,70,0.001927478193], [54,70,0.705374802183], [69,70,0.706429050225], [70,70,2.000000000000], [72,70,-0.002535724259], [96,70,-0.705056221377], [53,71,0.009900284537], [57,71,0.708986631907], [69,71,0.999997242957], [71,71,2.000000000000], [72,71,0.711225562973], [73,71,0.005349010864], [74,71,-0.705679609886], [75,71,0.005166781944], [54,72,0.707043613386], [69,72,0.709572896981], [70,72,-0.002535724259], [71,72,0.711225562973], [72,72,2.000000000000], [73,72,0.706758163809], [74,72,-0.003825631354], [75,72,0.706629231490], [96,72,0.710936959962], [69,73,0.003000822087], [71,73,0.005349010864], [72,73,0.706758163809], [73,73,2.000000000000], [74,73,0.704746253599], [75,73,0.999999983396], [77,73,0.710416565972], [97,73,0.005065998546], [98,73,-0.705745163657], [69,74,-0.707341442375], [71,74,-0.705679609886], [72,74,-0.003825631354], [73,74,0.704746253599], [74,74,2.000000000000], [75,74,0.704875527715], [78,74,0.706211176858], [96,74,0.705970378688], [97,74,0.705880107364], [69,75,0.002818591419], [71,75,0.005166781944], [72,75,0.706629231490], [73,75,0.999999983396], [74,75,0.704875527715], [75,75,2.000000000000], [110,75,-0.000222273200], [111,75,-0.711384122863], [112,75,-0.999968975838], [113,75,-0.706051532242], [58,76,0.007241273151], [76,76,2.000000000000], [77,76,-0.702933001792], [78,76,0.003260526739], [79,76,0.709457993710], [80,76,0.003335207294], [73,77,0.710416565972], [76,77,-0.702933001792], [77,77,2.000000000000], [78,77,0.708960355958], [79,77,0.002554658642], [80,77,0.708907685357], [97,77,0.707371369312], [98,77,-0.002767993803], [74,78,0.706211176858], [76,78,0.003260526739], [77,78,0.708960355958], [78,78,2.000000000000], [79,78,0.707057185131], [80,78,0.999999997211], [96,78,-0.002871598262], [97,78,-0.002999048036], [59,79,0.710273210769], [76,79,0.709457993710], [77,79,0.002554658642], [78,79,0.707057185131], [79,79,2.000000000000], [80,79,0.707109994277], [76,80,0.003335207294], [77,80,0.708907685357], [78,80,0.999999997211], [79,80,0.707109994277], [80,80,2.000000000000], [98,80,0.707260828773], [110,80,0.002181688676], [114,80,-0.999999556296], [115,80,-0.999993019720], [62,81,-0.008500323605], [65,81,0.705857214690], [67,81,0.707205629161], [81,81,2.000000000000], [82,81,-0.000880196252], [83,81,0.999986363486], [89,81,0.709726721181], [90,81,-0.005025930500], [91,81,-0.709678257311], [92,81,0.000367399286], [62,82,-0.999956002285], [64,82,0.999989021622], [65,82,-0.708975161877], [81,82,-0.000880196252], [82,82,2.000000000000], [85,82,0.712947144263], [99,82,0.006503214319], [100,82,-0.705340040520], [46,83,-0.002295796785], [63,83,-0.712639177626], [66,83,-0.000225968140], [67,83,0.710888221617], [81,83,0.999986363486], [83,83,2.000000000000], [84,83,0.999988684055], [85,83,-0.698115438917], [86,83,0.006671673219], [87,83,0.714708216852], [88,83,0.007255419666], [89,83,0.706038023520], [90,83,-0.010248136766], [91,83,-0.713347854200], [92,83,-0.004854946133], [46,84,0.002461501810], [63,84,-0.709293731588], [66,84,0.004531319448], [83,84,0.999988684055], [84,84,2.000000000000], [85,84,-0.701513684933], [86,84,0.001914418448], [87,84,0.711372775853], [88,84,0.002498177628], [93,84,0.706408069655], [94,84,-0.001417789909], [95,84,-0.706523258249], [46,85,-0.714380601036], [63,85,-0.004781240209], [64,85,0.709653557422], [66,85,-0.715827448957], [82,85,0.712947144263], [83,85,-0.698115438917], [84,85,-0.701513684933], [85,85,2.000000000000], [86,85,0.711311686140], [87,85,0.001827500940], [88,85,0.710901253221], [99,85,0.705839396119], [100,85,-0.005798540780], [46,86,-0.999990425660], [63,86,-0.706269639186], [66,86,-0.999979226196], [68,86,0.999994842174], [83,86,0.006671673219], [84,86,0.001914418448], [85,86,0.711311686140], [86,86,2.000000000000], [87,86,0.704175470223], [88,86,0.999999829612], [89,86,0.703447709922], [99,86,-0.004173693461], [101,86,-0.001118563787], [102,86,-0.999999316541], [103,86,-0.707730662854], [46,87,-0.701061718414], [63,87,-0.999995637665], [66,87,-0.699584220237], [83,87,0.714708216852], [84,87,0.711372775853], [85,87,0.001827500940], [86,87,0.704175470223], [87,87,2.000000000000], [88,87,0.704589835422], [90,87,0.706710435204], [93,87,-0.005063712545], [104,87,-0.712410863380], [105,87,-0.710579791982], [106,87,-0.999977510476], [46,88,-0.999987700790], [63,88,-0.706682788021], [66,88,-0.999975293060], [83,88,0.007255419666], [84,88,0.002498177628], [85,88,0.710901253221], [86,88,0.999999829612], [87,88,0.704589835422], [88,88,2.000000000000], [100,88,0.707402203518], [102,88,0.999999828658], [118,88,0.001237141289], [120,88,-0.707736206493], [67,89,0.003851845253], [68,89,0.705726855070], [81,89,0.709726721181], [83,89,0.706038023520], [86,89,0.703447709922], [89,89,2.000000000000], [90,89,0.700901162972], [91,89,-0.007355247676], [92,89,0.704737803286], [99,89,-0.713676799626], [101,89,0.709959719280], [102,89,-0.702616257224], [103,89,0.004278706415], [67,90,-0.710553356175], [81,90,-0.005025930500], [83,90,-0.010248136766], [87,90,0.706710435204], [89,90,0.700901162972], [90,90,2.000000000000], [91,90,0.708083814783], [92,90,0.999985455918], [93,90,0.703915255974], [104,90,-0.006969105537], [105,90,-0.004363345613], [106,90,-0.711439483685], [67,91,-0.999993862893], [81,91,-0.709678257311], [83,91,-0.713347854200], [89,91,-0.007355247676], [90,91,0.708083814783], [91,91,2.000000000000], [92,91,0.704265136561], [94,91,0.705201730589], [101,91,0.709445165403], [104,91,0.711045958571], [107,91,-0.707362999062], [108,91,0.004208407206], [67,92,-0.706748044832], [81,92,0.000367399286], [83,92,-0.004854946133], [89,92,0.704737803286], [90,92,0.999985455918], [91,92,0.704265136561], [92,92,2.000000000000], [103,92,0.706445988478], [108,92,0.706966930493], [121,92,0.005407676070], [122,92,-0.709496978288], [84,93,0.706408069655], [87,93,-0.005063712545], [90,93,0.703915255974], [93,93,2.000000000000], [94,93,0.706802553361], [95,93,0.001812524703], [104,93,0.705361057429], [105,93,0.707205778988], [106,93,-0.001642919703], [84,94,-0.001417789909], [91,94,0.705201730589], [93,94,0.706802553361], [94,94,2.000000000000], [95,94,0.708690813254], [101,94,0.000621934746], [104,94,0.002895935225], [107,94,0.002328117582], [108,94,-0.706032658495], [84,95,-0.706523258249], [93,95,0.001812524703], [94,95,0.708690813254], [95,95,2.000000000000], [105,95,0.705724780231], [107,95,0.703867365110], [109,95,-0.004694205848], [54,96,0.005342113682], [70,96,-0.705056221377], [72,96,0.710936959962], [74,96,0.705970378688], [78,96,-0.002871598262], [96,96,2.000000000000], [97,96,0.999999991878], [73,97,0.005065998546], [74,97,0.705880107364], [77,97,0.707371369312], [78,97,-0.002999048036], [96,97,0.999999991878], [97,97,2.000000000000], [98,97,0.704881386610], [73,98,-0.705745163657], [77,98,-0.002767993803], [80,98,0.707260828773], [97,98,0.704881386610], [98,98,2.000000000000], [110,98,0.708494040507], [114,98,-0.706594548857], [115,98,-0.709897333543], [64,99,0.001817451163], [68,99,-0.007385438537], [82,99,0.006503214319], [85,99,0.705839396119], [86,99,-0.004173693461], [89,99,-0.713676799626], [99,99,2.000000000000], [100,99,0.704267151270], [101,99,-0.999985995974], [102,99,0.003004547912], [103,99,-0.703522344353], [64,100,-0.708653909458], [82,100,-0.705340040520], [85,100,-0.005798540780], [88,100,0.707402203518], [99,100,0.704267151270], [100,100,2.000000000000], [102,100,0.707815844308], [118,100,0.707685850959], [120,100,-0.001308415669], [68,101,0.002093234551], [86,101,-0.001118563787], [89,101,0.709959719280], [91,101,0.709445165403], [94,101,0.000621934746], [99,101,-0.999985995974], [101,101,2.000000000000], [102,101,0.002287715171], [103,101,0.707273548501], [104,101,0.999997414453], [107,101,-0.999995648592], [108,101,0.707740031512], [68,102,-0.999990403640], [86,102,-0.999999316541], [88,102,0.999999828658], [89,102,-0.702616257224], [99,102,0.003004547912], [100,102,0.707815844308], [101,102,0.002287715171], [102,102,2.000000000000], [103,102,0.708556165021], [118,102,0.001822533132], [120,102,-0.707322519009], [68,103,-0.705457936326], [86,103,-0.707730662854], [89,103,0.004278706415], [92,103,0.706445988478], [99,103,-0.703522344353], [101,103,0.707273548501], [102,103,0.708556165021], [103,103,2.000000000000], [108,103,-0.001131824860], [121,103,-0.703936377216], [122,103,-0.002451919716], [87,104,-0.712410863380], [90,104,-0.006969105537], [91,104,0.711045958571], [93,104,0.705361057429], [94,104,0.002895935225], [101,104,0.999997414453], [104,104,2.000000000000], [105,104,0.999996604899], [106,104,0.707688397420], [107,104,-0.999986354635], [108,104,0.706131680314], [87,105,-0.710579791982], [90,105,-0.004363345613], [93,105,0.707205778988], [95,105,0.705724780231], [104,105,0.999996604899], [105,105,2.000000000000], [106,105,0.705844933042], [107,105,0.999996572369], [109,105,0.705165462982], [87,106,-0.999977510476], [90,106,-0.711439483685], [93,106,-0.001642919703], [104,106,0.707688397420], [105,106,0.705844933042], [106,106,2.000000000000], [109,106,0.004524602397], [121,106,0.702737156175], [123,106,-0.005300922992], [91,107,-0.707362999062], [94,107,0.002328117582], [95,107,0.703867365110], [101,107,-0.999995648592], [104,107,-0.999986354635], [105,107,0.999996572369], [107,107,2.000000000000], [108,107,-0.709821082548], [109,107,0.707019499667], [91,108,0.004208407206], [92,108,0.706966930493], [94,108,-0.706032658495], [101,108,0.707740031512], [103,108,-0.001131824860], [104,108,0.706131680314], [107,108,-0.709821082548], [108,108,2.000000000000], [121,108,0.711059311311], [122,108,-0.999993578385], [95,109,-0.004694205848], [105,109,0.705165462982], [106,109,0.004524602397], [107,109,0.707019499667], [109,109,2.000000000000], [121,109,-0.708262680405], [123,109,-0.999999698656], [75,110,-0.000222273200], [80,110,0.002181688676], [98,110,0.708494040507], [110,110,2.000000000000], [111,110,-0.702645268616], [112,110,0.008099280805], [113,110,0.708317376518], [114,110,-0.001239666387], [115,110,-0.005918041329], [75,111,-0.711384122863], [110,111,-0.702645268616], [111,111,2.000000000000], [112,111,0.705826059998], [113,111,0.004576267175], [124,111,0.698878025476], [125,111,-0.010888351301], [75,112,-0.999968975838], [110,112,0.008099280805], [111,112,0.705826059998], [112,112,2.000000000000], [113,112,0.711607817917], [124,112,0.013379715916], [126,112,-0.703983766089], [127,112,-0.709272178930], [75,113,-0.706051532242], [110,113,0.708317376518], [111,113,0.004576267175], [112,113,0.711607817917], [113,113,2.000000000000], [114,113,0.706771644553], [116,113,-0.004068220305], [128,113,-0.706998072428], [129,113,-0.713348812336], [130,113,-0.999990821686], [80,114,-0.999999556296], [98,114,-0.706594548857], [110,114,-0.001239666387], [113,114,0.706771644553], [114,114,2.000000000000], [115,114,0.999989056264], [116,114,0.704560602048], [128,114,0.000627568071], [129,114,-0.999956374715], [130,114,-0.703734156097], [80,115,-0.999993019720], [98,115,-0.709897333543], [110,115,-0.005918041329], [114,115,0.999989056264],