{
"N": {
"shape": [192, 138],
"data": [[0,0,0.005544682996], [1,0,-0.999984628127], [3,0,-0.005544682996], [4,0,0.999984628127], [0,1,0.001384132579], [1,1,-0.999999042088], [6,1,-0.001384132579], [7,1,0.999999042088], [0,2,-0.999994066013], [1,2,-0.003444987563], [24,2,0.999994066013], [25,2,0.003444987563], [0,3,-0.707361319934], [1,3,-0.706852150779], [27,3,0.707361319934], [28,3,0.706852150779], [0,4,-0.999998194870], [1,4,-0.001900067710], [48,4,0.999998194870], [49,4,0.001900067710], [3,5,-0.711611236713], [4,5,0.702573446540], [24,5,0.711611236713], [25,5,-0.702573446540], [6,6,-0.000126275574], [7,6,-0.999999992027], [12,6,0.000126275574], [13,6,0.999999992027], [6,7,-0.999998585645], [7,7,-0.001681876548], [54,7,0.999998585645], [55,7,0.001681876548], [9,8,0.005068952774], [10,8,-0.999987152776], [12,8,-0.005068952774], [13,8,0.999987152776], [9,9,-0.999983601896], [10,9,-0.005726773932], [33,9,0.999983601896], [34,9,0.005726773932], [9,10,-0.702657155352], [10,10,-0.711528581319], [36,10,0.702657155352], [37,10,0.711528581319], [12,11,-0.708896933152], [13,11,0.705312085652], [33,11,0.708896933152], [34,11,-0.705312085652], [12,12,-0.999996473816], [13,12,-0.002655627182], [36,12,0.999996473816], [37,12,0.002655627182], [12,13,-0.999993650680], [13,13,-0.003563509602], [60,13,0.999993650680], [61,13,0.003563509602], [15,14,0.006994858267], [16,14,-0.999975535680], [18,14,-0.006994858267], [19,14,0.999975535680], [15,15,-0.709550631913], [16,15,-0.704654454858], [42,15,0.709550631913], [43,15,0.704654454858], [18,16,-0.999999155612], [19,16,0.001299528513], [42,16,0.999999155612], [43,16,-0.001299528513], [18,17,-0.999997151047], [19,17,-0.002387026921], [66,17,0.999997151047], [67,17,0.002387026921], [24,18,0.001913790211], [25,18,-0.999998168702], [27,18,-0.001913790211], [28,18,0.999998168702], [24,19,0.000082764302], [25,19,-0.999999996575], [30,19,-0.000082764302], [31,19,0.999999996575], [24,20,-0.999999937059], [25,20,-0.000354798293], [48,20,0.999999937059], [49,20,0.000354798293], [27,21,-0.001725569265], [28,21,-0.999998511204], [30,21,0.001725569265], [31,21,0.999998511204], [27,22,-0.709973322582], [28,22,0.704228571717], [48,22,0.709973322582], [49,22,-0.704228571717], [27,23,-0.999998744921], [28,23,-0.001584347563], [51,23,0.999998744921], [52,23,0.001584347563], [27,24,-0.705878712691], [28,24,-0.708332720528], [54,24,0.705878712691], [55,24,0.708332720528], [27,25,-0.999998184202], [28,25,-0.001905673690], [75,25,0.999998184202], [76,25,0.001905673690], [30,26,-0.704991586257], [31,26,0.709215667697], [51,26,0.704991586257], [52,26,-0.709215667697], [30,27,-0.999999488612], [31,27,-0.001011323865], [54,27,0.999999488612], [55,27,0.001011323865], [30,28,-0.999997856648], [31,28,0.002070434626], [78,28,0.999997856648], [79,28,-0.002070434626], [33,29,0.004161328827], [34,29,-0.999991341634], [36,29,-0.004161328827], [37,29,0.999991341634], [33,30,-0.705785021166], [34,30,-0.708426075111], [60,30,0.705785021166], [61,30,0.708426075111], [39,31,-0.001117235499], [40,31,-0.999999375892], [42,31,0.001117235499], [43,31,0.999999375892], [39,32,-0.707385604644], [40,32,0.706827847742], [60,32,0.707385604644], [61,32,-0.706827847742], [39,33,-0.999993702912], [40,33,0.003548821859], [63,33,0.999993702912], [64,33,-0.003548821859], [39,34,-0.705682018262], [40,34,-0.708528679096], [66,34,0.705682018262], [67,34,0.708528679096], [39,35,-0.999999214458], [40,35,0.001253428277], [87,35,0.999999214458], [88,35,-0.001253428277], [42,36,-0.999981323185], [43,36,-0.006111733003], [66,36,0.999981323185], [67,36,0.006111733003], [42,37,-0.999999862809], [43,37,-0.000523813945], [90,37,0.999999862809], [91,37,0.000523813945], [45,38,-0.999999608288], [46,38,-0.000885112079], [93,38,0.999999608288], [94,38,0.000885112079], [48,39,-0.001122474865], [49,39,-0.999999370025], [54,39,0.001122474865], [55,39,0.999999370025], [51,40,-0.003337196882], [52,40,-0.999994431543], [54,40,0.003337196882], [55,40,0.999994431543], [51,41,0.001934961564], [52,41,-0.999998127960], [57,41,-0.001934961564], [58,41,0.999998127960], [51,42,-0.999997519478], [52,42,-0.002227338919], [75,42,0.999997519478], [76,42,0.002227338919], [51,43,-0.708683632074], [52,43,-0.705526406048], [78,43,0.708683632074], [79,43,0.705526406048], [51,44,-0.999998777632], [52,44,-0.001563564661], [99,44,0.999998777632], [100,44,0.001563564661], [54,45,-0.704468078376], [55,45,0.709735673719], [75,45,0.704468078376], [76,45,-0.709735673719], [54,46,-0.999986721332], [55,46,0.005153363964], [78,46,0.999986721332], [79,46,-0.005153363964], [57,47,-0.710696657721], [58,47,0.703498586143], [78,47,0.710696657721], [79,47,-0.703498586143], [57,48,-0.999968015195], [58,48,-0.007998036494], [81,48,0.999968015195], [82,48,0.007998036494], [57,49,-0.999998140048], [58,49,-0.001928704512], [105,49,0.999998140048], [106,49,0.001928704512], [60,50,-0.000164770152], [61,50,-0.999999986425], [66,50,0.000164770152], [67,50,0.999999986425], [60,51,-0.709130507364], [61,51,-0.705077246496], [87,51,0.709130507364], [88,51,0.705077246496], [60,52,-0.999991996210], [61,52,0.004000939428], [108,52,0.999991996210], [109,52,-0.004000939428], [63,53,-0.000459912781], [64,53,-0.999999894240], [66,53,0.000459912781], [67,53,0.999999894240], [63,54,-0.999999463551], [64,54,-0.001035807534], [87,54,0.999999463551], [88,54,0.001035807534], [63,55,-0.707599337445], [64,55,-0.706613881584], [90,55,0.707599337445], [91,55,0.706613881584], [63,56,-0.999991471631], [64,56,-0.004129971546], [111,56,0.999991471631], [112,56,0.004129971546], [66,57,-0.707844775592], [67,57,-0.706368015745], [93,57,0.707844775592], [94,57,0.706368015745], [69,58,-0.999999510564], [70,58,0.000989379492], [93,58,0.999999510564], [94,58,-0.000989379492], [69,59,-0.999995398083], [70,59,0.003033778536], [117,59,0.999995398083], [118,59,-0.003033778536], [72,60,-0.999988915684], [73,60,-0.004708344550], [96,60,0.999988915684], [97,60,0.004708344550], [72,61,-0.707377506085], [73,61,-0.706835952598], [99,61,0.707377506085], [100,61,0.706835952598], [75,62,-0.002919982243], [76,62,-0.999995736843], [81,62,0.002919982243], [82,62,0.999995736843], [75,63,-0.999999591254], [76,63,-0.000904152828], [99,63,0.999999591254], [100,63,0.000904152828], [78,64,-0.000220401849], [79,64,-0.999999975712], [81,64,0.000220401849], [82,64,0.999999975712], [78,65,0.002920041134], [79,65,-0.999995736671], [84,65,-0.002920041134], [85,65,0.999995736671], [81,66,0.003125736186], [82,66,-0.999995114875], [87,66,-0.003125736186], [88,66,0.999995114875], [81,67,-0.999991215056], [82,67,0.004191635734], [105,67,0.999991215056], [106,67,-0.004191635734], [81,68,-0.707168572159], [82,68,-0.707044984814], [108,68,0.707168572159], [109,68,0.707044984814], [81,69,-0.999997486434], [82,69,0.002242125384], [129,69,0.999997486434], [130,69,-0.002242125384], [84,70,0.000173996182], [85,70,-0.999999984863], [87,70,-0.000173996182], [88,70,0.999999984863], [84,71,-0.000754903752], [85,71,-0.999999715060], [90,71,0.000754903752], [91,71,0.999999715060], [84,72,-0.711077180456], [85,72,0.703113961911], [105,72,0.711077180456], [106,72,-0.703113961911], [84,73,-0.999999979528], [85,73,-0.000202347517], [108,73,0.999999979528], [109,73,0.000202347517], [84,74,-0.705677416331], [85,74,-0.708533262508], [111,74,0.705677416331], [112,74,0.708533262508], [87,75,-0.705730328220], [88,75,0.708480559952], [108,75,0.705730328220], [109,75,-0.708480559952], [87,76,-0.999974033000], [88,76,-0.007206478017], [111,76,0.999974033000], [112,76,0.007206478017], [90,77,-0.001692757861], [91,77,-0.999998567284], [93,77,0.001692757861], [94,77,0.999998567284], [90,78,-0.711348127371], [91,78,0.702839840707], [111,78,0.711348127371], [112,78,-0.702839840707], [93,79,-0.707446586371], [94,79,0.706766812628], [114,79,0.707446586371], [115,79,-0.706766812628], [99,80,0.004357691905], [100,80,-0.999990505216], [102,80,-0.004357691905], [103,80,0.999990505216], [102,81,0.002048541679], [103,81,-0.999997901736], [108,81,-0.002048541679], [109,81,0.999997901736], [102,82,-0.704405813044], [103,82,0.709797471501], [123,82,0.704405813044], [124,82,-0.709797471501], [102,83,-0.999996912261], [103,83,-0.002485049168], [126,83,0.999996912261], [127,83,0.002485049168], [102,84,-0.999996199744], [103,84,0.002756900049], [150,84,0.999996199744], [151,84,-0.002756900049], [105,85,0.009076565066], [106,85,-0.999958807135], [108,85,-0.009076565066], [109,85,0.999958807135], [105,86,-0.999999957568], [106,86,0.000291314851], [129,86,0.999999957568], [130,86,-0.000291314851], [105,87,-0.705943178864], [106,87,-0.708268471849], [132,87,0.705943178864], [133,87,0.708268471849], [105,88,-0.999999998631], [106,88,-0.000052325867], [153,88,0.999999998631], [154,88,0.000052325867], [108,89,-0.711714627076], [109,89,0.702468710767], [129,89,0.711714627076], [130,89,-0.702468710767], [111,90,0.002379832565], [112,90,-0.999997168194], [117,90,-0.002379832565], [118,90,0.999997168194], [114,91,0.004034755992], [115,91,-0.999991860339], [117,91,-0.004034755992], [118,91,0.999991860339], [114,92,-0.999991499231], [115,92,0.004123283272], [138,92,0.999991499231], [139,92,-0.004123283272], [114,93,-0.705951651969], [115,93,-0.708260026461], [141,93,0.705951651969], [142,93,0.708260026461], [114,94,-0.999997215052], [115,94,0.002360061100], [162,94,0.999997215052], [163,94,-0.002360061100], [120,95,-0.999997363501], [121,95,-0.002296299607], [144,95,0.999997363501], [145,95,0.002296299607], [123,96,-0.711763012093], [124,96,0.702419685528], [144,96,0.711763012093], [145,96,-0.702419685528], [123,97,-0.999997161321], [124,97,-0.002382718838], [171,97,0.999997161321], [172,97,0.002382718838], [129,98,0.002966153387], [130,98,-0.999995600957], [132,98,-0.002966153387], [133,98,0.999995600957], [129,99,0.000009046207], [130,99,-0.999999999959], [135,99,-0.000009046207], [136,99,0.999999999959], [129,100,-0.705707004459], [130,100,-0.708503792409], [156,100,0.705707004459], [157,100,0.708503792409], [132,101,0.002700543919], [133,101,-0.999996353525], [138,101,-0.002700543919], [139,101,0.999996353525], [132,102,-0.706884385595], [133,102,0.707329106854], [153,102,0.706884385595], [154,102,-0.707329106854], [132,103,-0.705432872623], [133,103,-0.708776736514], [159,103,0.705432872623], [160,103,0.708776736514], [132,104,-0.999999313452], [133,104,-0.001171791920], [180,104,0.999999313452], [181,104,0.001171791920], [135,105,0.008379140923], [136,105,-0.999964894382], [138,105,-0.008379140923], [139,105,0.999964894382], [135,106,0.003296404568], [136,106,-0.999994566844], [141,106,-0.003296404568], [142,106,0.999994566844], [135,107,-0.999995093073], [136,107,0.003132703254], [159,107,0.999995093073], [160,107,-0.003132703254], [135,108,-0.999999933074], [136,108,-0.000365859133], [183,108,0.999999933074], [184,108,0.000365859133], [138,109,-0.001749010662], [139,109,-0.999998470480], [141,109,0.001749010662], [142,109,0.999998470480], [138,110,-0.707186350080], [139,110,0.707027203339], [159,110,0.707186350080], [160,110,-0.707027203339], [138,111,-0.999999812557], [139,111,0.000612279460], [162,111,0.999999812557], [163,111,-0.000612279460], [141,112,-0.706159599372], [142,112,0.708052695931], [162,112,0.706159599372], [163,112,-0.708052695931], [141,113,-0.999999282739], [142,113,0.001197715432], [189,113,0.999999282739], [190,113,-0.001197715432], [144,114,-0.704351721201], [145,114,-0.709851148369], [171,114,0.704351721201], [172,114,0.709851148369], [147,115,-0.704699394563], [148,115,0.709505999483], [168,115,0.704699394563], [169,115,-0.709505999483], [147,116,-0.999999256790], [148,116,0.001219187630], [171,116,0.999999256790], [172,116,-0.001219187630], [147,117,-0.708920418481], [148,117,-0.705288480170], [174,117,0.708920418481], [175,117,0.705288480170], [150,118,-0.000211651472], [151,118,-0.999999977602], [153,118,0.000211651472], [154,118,0.999999977602], [150,119,0.000322453175], [151,119,-0.999999948012], [156,119,-0.000322453175], [157,119,0.999999948012], [150,120,-0.706484460102], [151,120,0.707728555051], [171,120,0.706484460102], [172,120,-0.707728555051], [150,121,-0.999999931642], [151,121,0.000369751230], [174,121,0.999999931642], [175,121,-0.000369751230], [150,122,-0.705621549622], [151,122,-0.708588899652], [177,122,0.705621549622], [178,122,0.708588899652], [153,123,0.000858925012], [154,123,-0.999999631124], [156,123,-0.000858925012], [157,123,0.999999631124], [153,124,0.002999555619], [154,124,-0.999995501323], [159,124,-0.002999555619], [160,124,0.999995501323], [156,125,-0.707296642703], [157,125,0.706916868678], [177,125,0.707296642703], [178,125,-0.706916868678], [156,126,-0.999994700671], [157,126,-0.003255553583], [180,126,0.999994700671], [181,126,0.003255553583], [156,127,-0.704983236964], [157,127,-0.709223967164], [183,127,0.704983236964], [184,127,0.709223967164], [159,128,-0.708856730263], [160,128,0.705352490576], [180,128,0.708856730263], [181,128,-0.705352490576], [162,129,-0.002165048410], [163,129,-0.999997656280], [165,129,0.002165048410], [166,129,0.999997656280], [162,130,-0.706229161914], [163,130,-0.707983312559], [189,130,0.706229161914], [190,130,0.707983312559], [165,131,-0.999996794160], [166,131,0.002532127651], [189,131,0.999996794160], [190,131,-0.002532127651], [168,132,0.003747699185], [169,132,-0.999992977351], [171,132,-0.003747699185], [172,132,0.999992977351], [168,133,-0.001567182538], [169,133,-0.999998771969], [174,133,0.001567182538], [175,133,0.999998771969], [177,134,0.001485309245], [178,134,-0.999998896928], [183,134,-0.001485309245], [184,134,0.999998896928], [180,135,-0.001265341030], [181,135,-0.999999199456], [183,135,0.001265341030], [184,135,0.999999199456], [180,136,-0.004517806032], [181,136,-0.999989794662], [186,136,0.004517806032], [187,136,0.999989794662], [186,137,0.007421097943], [187,137,-0.999972463274], [189,137,-0.007421097943], [190,137,0.999972463274], ]
},
"Q": {
"shape": [138, 138],
"data": [[0,0,2.000000000000], [1,0,0.999991344806], [2,0,-0.002099715487], [3,0,0.702919190855], [4,0,-0.003644634485], [5,0,0.706508305395], [0,1,0.999991344806], [1,1,2.000000000000], [2,1,0.002060859898], [3,1,0.705872391829], [4,1,0.000515935810], [6,1,-0.999998859333], [7,1,-0.000297744316], [0,2,-0.002099715487], [1,2,0.002060859898], [2,2,2.000000000000], [3,2,0.709792219329], [4,2,0.999998806603], [5,2,0.709186657236], [18,2,-0.001531202400], [19,2,-0.003362223741], [20,2,-0.999995225348], [0,3,0.702919190855], [1,3,0.705872391829], [2,3,0.709792219329], [3,3,2.000000000000], [4,3,0.708703110002], [18,3,0.705497115153], [21,3,-0.708071699373], [22,3,-0.004422186021], [23,3,-0.708480331622], [24,3,-0.999997804894], [25,3,-0.708707065055], [0,4,-0.003644634485], [1,4,0.000515935810], [2,4,0.999998806603], [3,4,0.708703110002], [4,4,2.000000000000], [20,4,0.999998806070], [22,4,0.708633959018], [39,4,-0.003022539351], [0,5,0.706508305395], [2,5,0.709186657236], [5,5,2.000000000000], [18,5,0.703934034537], [19,5,0.702632340141], [20,5,-0.711361920064], [1,6,-0.999998859333], [6,6,2.000000000000], [7,6,0.001808151930], [8,6,0.999986504719], [11,6,0.705222563662], [12,6,-0.002781902289], [13,6,-0.003689784346], [1,7,-0.000297744316], [6,7,0.001808151930], [7,7,2.000000000000], [24,7,0.707069042518], [27,7,0.999999775179], [39,7,0.002804348766], [40,7,0.005019059345], [45,7,-0.703273394222], [46,7,-0.999976639673], [6,8,0.999986504719], [8,8,2.000000000000], [9,8,0.000657830706], [10,8,0.707957704215], [11,8,0.708896389426], [12,8,0.002413341836], [13,8,0.001505456769], [8,9,0.000657830706], [9,9,2.000000000000], [10,9,0.706720396438], [11,9,0.704846145721], [29,9,-0.001565463759], [30,9,-0.709830443609], [8,10,0.707957704215], [9,10,0.706720396438], [10,10,2.000000000000], [12,10,0.704544232294], [29,10,0.708598433168], [6,11,0.705222563662], [8,11,0.708896389426], [9,11,0.704846145721], [11,11,2.000000000000], [12,11,0.707021387505], [13,11,0.706379045749], [29,11,0.708255932045], [30,11,-0.000667364402], [6,12,-0.002781902289], [8,12,0.002413341836], [10,12,0.704544232294], [11,12,0.707021387505], [12,12,2.000000000000], [13,12,0.999999587871], [29,12,-0.001505709965], [6,13,-0.003689784346], [8,13,0.001505456769], [11,13,0.706379045749], [12,13,0.999999587871], [13,13,2.000000000000], [30,13,0.708305023032], [32,13,0.704862325403], [50,13,-0.003728278659], [51,13,-0.711638554405], [52,13,-0.999971389554], [14,14,2.000000000000], [15,14,0.699674009863], [16,14,0.008294349081], [17,14,0.004607869815], [14,15,0.699674009863], [15,15,2.000000000000], [16,15,0.708634314222], [31,15,0.705446750233], [36,15,-0.713844039655], [37,15,-0.709919642400], [14,16,0.008294349081], [15,16,0.708634314222], [16,16,2.000000000000], [17,16,0.999993204653], [31,16,-0.000182293146], [36,16,-0.999972536442], [37,16,-0.999998337711], [14,17,0.004607869815], [16,17,0.999993204653], [17,17,2.000000000000], [34,17,0.707371284838], [36,17,0.999993063157], [50,17,0.002551796571], [53,17,0.002846938139], [57,17,-0.709528878445], [2,18,-0.001531202400], [3,18,0.705497115153], [5,18,0.703934034537], [18,18,2.000000000000], [19,18,0.999998323670], [20,18,-0.001558992447], [21,18,-0.999993377531], [22,18,0.705586022059], [23,18,0.000329443147], [24,18,-0.706980519589], [25,18,0.000008116536], [2,19,-0.003362223741], [5,19,0.702632340141], [18,19,0.999998323670], [19,19,2.000000000000], [20,19,0.000272033995], [21,19,0.999998364964], [26,19,0.709274013405], [27,19,-0.000928559603], [28,19,0.002153198743], [2,20,-0.999995225348], [4,20,0.999998806070], [5,20,-0.711361920064], [18,20,-0.001558992447], [19,20,0.000272033995], [20,20,2.000000000000], [22,20,0.709723418800], [39,20,-0.001477272863], [3,21,-0.708071699373], [18,21,-0.999993377531], [19,21,0.999998364964], [21,21,2.000000000000], [22,21,-0.703002415120], [23,21,0.003309912303], [24,21,0.709549708576], [25,21,0.003631236984], [26,21,0.707998100007], [27,21,-0.002736890742], [28,21,0.000344865977], [3,22,-0.004422186021], [4,22,0.708633959018], [18,22,0.705586022059], [20,22,0.709723418800], [21,22,-0.703002415120], [22,22,2.000000000000], [23,22,0.708856688687], [24,22,0.002326914911], [25,22,0.708630003553], [39,22,0.703431200861], [3,23,-0.708480331622], [18,23,0.000329443147], [21,23,0.003309912303], [22,23,0.708856688687], [23,23,2.000000000000], [24,23,0.707000071977], [25,23,0.999999948375], [26,23,0.703867057321], [40,23,-0.004921531435], [41,23,0.000350614538], [42,23,-0.999999793280], [43,23,-0.709800541662], [44,23,-0.999999999784], [3,24,-0.999997804894], [7,24,0.707069042518], [18,24,-0.706980519589], [21,24,0.709549708576], [22,24,0.002326914911], [23,24,0.707000071977], [24,24,2.000000000000], [25,24,0.707227281987], [27,24,0.706594705498], [39,24,0.709124605408], [40,24,0.710684432446], [45,24,0.005459980326], [46,24,-0.702219043245], [3,25,-0.708707065055], [18,25,0.000008116536], [21,25,0.003631236984], [22,25,0.708630003553], [23,25,0.999999948375], [24,25,0.707227281987], [25,25,2.000000000000], [42,25,0.999999948266], [45,25,0.703114274604], [62,25,-0.004825642506], [63,25,-0.999999498477], [19,26,0.709274013405], [21,26,0.707998100007], [23,26,0.703867057321], [26,26,2.000000000000], [27,26,0.704273979002], [28,26,0.706458459887], [40,26,0.706859022737], [41,26,0.710578471640], [42,26,-0.703410173851], [43,26,0.000754383213], [44,26,-0.703881819942], [7,27,0.999999775179], [19,27,-0.000928559603], [21,27,-0.002736890742], [24,27,0.706594705498], [26,27,0.704273979002], [27,27,2.000000000000], [28,27,0.999995251381], [39,27,0.002133797519], [40,27,0.004348513409], [45,27,-0.703749945494], [46,27,-0.999980998230], [19,28,0.002153198743], [21,28,0.000344865977], [26,28,0.706458459887], [27,28,0.999995251381], [28,28,2.000000000000], [43,28,0.707221366815], [46,28,0.999995247711], [47,28,0.712151682279], [64,28,0.001850033199], [65,28,0.004990460674], [9,29,-0.001565463759], [10,29,0.708598433168], [11,29,0.708255932045], [12,29,-0.001505709965], [29,29,2.000000000000], [30,29,0.705482937745], [9,30,-0.709830443609], [11,30,-0.000667364402], [13,30,0.708305023032], [29,30,0.705482937745], [30,30,2.000000000000], [32,30,-0.001473114009], [50,30,-0.708542357800], [51,30,-0.999988796535], [52,30,-0.702945002395], [15,31,0.705446750233], [16,31,-0.000182293146], [31,31,2.000000000000], [32,31,-0.706037090296], [33,31,-0.002431591180], [34,31,0.709316649900], [35,31,-0.000136192873], [36,31,-0.007228943821], [37,31,-0.001641048965], [13,32,0.704862325403], [30,32,-0.001473114009], [31,32,-0.706037090296], [32,32,2.000000000000], [33,32,0.709889556291], [34,32,-0.001618500135], [35,32,0.708271006974], [50,32,0.706711282113], [51,32,-0.003260480091], [52,32,-0.710207918283], [31,33,-0.002431591180], [32,33,0.709889556291], [33,33,2.000000000000], [34,33,0.703163132456], [35,33,0.999997365569], [53,33,0.003088911598], [54,33,-0.999989490570], [55,33,-0.705087234841], [56,33,-0.999970518063], [17,34,0.707371284838], [31,34,0.709316649900], [32,34,-0.001618500135], [33,34,0.703163132456], [34,34,2.000000000000], [35,34,0.704793374038], [36,34,0.709999176481], [50,34,0.708644944812], [53,34,0.708853156342], [57,34,-0.999995327007], [31,35,-0.000136192873], [32,35,0.708271006974], [33,35,0.999997365569], [34,35,0.704793374038], [35,35,2.000000000000], [51,35,0.708246186554], [54,35,0.999997379700], [66,35,-0.004379155884], [70,35,-0.001427424303], [75,35,-0.706617803407], [76,35,-0.999964214676], [15,36,-0.713844039655], [16,36,-0.999972536442], [17,36,0.999993063157], [31,36,-0.007228943821], [34,36,0.709999176481], [36,36,2.000000000000], [37,36,0.999984387408], [50,36,0.006276499994], [53,36,0.006571636548], [57,36,-0.712148688020], [15,37,-0.709919642400], [16,37,-0.999998337711], [31,37,-0.001641048965], [36,37,0.999984387408], [37,37,2.000000000000], [55,37,0.707969374574], [71,37,0.001278717445], [77,37,-0.002216570824], [78,37,-0.710979872471], [38,38,2.000000000000], [57,38,0.708469713183], [58,38,0.999998243141], [77,38,0.002577868008], [79,38,-0.706820741413], [4,39,-0.003022539351], [7,39,0.002804348766], [20,39,-0.001477272863], [22,39,0.703431200861], [24,39,0.709124605408], [27,39,0.002133797519], [39,39,2.000000000000], [40,39,0.999997547491], [45,39,0.708944478893], [46,39,0.004030900758], [7,40,0.005019059345], [23,40,-0.004921531435], [24,40,0.710684432446], [26,40,0.706859022737], [27,40,0.004348513409], [39,40,0.999997547491], [40,40,2.000000000000], [41,40,0.999986102166], [42,40,0.005564515120], [43,40,0.707887494161], [44,40,0.004900748757], [45,40,0.707380772912], [46,40,0.001816182699], [23,41,0.000350614538], [26,41,0.710578471640], [40,41,0.999986102166], [41,41,2.000000000000], [42,41,0.000292377985], [43,41,0.704153809685], [44,41,-0.000371397465], [47,41,0.704872439881], [48,41,-0.006063121847], [49,41,0.000006257063], [23,42,-0.999999793280], [25,42,0.999999948266], [26,42,-0.703410173851], [40,42,0.005564515120], [41,42,0.000292377985], [42,42,2.000000000000], [43,42,0.710253320591], [44,42,0.999999779701], [45,42,0.702885509038], [62,42,-0.005147304423], [63,42,-0.999999124587], [23,43,-0.709800541662], [26,43,0.000754383213], [28,43,0.707221366815], [40,43,0.707887494161], [41,43,0.704153809685], [42,43,0.710253320591], [43,43,2.000000000000], [44,43,0.709785901958], [46,43,0.705038387343], [47,43,0.007322259556], [64,43,-0.705682584094], [65,43,-0.703454012800], [23,44,-0.999999999784], [26,44,-0.703881819942], [40,44,0.004900748757], [41,44,-0.000371397465], [42,44,0.999999779701], [43,44,0.709785901958], [44,44,2.000000000000], [61,44,0.708481825126], [63,44,0.999999782588], [80,44,0.002794136762], [7,45,-0.703273394222], [24,45,0.005459980326], [25,45,0.703114274604], [27,45,-0.703749945494], [39,45,0.708944478893], [40,45,0.707380772912], [42,45,0.702885509038], [45,45,2.000000000000], [46,45,0.708116250222], [62,45,0.707675613725], [63,45,-0.703826080910], [7,46,-0.999976639673], [24,46,-0.702219043245], [27,46,-0.999980998230], [28,46,0.999995247711], [39,46,0.004030900758], [40,46,0.001816182699], [43,46,0.705038387343], [45,46,0.708116250222], [46,46,2.000000000000], [47,46,0.714312604878], [64,46,0.004932964917], [65,46,0.008073344353], [28,47,0.712151682279], [41,47,0.704872439881], [43,47,0.007322259556], [46,47,0.714312604878], [47,47,2.000000000000], [48,47,0.705047318861], [49,47,0.709338494961], [64,47,0.703341930199], [65,47,0.705570850371], [41,48,-0.006063121847], [47,48,0.705047318861], [48,48,2.000000000000], [49,48,0.999981581151], [62,48,0.010917891245], [64,48,0.008218431099], [66,48,-0.004872361213], [67,48,-0.999925705676], [68,48,-0.712800925101], [69,48,-0.999947569108], [41,49,0.000006257063], [47,49,0.709338494961], [48,49,0.999981581151], [49,49,2.000000000000], [67,49,0.999981270694], [72,49,0.709719758816], [85,49,0.007147923121], [86,49,-0.999997535755], [87,49,-0.707307906441], [88,49,-0.999998239600], [13,50,-0.003728278659], [17,50,0.002551796571], [30,50,-0.708542357800], [32,50,0.706711282113], [34,50,0.708644944812], [36,50,0.006276499994], [50,50,2.000000000000], [51,50,0.705194080466], [52,50,-0.003836170541], [53,50,0.999999956445], [57,50,-0.706484637847], [13,51,-0.711638554405], [30,51,-0.999988796535], [32,51,-0.003260480091], [35,51,0.708246186554], [50,51,0.705194080466], [51,51,2.000000000000], [52,51,0.706303860277], [54,51,0.709860451275], [66,51,0.702857247218], [70,51,0.704953849822], [75,51,-0.000921383306], [76,51,-0.714193217049], [13,52,-0.999971389554], [30,52,-0.702945002395], [32,52,-0.710207918283], [50,52,-0.003836170541], [51,52,0.706303860277], [52,52,2.000000000000], [68,52,0.704334067973], [73,52,0.999991166158], [75,52,0.708559267509], [81,52,-0.006049456316], [85,52,-0.013077267037], [89,52,-0.714519465423], [17,53,0.002846938139], [33,53,0.003088911598], [34,53,0.708853156342], [36,53,0.006571636548], [50,53,0.999999956445], [53,53,2.000000000000], [54,53,0.001495719959], [55,53,0.706939240832], [56,53,0.004589879968], [57,53,-0.706693487899], [33,54,-0.999989490570], [35,54,0.999997379700], [51,54,0.709860451275], [53,54,0.001495719959], [54,54,2.000000000000], [55,54,0.708330873836], [56,54,0.999995213043], [66,54,-0.002089932035], [70,54,0.000861811430], [75,54,-0.704996100130], [76,54,-0.999980961090], [33,55,-0.705087234841], [37,55,0.707969374574], [53,55,0.706939240832], [54,55,0.708330873836], [55,55,2.000000000000], [56,55,0.710511598002], [71,55,0.707147849637], [77,55,-0.707810663548], [78,55,-0.006713075646], [33,56,-0.999970518063], [53,56,0.004589879968], [54,56,0.999995213043], [55,56,0.710511598002], [56,56,2.000000000000], [74,56,0.708597620267], [76,56,0.999995267402], [78,56,0.708439352188], [90,56,-0.001750147583], [17,57,-0.709528878445], [34,57,-0.999995327007], [36,57,-0.712148688020], [38,57,0.708469713183], [50,57,-0.706484637847], [53,57,-0.706693487899], [57,57,2.000000000000], [58,57,0.707145563119], [77,57,0.707565213529], [79,57,-0.001524899143], [38,58,0.999998243141], [57,58,0.707145563119], [58,58,2.000000000000], [59,58,0.999997910208], [77,58,0.000703378958], [79,58,-0.708145500711], [58,59,0.999997910208], [59,59,2.000000000000], [90,59,-0.005413591558], [91,59,-0.007068491266], [60,60,2.000000000000], [61,60,0.710697692495], [44,61,0.708481825126], [60,61,0.710697692495], [61,61,2.000000000000], [63,61,0.708016304673], [80,61,-0.703746708111], [25,62,-0.004825642506], [42,62,-0.005147304423], [45,62,0.707675613725], [48,62,0.010917891245], [62,62,2.000000000000], [63,62,0.003824130023], [64,62,0.999996356124], [66,62,-0.999981724644], [67,62,0.001271661273], [68,62,-0.709106890244], [69,62,-0.000677859078], [25,63,-0.999999498477], [42,63,-0.999999124587], [44,63,0.999999782588], [45,63,-0.703826080910], [61,63,0.708016304673], [62,63,0.003824130023], [63,63,2.000000000000], [80,63,0.003453545880], [28,64,0.001850033199], [43,64,-0.705682584094], [46,64,0.004932964917], [47,64,0.703341930199], [48,64,0.008218431099], [62,64,0.999996356124], [64,64,2.000000000000], [65,64,0.999995068800], [66,64,-0.999994401668], [67,64,0.003971235720], [68,64,-0.707200828902], [69,64,0.002021724035], [28,65,0.004990460674], [43,65,-0.703454012800], [46,65,0.008073344353], [47,65,0.705570850371], [64,65,0.999995068800], [65,65,2.000000000000], [70,65,-0.999996229610], [71,65,-0.999993247382], [72,65,0.705187338921], [73,65,0.002717694420], [74,65,-0.706469634715], [35,66,-0.004379155884], [48,66,-0.004872361213], [51,66,0.702857247218], [54,66,-0.002089932035], [62,66,-0.999981724644], [64,66,-0.999994401668], [66,66,2.000000000000], [67,66,-0.007317323984], [68,66,0.704831108416], [69,66,-0.005367842760], [70,66,0.999995643604], [75,66,0.710683025760], [76,66,-0.004080787793], [48,67,-0.999925705676], [49,67,0.999981270694], [62,67,0.001271661273], [64,67,0.003971235720], [66,67,-0.007317323984], [67,67,2.000000000000], [68,67,0.704198684699], [69,67,0.999998099685], [72,67,0.714018131291], [85,67,0.013267948398], [86,67,-0.999992393710], [87,67,-0.702968173757], [88,67,-0.999990994356], [48,68,-0.712800925101], [52,68,0.704334067973], [62,68,-0.709106890244], [64,68,-0.707200828902], [66,68,0.704831108416], [67,68,0.704198684699], [68,68,2.000000000000], [69,68,0.705581511135], [73,68,0.707311626478], [75,68,-0.001857318216], [81,68,0.705594836953], [85,68,0.700597198048], [89,68,-0.006625237677], [48,69,-0.999947569108], [62,69,-0.000677859078], [64,69,0.002021724035], [66,69,-0.005367842760], [67,69,0.999998099685], [68,69,0.705581511135], [69,69,2.000000000000], [86,69,0.999998097166], [89,69,0.713287861062], [98,69,0.005208261452], [99,69,0.002251171569], [100,69,-0.704116676280], [35,70,-0.001427424303], [51,70,0.704953849822], [54,70,0.000861811430], [65,70,-0.999996229610], [66,70,0.999995643604], [70,70,2.000000000000], [71,70,0.999999568572], [72,70,-0.703237675983], [73,70,0.000028351335], [74,70,0.708410466607], [75,70,0.708603343610], [76,70,-0.007032486245], [37,71,0.001278717445], [55,71,0.707147849637], [65,71,-0.999993247382], [70,71,0.999999568572], [71,71,2.000000000000], [72,71,-0.702576966735], [73,71,0.000957251196], [74,71,0.709065779148], [77,71,-0.999999560214], [78,71,0.702302641070], [49,72,0.709719758816], [65,72,0.705187338921], [67,72,0.714018131291], [70,72,-0.703237675983], [71,72,-0.702576966735], [72,72,2.000000000000], [73,72,0.710934892534], [74,72,0.003611478168], [85,72,0.709539136928], [86,72,-0.711281977822], [87,72,-0.003986633850], [88,72,-0.711040388435], [52,73,0.999991166158], [65,73,0.002717694420], [68,73,0.707311626478], [70,73,0.000028351335], [71,73,0.000957251196], [72,73,0.710934892534], [73,73,2.000000000000], [74,73,0.705820771830], [75,73,0.705586954490], [81,73,-0.001846194545], [85,73,-0.008874225699], [89,73,-0.711572469706], [56,74,0.708597620267], [65,74,-0.706469634715], [70,74,0.708410466607], [71,74,0.709065779148], [72,74,0.003611478168], [73,74,0.705820771830], [74,74,2.000000000000], [76,74,0.710765121386], [78,74,0.003996903278], [90,74,-0.706851861984], [35,75,-0.706617803407], [51,75,-0.000921383306], [52,75,0.708559267509], [54,75,-0.704996100130], [66,75,0.710683025760], [68,75,-0.001857318216], [70,75,0.708603343610], [73,75,0.705586954490], [75,75,2.000000000000], [76,75,0.700606352940], [81,75,-0.709924791365], [85,75,-0.714856982852], [89,75,-0.999964022918], [35,76,-0.999964214676], [51,76,-0.714193217049], [54,76,-0.999980961090], [56,76,0.999995267402], [66,76,-0.004080787793], [70,76,-0.007032486245], [74,76,0.710765121386], [75,76,0.700606352940], [76,76,2.000000000000], [78,76,0.706264655933], [90,76,-0.004826686843], [37,77,-0.002216570824], [38,77,0.002577868008], [55,77,-0.707810663548], [57,77,0.707565213529], [58,77,0.000703378958], [71,77,-0.999999560214], [77,77,2.000000000000], [78,77,-0.701634693603], [79,77,0.705568264262], [37,78,-0.710979872471], [55,78,-0.006713075646], [56,78,0.708439352188], [71,78,0.702302641070], [74,78,0.003996903278], [76,78,0.706264655933], [77,78,-0.701634693603], [78,78,2.000000000000], [90,78,0.704530739840], [38,79,-0.706820741413], [57,79,-0.001524899143], [58,79,-0.708145500711], [77,79,0.705568264262], [79,79,2.000000000000], [91,79,0.709615434138], [92,79,-0.710354772307], [93,79,0.001151595085], [94,79,-0.709112629031], [44,80,0.002794136762], [61,80,-0.703746708111], [63,80,0.003453545880], [80,80,2.000000000000], [81,80,-0.999997333885], [82,80,0.712860315636], [83,80,0.001872652877], [84,80,0.007114549217], [52,81,-0.006049456316], [68,81,0.705594836953], [73,81,-0.001846194545], [75,81,-0.709924791365], [80,81,-0.999997333885], [81,81,2.000000000000], [82,81,-0.711238986826], [83,81,0.000436508600], [84,81,-0.004805428158], [85,81,0.999975302679], [89,81,0.703925213879], [80,82,0.712860315636], [81,82,-0.711238986826], [82,82,2.000000000000], [83,82,0.702639756407], [84,82,0.706359976805], [96,82,-0.999945719948], [97,82,-0.702712565656], [80,83,0.001872652877], [81,83,0.000436508600], [82,83,0.702639756407], [83,83,2.000000000000], [84,83,0.999986260984], [80,84,0.007114549217], [81,84,-0.004805428158], [82,84,0.706359976805], [83,84,0.999986260984], [84,84,2.000000000000], [118,84,0.002545249319], [119,84,0.003079351855], [120,84,-0.708432912168], [121,84,-0.999997150753], [122,84,-0.703665359307], [49,85,0.007147923121], [52,85,-0.013077267037], [67,85,0.013267948398], [68,85,0.700597198048], [72,85,0.709539136928], [73,85,-0.008874225699], [75,85,-0.714856982852], [81,85,0.999975302679], [85,85,2.000000000000], [86,85,-0.009367867532], [87,85,0.701831757045], [88,85,-0.009024241342], [89,85,0.708899698189], [49,86,-0.999997535755], [67,86,-0.999992393710], [69,86,0.999998097166], [72,86,-0.711281977822], [85,86,-0.009367867532], [86,86,2.000000000000], [87,86,0.705736819785], [88,86,0.999999940956], [89,86,0.711919236444], [98,86,0.003257466830], [99,86,0.000300361057], [100,86,-0.705500576838], [49,87,-0.707307906441], [67,87,-0.702968173757], [72,87,-0.003986633850], [85,87,0.701831757045], [86,87,0.705736819785], [87,87,2.000000000000], [88,87,0.705980238660], [98,87,0.706171420395], [101,87,-0.706359458607], [102,87,0.001958695350], [103,87,-0.999999740627], [104,87,-0.706772637472], [49,88,-0.999998239600], [67,88,-0.999990994356], [72,88,-0.711040388435], [85,88,-0.009024241342], [86,88,0.999999940956], [87,88,0.705980238660], [88,88,2.000000000000], [102,88,0.706847373018], [118,88,0.000263977338], [123,88,0.000806599163], [124,88,0.002947229983], [52,89,-0.714519465423], [68,89,-0.006625237677], [69,89,0.713287861062], [73,89,-0.711572469706], [75,89,-0.999964022918], [81,89,0.703925213879], [85,89,0.708899698189], [86,89,0.711919236444], [89,89,2.000000000000], [98,89,0.704576675329], [99,89,0.702475149056], [100,89,-0.004560251877], [56,90,-0.001750147583], [59,90,-0.005413591558], [74,90,-0.706851861984], [76,90,-0.004826686843], [78,90,0.704530739840], [90,90,2.000000000000], [91,90,0.999998630600], [59,91,-0.007068491266], [79,91,0.709615434138], [90,91,0.999998630600], [91,91,2.000000000000], [92,91,-0.008157971402], [93,91,0.705405918807], [94,91,-0.006394786645], [79,92,-0.710354772307], [91,92,-0.008157971402], [92,92,2.000000000000], [93,92,0.703025294118], [94,92,0.999998445507], [101,92,-0.006823789198], [105,92,-0.012502208215], [109,92,0.002374281171], [110,92,-0.710095611892], [111,92,-0.999993836392], [79,93,0.001151595085], [91,93,0.705405918807], [92,93,0.703025294118], [93,93,2.000000000000], [94,93,0.704278148993], [106,93,0.705929076124], [109,93,0.709493660129], [112,93,0.002970885426], [113,93,-0.705102851653], [79,94,-0.709112629031], [91,94,-0.006394786645], [92,94,0.999998445507], [93,94,0.704278148993], [94,94,2.000000000000], [111,94,0.999998472626], [112,94,0.707828680379], [129,94,0.000195013188], [130,94,-0.704556311227], [95,95,2.000000000000], [96,95,0.710148169482], [114,95,-0.705979895091], [82,96,-0.999945719948], [95,96,0.710148169482], [96,96,2.000000000000], [97,96,0.710087323010], [114,96,-0.002718082245], [82,97,-0.702712565656], [96,97,0.710087323010], [97,97,2.000000000000], [114,97,0.706041097476], [116,97,0.999993513133], [120,97,0.704796136459], [132,97,-0.001364986442], [69,98,0.005208261452], [86,98,0.003257466830], [87,98,0.706171420395], [89,98,0.704576675329], [98,98,2.000000000000], [99,98,0.999995627749], [100,98,0.706407440449], [101,98,-0.999999964726], [102,98,0.709422722797], [103,98,-0.706681196470], [104,98,0.001794364585], [69,99,0.002251171569], [86,99,0.000300361057], [89,99,0.702475149056], [98,99,0.999995627749], [99,99,2.000000000000], [100,99,0.708497408408], [105,99,-0.999964970141], [106,99,-0.999994596623], [107,99,0.003141749417], [108,99,-0.000356812926], [69,100,-0.704116676280], [86,100,-0.705500576838], [89,100,-0.004560251877], [98,100,0.706407440449], [99,100,0.708497408408], [100,100,2.000000000000], [119,100,0.708276198111], [123,100,0.707897381661], [125,100,0.001709087390], [126,100,-0.708009836746], [127,100,-0.999999478754], [87,101,-0.706359458607], [92,101,-0.006823789198], [98,101,-0.999999964726], [101,101,2.000000000000], [102,101,-0.709235499924], [103,101,0.706869099523], [104,101,-0.001528754417], [105,101,0.999983876273], [109,101,-0.999990100730], [110,101,0.708934412978], [111,101,0.003312820640], [87,102,0.001958695350], [88,102,0.706847373018], [98,102,0.709422722797], [101,102,-0.709235499924], [102,102,2.000000000000], [103,102,-0.002678933255], [104,102,0.706055057752], [118,102,-0.707179477890], [123,102,0.707936006616], [124,102,0.709446263839], [87,103,-0.999999740627], [98,103,-0.706681196470], [101,103,0.706869099523], [102,103,-0.002678933255], [103,103,2.000000000000], [104,103,0.706262927162], [107,103,0.703209023926], [110,103,-0.002251935392], [124,103,0.706657562819], [128,103,-0.000113403145], [87,104,-0.706772637472], [98,104,0.001794364585], [101,104,-0.001528754417], [102,104,0.706055057752], [103,104,0.706262927162], [104,104,2.000000000000], [126,104,0.999997828958], [128,104,0.708029717249], [135,104,-0.002437131143], [136,104,-0.005689582892], [92,105,-0.012502208215], [99,105,-0.999964970141], [101,105,0.999983876273], [105,105,2.000000000000], [106,105,0.999987082455], [107,105,-0.011511693086], [108,105,-0.008013294073], [109,105,-0.999948709709], [110,105,0.712927996798], [111,105,0.008991397318], [93,106,0.705929076124], [99,106,-0.999994596623], [105,106,0.999987082455], [106,106,2.000000000000], [107,106,-0.006429074627], [108,106,-0.002930547202], [109,106,0.999987271885], [112,106,0.710376636699], [113,106,0.004494111128], [99,107,0.003141749417], [103,107,0.703209023926], [105,107,-0.011511693086], [106,107,-0.006429074627], [107,107,2.000000000000], [108,107,0.999993880019], [110,107,0.709397786389], [124,107,-0.006132230062], [128,107,-0.711062911997], [99,108,-0.000356812926], [105,108,-0.008013294073], [106,108,-0.002930547202], [107,108,0.999993880019], [108,108,2.000000000000], [127,108,0.705242665848], [134,108,-0.001119450416], [135,108,0.001631199785], [92,109,0.002374281171], [93,109,0.709493660129], [101,109,-0.999990100730], [105,109,-0.999948709709], [106,109,0.999987271885], [109,109,2.000000000000], [110,109,-0.705789245460], [111,109,0.001136731811], [112,109,0.706816532281], [113,109,-0.000551295808], [92,110,-0.710095611892], [101,110,0.708934412978], [103,110,-0.002251935392], [105,110,0.712927996798], [107,110,0.709397786389], [109,110,-0.705789245460], [110,110,2.000000000000], [111,110,0.707619115757], [124,110,-0.709145267442], [128,110,-0.999997202584], [92,111,-0.999993836392], [94,111,0.999998472626], [101,111,0.003312820640], [105,111,0.008991397318], [109,111,0.001136731811], [110,111,0.707619115757], [111,111,2.000000000000], [112,111,0.706592993129], [129,111,-0.001552769980], [130,111,-0.705795545896], [93,112,0.002970885426], [94,112,0.707828680379], [106,112,0.710376636699], [109,112,0.706816532281], [111,112,0.706592993129], [112,112,2.000000000000], [113,112,0.707007138512], [129,112,0.706522166736], [130,112,0.002578991090], [93,113,-0.705102851653], [106,113,0.004494111128], [109,113,-0.0