{
"N": {
"shape": [192, 136],
"data": [[0,0,0.001695941733], [1,0,-0.999998561890], [3,0,-0.001695941733], [4,0,0.999998561890], [0,1,0.002094690255], [1,1,-0.999997806134], [6,1,-0.002094690255], [7,1,0.999997806134], [0,2,-0.999996496704], [1,2,-0.002646994600], [24,2,0.999996496704], [25,2,0.002646994600], [0,3,-0.706319301566], [1,3,-0.707893384794], [27,3,0.706319301566], [28,3,0.707893384794], [0,4,-0.999999338328], [1,4,-0.001150366589], [48,4,0.999999338328], [49,4,0.001150366589], [3,5,0.002488067835], [4,5,-0.999996904754], [6,5,-0.002488067835], [7,5,0.999996904754], [3,6,-0.709980752950], [4,6,0.704221080656], [24,6,0.709980752950], [25,6,-0.704221080656], [3,7,-0.999995861772], [4,7,-0.002876880232], [51,7,0.999995861772], [52,7,0.002876880232], [9,8,0.001562550235], [10,8,-0.999998779218], [12,8,-0.001562550235], [13,8,0.999998779218], [9,9,0.003401277396], [10,9,-0.999994215639], [15,9,-0.003401277396], [16,9,0.999994215639], [9,10,-0.709136168821], [10,10,0.705071552447], [30,10,0.709136168821], [31,10,-0.705071552447], [9,11,-0.999993456762], [10,11,-0.003617517633], [33,11,0.999993456762], [34,11,0.003617517633], [9,12,-0.705335700250], [10,12,-0.708873437190], [36,12,0.705335700250], [37,12,0.708873437190], [9,13,-0.999995346379], [10,13,-0.003050773630], [57,13,0.999995346379], [58,13,0.003050773630], [12,14,0.005257362158], [13,14,-0.999986179976], [15,14,-0.005257362158], [16,14,0.999986179976], [12,15,-0.704833259867], [13,15,0.709373015969], [33,15,0.704833259867], [34,15,-0.709373015969], [12,16,-0.999998837945], [13,16,0.001524502433], [36,16,0.999998837945], [37,16,-0.001524502433], [12,17,-0.707717572576], [13,17,-0.706495461746], [39,17,0.707717572576], [40,17,0.706495461746], [15,18,-0.709984123427], [16,18,0.704217682596], [36,18,0.709984123427], [37,18,-0.704217682596], [18,19,-0.709801637348], [19,19,0.704401615287], [39,19,0.709801637348], [40,19,-0.704401615287], [18,20,-0.999999856927], [19,20,-0.000534925981], [42,20,0.999999856927], [43,20,0.000534925981], [18,21,-0.708220544697], [19,21,-0.705991260618], [45,21,0.708220544697], [46,21,0.705991260618], [21,22,-0.707482762543], [22,22,0.706730599808], [42,22,0.707482762543], [43,22,-0.706730599808], [21,23,-0.999952998733], [22,23,0.009695376451], [45,23,0.999952998733], [46,23,-0.009695376451], [21,24,-0.999997140763], [22,24,0.002391331352], [69,24,0.999997140763], [70,24,-0.002391331352], [24,25,0.005155608571], [25,25,-0.999986709762], [27,25,-0.005155608571], [28,25,0.999986709762], [24,26,-0.000113732887], [25,26,-0.999999993532], [30,26,0.000113732887], [31,26,0.999999993532], [24,27,-0.999999940709], [25,27,0.000344356503], [48,27,0.999999940709], [49,27,-0.000344356503], [24,28,-0.706209851270], [25,28,-0.708002574832], [51,28,0.706209851270], [52,28,0.708002574832], [27,29,-0.711200179133], [28,29,0.702989548429], [48,29,0.711200179133], [49,29,-0.702989548429], [27,30,-0.999988188611], [28,30,-0.004860312526], [51,30,0.999988188611], [52,30,0.004860312526], [27,31,-0.999999722666], [28,31,-0.000744760392], [75,31,0.999999722666], [76,31,0.000744760392], [30,32,-0.705660204321], [31,32,0.708550404727], [51,32,0.705660204321], [52,32,-0.708550404727], [30,33,-0.999998771744], [31,33,-0.001567326189], [78,33,0.999998771744], [79,33,0.001567326189], [33,34,-0.005040781455], [34,34,-0.999987295180], [36,34,0.005040781455], [37,34,0.999987295180], [33,35,-0.002876456148], [34,35,-0.999995862991], [39,35,0.002876456148], [40,35,0.999995862991], [33,36,-0.705588479274], [34,36,0.708621829974], [54,36,0.705588479274], [55,36,-0.708621829974], [33,37,-0.999996897738], [34,37,-0.002490886313], [57,37,0.999996897738], [58,37,0.002490886313], [39,38,0.003227204710], [40,38,-0.999994792561], [45,38,-0.003227204710], [46,38,0.999994792561], [39,39,-0.999999368458], [40,39,0.001123869493], [87,39,0.999999368458], [88,39,-0.001123869493], [42,40,0.005095191298], [43,40,-0.999987019429], [45,40,-0.005095191298], [46,40,0.999987019429], [42,41,-0.704469180580], [43,41,-0.709734579694], [69,41,0.704469180580], [70,41,0.709734579694], [45,42,-0.999987817932], [46,42,-0.004935989030], [69,42,0.999987817932], [70,42,0.004935989030], [51,43,0.002519876471], [52,43,-0.999996825106], [54,43,-0.002519876471], [55,43,0.999996825106], [51,44,-0.002050029160], [52,44,-0.999997898688], [57,44,0.002050029160], [58,44,0.999997898688], [51,45,-0.706371867802], [52,45,-0.707840931550], [78,45,0.706371867802], [79,45,0.707840931550], [54,46,-0.006564304774], [55,46,-0.999978454719], [57,46,0.006564304774], [58,46,0.999978454719], [54,47,-0.709524400770], [55,47,0.704680867281], [75,47,0.709524400770], [76,47,-0.704680867281], [54,48,-0.999958075047], [55,48,-0.009156863433], [78,48,0.999958075047], [79,48,0.009156863433], [57,49,-0.707098543538], [58,49,0.707115018739], [78,49,0.707098543538], [79,49,-0.707115018739], [60,50,-0.004929717370], [61,50,-0.999987848870], [63,50,0.004929717370], [64,50,0.999987848870], [60,51,-0.002292357168], [61,51,-0.999997372546], [66,51,0.002292357168], [67,51,0.999997372546], [60,52,-0.999997165434], [61,52,0.002380992095], [84,52,0.999997165434], [85,52,-0.002380992095], [60,53,-0.707748557405], [61,53,-0.706464421957], [87,53,0.707748557405], [88,53,0.706464421957], [60,54,-0.999997388845], [61,54,-0.002285236113], [108,54,0.999997388845], [109,54,0.002285236113], [63,55,0.000344124465], [64,55,-0.999999940789], [66,55,-0.000344124465], [67,55,0.999999940789], [63,56,-0.704180898525], [64,56,0.710020606851], [84,56,0.704180898525], [85,56,-0.710020606851], [63,57,-0.999998219207], [64,57,0.001887215673], [87,57,0.999998219207], [88,57,-0.001887215673], [63,58,-0.999997870310], [64,58,-0.002063825644], [111,58,0.999997870310], [112,58,0.002063825644], [66,59,-0.704667839308], [67,59,0.709537339571], [87,59,0.704667839308], [88,59,-0.709537339571], [66,60,-0.999999969251], [67,60,0.000247989121], [90,60,0.999999969251], [91,60,-0.000247989121], [66,61,-0.999996026932], [67,61,0.002818886249], [114,61,0.999996026932], [115,61,-0.002818886249], [72,62,-0.999999693563], [73,62,-0.000782862577], [96,62,0.999999693563], [97,62,0.000782862577], [72,63,-0.708680076950], [73,63,-0.705529977063], [99,63,0.708680076950], [100,63,0.705529977063], [75,64,0.001781424280], [76,64,-0.999998413263], [81,64,-0.001781424280], [82,64,0.999998413263], [78,65,0.002968108156], [79,65,-0.999995595157], [81,65,-0.002968108156], [82,65,0.999995595157], [78,66,-0.708345087319], [79,66,-0.705866302689], [105,66,0.708345087319], [106,66,0.705866302689], [81,67,-0.999985755654], [82,67,-0.005337460894], [105,67,0.999985755654], [106,67,0.005337460894], [81,68,-0.706720388482], [82,68,-0.707492962866], [108,68,0.706720388482], [109,68,0.707492962866], [84,69,-0.000871766209], [85,69,-0.999999620012], [87,69,0.000871766209], [88,69,0.999999620012], [84,70,-0.999975939878], [85,70,-0.006936834009], [108,70,0.999975939878], [109,70,0.006936834009], [84,71,-0.705114173703], [85,71,-0.709093789314], [111,71,0.705114173703], [112,71,0.709093789314], [87,72,-0.709849779902], [88,72,0.704353100350], [108,72,0.709849779902], [109,72,-0.704353100350], [90,73,-0.708746139773], [91,73,0.705463613063], [111,73,0.708746139773], [112,73,-0.705463613063], [90,74,-0.999985505368], [91,74,0.005384148480], [114,74,0.999985505368], [115,74,-0.005384148480], [90,75,-0.710573939136], [91,75,-0.703622538738], [117,75,0.710573939136], [118,75,0.703622538738], [93,76,-0.706439586765], [94,76,0.707773346667], [114,76,0.706439586765], [115,76,-0.707773346667], [93,77,-0.999990967120], [94,77,0.004250373884], [117,77,0.999990967120], [118,77,-0.004250373884], [93,78,-0.999999893806], [94,78,0.000460856138], [141,78,0.999999893806], [142,78,-0.000460856138], [96,79,-0.000715518911], [97,79,-0.999999744016], [102,79,0.000715518911], [103,79,0.999999744016], [99,80,0.001890335976], [100,80,-0.999998213313], [102,80,-0.001890335976], [103,80,0.999998213313], [99,81,-0.000084578402], [100,81,-0.999999996423], [105,81,0.000084578402], [106,81,0.999999996423], [99,82,-0.706806181961], [100,82,-0.707407252679], [126,82,0.706806181961], [127,82,0.707407252679], [102,83,-0.002052930406], [103,83,-0.999997892736], [105,83,0.002052930406], [106,83,0.999997892736], [102,84,-0.706095411714], [103,84,0.708116706170], [123,84,0.706095411714], [124,84,-0.708116706170], [102,85,-0.999998404761], [103,85,0.001786190416], [126,85,0.999998404761], [127,85,-0.001786190416], [105,86,-0.704304086914], [106,86,0.709898410448], [126,86,0.704304086914], [127,86,-0.709898410448], [105,87,-0.999997562421], [106,87,0.002207974701], [153,87,0.999997562421], [154,87,-0.002207974701], [111,88,-0.000474308330], [112,88,-0.999999887516], [117,88,0.000474308330], [118,88,0.999999887516], [111,89,-0.999999136950], [112,89,0.001313810770], [159,89,0.999999136950], [160,89,-0.001313810770], [114,90,-0.004710267935], [115,90,-0.999988906626], [117,90,0.004710267935], [118,90,0.999988906626], [114,91,-0.707658762643], [115,91,-0.706554368505], [141,91,0.707658762643], [142,91,0.706554368505], [117,92,-0.999994372756], [118,92,-0.003354766156], [141,92,0.999994372756], [142,92,0.003354766156], [117,93,-0.999997026391], [118,93,-0.002438690144], [165,93,0.999997026391], [166,93,0.002438690144], [120,94,0.003622768256], [121,94,-0.999993437754], [126,94,-0.003622768256], [127,94,0.999993437754], [120,95,-0.999989657505], [121,95,0.004548063579], [144,95,0.999989657505], [145,95,-0.004548063579], [120,96,-0.709552905231], [121,96,-0.704652165737], [147,96,0.709552905231], [148,96,0.704652165737], [123,97,-0.000547550226], [124,97,-0.999999850094], [126,97,0.000547550226], [127,97,0.999999850094], [123,98,-0.000888030469], [124,98,-0.999999605701], [129,98,0.000888030469], [130,98,0.999999605701], [126,99,-0.709395562811], [127,99,-0.704810567078], [153,99,0.709395562811], [154,99,0.704810567078], [126,100,-0.999997040255], [127,100,-0.002432998526], [174,100,0.999997040255], [175,100,0.002432998526], [129,101,0.002684764949], [130,101,-0.999996396012], [132,101,-0.002684764949], [133,101,0.999996396012], [129,102,-0.001878128752], [130,102,-0.999998236315], [135,102,0.001878128752], [136,102,0.999998236315], [129,103,-0.999994736240], [130,103,0.003244609691], [153,103,0.999994736240], [154,103,-0.003244609691], [129,104,-0.999997885679], [130,104,0.002056364990], [177,104,0.999997885679], [178,104,-0.002056364990], [132,105,-0.708169453262], [133,105,0.706042509674], [153,105,0.708169453262], [154,105,-0.706042509674], [132,106,-0.709628093672], [133,106,-0.704576446293], [159,106,0.709628093672], [160,106,0.704576446293], [135,107,-0.707221232661], [136,107,0.706992311184], [156,107,0.707221232661], [157,107,-0.706992311184], [135,108,-0.999996221952], [136,108,0.002748832744], [159,108,0.999996221952], [160,108,-0.002748832744], [135,109,-0.705978943346], [136,109,-0.708232822984], [162,109,0.705978943346], [163,109,0.708232822984], [138,110,-0.002987912916], [139,110,-0.999995536178], [141,110,0.002987912916], [142,110,0.999995536178], [138,111,-0.708030420761], [139,111,0.706181933554], [159,111,0.708030420761], [160,111,-0.706181933554], [138,112,-0.999998989699], [139,112,-0.001421478472], [162,112,0.999998989699], [163,112,0.001421478472], [138,113,-0.704905588552], [139,113,-0.709301142836], [165,113,0.704905588552], [166,113,0.709301142836], [138,114,-0.999999962264], [139,114,0.000274722235], [186,114,0.999999962264], [187,114,-0.000274722235], [144,115,-0.003653447178], [145,115,-0.999993326140], [147,115,0.003653447178], [148,115,0.999993326140], [144,116,-0.706286591607], [145,116,-0.707926020511], [171,116,0.706286591607], [172,116,0.707926020511], [147,117,-0.706374990001], [148,117,0.707837815818], [168,117,0.706374990001], [169,117,-0.707837815818], [147,118,-0.999968170090], [148,118,-0.007978646987], [171,118,0.999968170090], [172,118,0.007978646987], [147,119,-0.702897161987], [148,119,-0.711291487135], [174,119,0.702897161987], [175,119,0.711291487135], [150,120,-0.707706363337], [151,120,0.706506690197], [171,120,0.707706363337], [172,120,-0.706506690197], [150,121,-0.999996120769], [151,121,0.002785398748], [174,121,0.999996120769], [175,121,-0.002785398748], [150,122,-0.709761372032], [151,122,-0.704442186962], [177,122,0.709761372032], [178,122,0.704442186962], [153,123,-0.704529475327], [154,123,-0.709674727178], [180,123,0.704529475327], [181,123,0.709674727178], [156,124,-0.001399920737], [157,124,-0.999999020110], [159,124,0.001399920737], [160,124,0.999999020110], [156,125,0.002201938712], [157,125,-0.999997575730], [162,125,-0.002201938712], [163,125,0.999997575730], [156,126,-0.999999061564], [157,126,0.001369989351], [180,126,0.999999061564], [181,126,-0.001369989351], [156,127,-0.706425020268], [157,127,-0.707787885414], [183,127,0.706425020268], [184,127,0.707787885414], [159,128,0.004404439741], [160,128,-0.999990300408], [165,128,-0.004404439741], [166,128,0.999990300408], [162,129,0.003017793327], [163,129,-0.999995446451], [165,129,-0.003017793327], [166,129,0.999995446451], [168,130,-0.005619953017], [169,130,-0.999984207939], [171,130,0.005619953017], [172,130,0.999984207939], [168,131,-0.000375125639], [169,131,-0.999999929640], [174,131,0.000375125639], [175,131,0.999999929640], [171,132,0.002404210499], [172,132,-0.999997109882], [177,132,-0.002404210499], [178,132,0.999997109882], [174,133,-0.000102183533], [175,133,-0.999999994779], [177,133,0.000102183533], [178,133,0.999999994779], [174,134,-0.001629968577], [175,134,-0.999998671600], [180,134,0.001629968577], [181,134,0.999998671600], [177,135,-0.003136675733], [178,135,-0.999995080621], [180,135,0.003136675733], [181,135,0.999995080621], ]
},
"Q": {
"shape": [136, 136],
"data": [[0,0,2.000000000000], [1,0,0.999999920500], [2,0,0.000951055002], [3,0,0.706694490385], [4,0,-0.000545575676], [5,0,-0.999999686267], [6,0,0.705424153897], [7,0,-0.001180941380], [0,1,0.999999920500], [1,1,2.000000000000], [2,1,0.000552305876], [3,1,0.706412311612], [4,1,-0.000944324804], [5,1,0.999999922627], [0,2,0.000951055002], [1,2,0.000552305876], [2,2,2.000000000000], [3,2,0.708190617087], [4,2,0.999998880048], [6,2,0.708114196280], [25,2,0.002508631088], [26,2,-0.002760727071], [27,2,-0.999995525903], [28,2,-0.708081456200], [0,3,0.706694490385], [1,3,0.706412311612], [2,3,0.708190617087], [3,3,2.000000000000], [4,3,0.707133171113], [25,3,0.704242470877], [29,3,-0.004692762887], [30,3,-0.709751542040], [31,3,-0.706846316635], [0,4,-0.000545575676], [1,4,-0.000944324804], [2,4,0.999998880048], [3,4,0.707133171113], [4,4,2.000000000000], [27,4,0.999998882901], [29,4,0.710391012863], [0,5,-0.999999686267], [1,5,0.999999922627], [5,5,2.000000000000], [6,5,-0.705985381193], [7,5,0.000388813788], [0,6,0.705424153897], [2,6,0.708114196280], [5,6,-0.705985381193], [6,6,2.000000000000], [7,6,0.707951855182], [25,6,0.707872104245], [26,6,0.704140327941], [27,6,-0.710223213964], [28,6,-0.002805063591], [0,7,-0.001180941380], [5,7,0.000388813788], [6,7,0.707951855182], [7,7,2.000000000000], [28,7,0.708243767424], [30,7,0.999998032969], [32,7,0.703618869485], [43,7,-0.000357005055], [44,7,-0.004926894863], [45,7,-0.708405318257], [8,8,2.000000000000], [9,8,0.999998309531], [10,8,-0.706178752595], [11,8,0.002054973207], [12,8,0.707770449346], [13,8,0.001488226943], [14,8,-0.999993174103], [15,8,0.710473487355], [16,8,0.003087048991], [17,8,-0.705388755009], [8,9,0.999998309531], [9,9,2.000000000000], [10,9,-0.707479442881], [11,9,0.000216241568], [12,9,0.706470294436], [13,9,-0.000350505584], [14,9,0.999998277442], [18,9,0.706628462098], [8,10,-0.706178752595], [9,10,-0.707479442881], [10,10,2.000000000000], [11,10,0.706580920000], [12,10,0.000372561360], [13,10,0.706981855070], [26,10,-0.704990895784], [32,10,-0.999987907629], [33,10,-0.708030220711], [8,11,0.002054973207], [9,11,0.000216241568], [10,11,0.706580920000], [11,11,2.000000000000], [12,11,0.707895447229], [13,11,0.999999839399], [15,11,0.702262478581], [34,11,-0.008658220145], [35,11,-0.006493939995], [36,11,-0.703020410475], [37,11,-0.999999365345], [8,12,0.707770449346], [9,12,0.706470294436], [10,12,0.000372561360], [11,12,0.707895447229], [12,12,2.000000000000], [13,12,0.707495030274], [16,12,0.704254201332], [18,12,0.001575939672], [34,12,0.712419874198], [8,13,0.001488226943], [9,13,-0.000350505584], [10,13,0.706981855070], [11,13,0.999999839399], [12,13,0.707495030274], [13,13,2.000000000000], [37,13,0.999999843262], [44,13,0.005100786840], [46,13,0.009614982127], [49,13,-0.704938005117], [8,14,-0.999993174103], [9,14,0.999998277442], [14,14,2.000000000000], [15,14,-0.713068776126], [16,14,-0.006781837413], [17,14,0.702764970376], [18,14,0.707940593955], [8,15,0.710473487355], [11,15,0.702262478581], [14,15,-0.713068776126], [15,15,2.000000000000], [16,15,0.705913881701], [17,15,-0.002345932723], [34,15,0.705811093088], [35,15,0.707342659323], [36,15,-0.999999432682], [37,15,-0.703064105753], [8,16,0.003087048991], [12,16,0.704254201332], [14,16,-0.006781837413], [15,16,0.705913881701], [16,16,2.000000000000], [17,16,0.706639696119], [18,16,0.711056879957], [34,16,0.003516292533], [8,17,-0.705388755009], [14,17,0.702764970376], [15,17,-0.002345932723], [16,17,0.706639696119], [17,17,2.000000000000], [19,17,0.004682547348], [35,17,0.708528257531], [38,17,-0.704207833230], [39,17,-0.706923116927], [9,18,0.706628462098], [12,18,0.001575939672], [14,18,0.707940593955], [16,18,0.711056879957], [18,18,2.000000000000], [34,18,-0.700629860835], [17,19,0.004682547348], [19,19,2.000000000000], [20,19,0.709424733069], [21,19,0.005394717871], [35,19,-0.702356987887], [38,19,0.706688622346], [39,19,-0.710592844564], [19,20,0.709424733069], [20,20,2.000000000000], [21,20,0.708598096437], [22,20,0.707104612762], [40,20,0.004560271532], [41,20,-0.704848735256], [19,21,0.005394717871], [20,21,0.708598096437], [21,21,2.000000000000], [23,21,0.701342406391], [38,21,0.703702011534], [40,21,0.702373577292], [42,21,-0.711696682224], [20,22,0.707104612762], [22,22,2.000000000000], [23,22,0.714301529171], [24,22,0.709170766723], [40,22,0.710326186056], [41,22,0.003191343208], [21,23,0.701342406391], [22,23,0.714301529171], [23,23,2.000000000000], [24,23,0.999973324488], [38,23,-0.012922378990], [40,23,-0.014790202417], [42,23,-0.999892960966], [22,24,0.709170766723], [23,24,0.999973324488], [24,24,2.000000000000], [41,24,0.702769955783], [42,24,0.999973155145], [2,25,0.002508631088], [3,25,0.704242470877], [6,25,0.707872104245], [25,25,2.000000000000], [26,25,0.999986116932], [27,25,-0.005499960192], [28,25,0.704352223747], [29,25,0.706646875270], [30,25,0.000295299745], [31,25,0.004410856647], [2,26,-0.002760727071], [6,26,0.704140327941], [10,26,-0.704990895784], [25,26,0.999986116932], [26,26,2.000000000000], [27,26,-0.000230623621], [28,26,0.708082889538], [32,26,0.708470143372], [33,26,-0.001681058925], [2,27,-0.999995525903], [4,27,0.999998882901], [6,27,-0.710223213964], [25,27,-0.005499960192], [26,27,-0.000230623621], [27,27,2.000000000000], [28,27,0.705966004108], [29,27,0.711442215989], [2,28,-0.708081456200], [6,28,-0.002805063591], [7,28,0.708243767424], [25,28,0.704352223747], [26,28,0.708082889538], [27,28,0.705966004108], [28,28,2.000000000000], [30,28,0.709642623734], [32,28,-0.003311323004], [43,28,-0.706220765411], [44,28,-0.709448837886], [45,28,-0.999999973811], [3,29,-0.004692762887], [4,29,0.710391012863], [25,29,0.706646875270], [27,29,0.711442215989], [29,29,2.000000000000], [30,29,0.707775029964], [31,29,0.710676423122], [3,30,-0.709751542040], [7,30,0.999998032969], [25,30,0.000295299745], [28,30,0.709642623734], [29,30,0.707775029964], [30,30,2.000000000000], [31,30,0.999991531049], [32,30,0.702208093086], [43,30,-0.002340450387], [44,30,-0.006910307259], [45,30,-0.709803852715], [3,31,-0.706846316635], [25,31,0.004410856647], [29,31,0.710676423122], [30,31,0.999991531049], [31,31,2.000000000000], [47,31,0.708999385596], [64,31,0.001036664576], [7,32,0.703618869485], [10,32,-0.999987907629], [26,32,0.708470143372], [28,32,-0.003311323004], [30,32,0.702208093086], [32,32,2.000000000000], [33,32,0.704548807984], [43,32,0.710326331700], [44,32,0.707102291845], [45,32,0.003082461972], [10,33,-0.708030220711], [26,33,-0.001681058925], [32,33,0.704548807984], [33,33,2.000000000000], [45,33,0.707480417826], [48,33,0.999971198634], [49,33,0.705989395153], [65,33,0.001400785225], [66,33,-0.709450540031], [11,34,-0.008658220145], [12,34,0.712419874198], [15,34,0.705811093088], [16,34,0.003516292533], [18,34,-0.700629860835], [34,34,2.000000000000], [35,34,0.999997657811], [36,34,-0.705056109740], [37,34,0.007531620484], [11,35,-0.006493939995], [15,35,0.707342659323], [17,35,0.708528257531], [19,35,-0.702356987887], [34,35,0.999997657811], [35,35,2.000000000000], [36,35,-0.706589304080], [37,35,0.005367323233], [38,35,-0.999981372661], [39,35,-0.001752589489], [11,36,-0.703020410475], [15,36,-0.999999432682], [34,36,-0.705056109740], [35,36,-0.706589304080], [36,36,2.000000000000], [37,36,0.703821193936], [43,36,-0.710397575982], [46,36,0.703974864695], [47,36,-0.999984488668], [48,36,-0.699070144188], [11,37,-0.999999365345], [13,37,0.999999843262], [15,37,-0.703064105753], [34,37,0.007531620484], [35,37,0.005367323233], [36,37,0.703821193936], [37,37,2.000000000000], [44,37,0.004540903879], [46,37,0.009055117056], [49,37,-0.705335006811], [17,38,-0.704207833230], [19,38,0.706688622346], [21,38,0.703702011534], [23,38,-0.012922378990], [35,38,-0.999981372661], [38,38,2.000000000000], [39,38,-0.004351066312], [40,38,0.999998255283], [42,38,-0.001708797930], [17,39,-0.706923116927], [19,39,-0.710592844564], [35,39,-0.001752589489], [38,39,-0.004351066312], [39,39,2.000000000000], [53,39,0.706954136621], [57,39,0.999999708651], [59,39,0.705464821651], [69,39,-0.000252103407], [72,39,-0.710640932564], [20,40,0.004560271532], [21,40,0.702373577292], [22,40,0.710326186056], [23,40,-0.014790202417], [38,40,0.999998255283], [40,40,2.000000000000], [41,40,0.706135961695], [42,40,0.000159204270], [20,41,-0.704848735256], [22,41,0.003191343208], [24,41,0.702769955783], [40,41,0.706135961695], [41,41,2.000000000000], [42,41,0.707963840788], [21,42,-0.711696682224], [23,42,-0.999892960966], [24,42,0.999973155145], [38,42,-0.001708797930], [40,42,0.000159204270], [41,42,0.707963840788], [42,42,2.000000000000], [7,43,-0.000357005055], [28,43,-0.706220765411], [30,43,-0.002340450387], [32,43,0.710326331700], [36,43,-0.710397575982], [43,43,2.000000000000], [44,43,0.999989557981], [45,43,0.706058714381], [46,43,-0.999958738657], [47,43,0.706466543837], [48,43,-0.006637063536], [7,44,-0.004926894863], [13,44,0.005100786840], [28,44,-0.709448837886], [30,44,-0.006910307259], [32,44,0.707102291845], [37,44,0.004540903879], [43,44,0.999989557981], [44,44,2.000000000000], [45,44,0.709287527082], [46,44,0.999989810469], [49,44,0.705663960236], [7,45,-0.708405318257], [28,45,-0.999999973811], [30,45,-0.709803852715], [32,45,0.003082461972], [33,45,0.707480417826], [43,45,0.706058714381], [44,45,0.709287527082], [45,45,2.000000000000], [48,45,0.712823855937], [49,45,-0.001050434658], [65,45,-0.705741225520], [66,45,-0.999996103623], [13,46,0.009614982127], [36,46,0.703974864695], [37,46,0.009055117056], [43,46,-0.999958738657], [44,46,0.999989810469], [46,46,2.000000000000], [47,46,-0.700008150323], [48,46,0.015720695711], [49,46,0.702458173402], [31,47,0.708999385596], [36,47,-0.999984488668], [43,47,0.706466543837], [46,47,-0.700008150323], [47,47,2.000000000000], [48,47,0.703041987528], [64,47,0.705943713132], [33,48,0.999971198634], [36,48,-0.699070144188], [43,48,-0.006637063536], [45,48,0.712823855937], [46,48,0.015720695711], [47,48,0.703041987528], [48,48,2.000000000000], [49,48,0.700593942807], [65,48,-0.006188839381], [66,48,-0.714778911320], [13,49,-0.704938005117], [33,49,0.705989395153], [37,49,-0.705335006811], [44,49,0.705663960236], [45,49,-0.001050434658], [46,49,0.702458173402], [48,49,0.700593942807], [49,49,2.000000000000], [65,49,0.709210648962], [66,49,-0.001741115713], [50,50,2.000000000000], [51,50,0.999996522120], [52,50,0.002548740233], [53,50,0.709944837972], [54,50,0.007214912842], [55,50,-0.999986093223], [56,50,0.706540566491], [57,50,-0.003042515850], [58,50,-0.006993507438], [50,51,0.999996522120], [51,51,2.000000000000], [52,51,-0.000088635169], [53,51,0.708084978232], [54,51,0.004577581290], [55,51,0.999996524479], [59,51,0.707920124921], [60,51,-0.002044368628], [61,51,0.000526530782], [50,52,0.002548740233], [51,52,-0.000088635169], [52,52,2.000000000000], [53,52,0.706064465042], [54,52,0.999989113157], [56,52,0.705869455930], [69,52,0.001509227452], [70,52,-0.999956588833], [71,52,-0.703423828304], [39,53,0.706954136621], [50,53,0.709944837972], [51,53,0.708084978232], [52,53,0.706064465042], [53,53,2.000000000000], [54,53,0.709361147373], [57,53,0.706414046322], [59,53,-0.002535239736], [69,53,0.707081144785], [72,53,-0.004794751808], [50,54,0.007214912842], [51,54,0.004577581290], [52,54,0.999989113157], [53,54,0.709361147373], [54,54,2.000000000000], [68,54,0.708335331593], [70,54,0.999989181088], [72,54,0.708238313233], [50,55,-0.999986093223], [51,55,0.999996524479], [55,55,2.000000000000], [56,55,-0.710262890685], [57,55,-0.002231339413], [58,55,0.001719701790], [59,55,0.709779791001], [60,55,0.000592113560], [61,55,0.003163009179], [50,56,0.706540566491], [52,56,0.705869455930], [55,56,-0.710262890685], [56,56,2.000000000000], [57,56,0.705519606542], [58,56,0.702714040101], [69,56,0.709406455939], [70,56,-0.699238660754], [71,56,0.006943270202], [39,57,0.999999708651], [50,57,-0.003042515850], [53,57,0.706414046322], [55,57,-0.002231339413], [56,57,0.705519606542], [57,57,2.000000000000], [58,57,0.999992194636], [59,57,0.706005634428], [69,57,-0.001015450299], [72,57,-0.711177782017], [50,58,-0.006993507438], [55,58,0.001719701790], [56,58,0.702714040101], [57,58,0.999992194636], [58,58,2.000000000000], [71,58,0.706576117975], [73,58,0.707288676468], [88,58,-0.002538132732], [89,58,-0.999994295785], [39,59,0.705464821651], [51,59,0.707920124921], [53,59,-0.002535239736], [55,59,0.709779791001], [57,59,0.706005634428], [59,59,2.000000000000], [60,59,0.704843775181], [61,59,0.706665144664], [69,59,-0.708922764344], [72,59,-0.999973135578], [51,60,-0.002044368628], [55,60,0.000592113560], [59,60,0.704843775181], [60,60,2.000000000000], [61,60,0.999996695236], [73,60,-0.708921065281], [74,60,-0.999986809829], [75,60,-0.710399426552], [51,61,0.000526530782], [55,61,0.003163009179], [59,61,0.706665144664], [60,61,0.999996695236], [61,61,2.000000000000], [74,61,0.999996709659], [76,61,0.708431912586], [90,61,-0.001891394243], [91,61,-0.705664254674], [62,62,2.000000000000], [63,62,0.709232192800], [79,62,-0.001498381069], [62,63,0.709232192800], [63,63,2.000000000000], [80,63,-0.704189073056], [81,63,-0.705589913567], [82,63,-0.999996482177], [31,64,0.001036664576], [47,64,0.705943713132], [64,64,2.000000000000], [65,64,0.999999295887], [67,64,-0.003556053520], [68,64,-0.706232871401], [33,65,0.001400785225], [45,65,-0.705741225520], [48,65,-0.006188839381], [49,65,0.709210648962], [64,65,0.999999295887], [65,65,2.000000000000], [66,65,0.703760748628], [67,65,-0.002369371507], [68,65,-0.705392223922], [33,66,-0.709450540031], [45,66,-0.999996103623], [48,66,-0.714778911320], [49,66,-0.001741115713], [65,66,0.703760748628], [66,66,2.000000000000], [67,66,0.712102531194], [81,66,0.705926210859], [83,66,0.707318998410], [86,66,0.002203026323], [87,66,-0.706784825733], [64,67,-0.003556053520], [65,67,-0.002369371507], [66,67,0.712102531194], [67,67,2.000000000000], [68,67,0.710486537734], [81,67,0.005422038072], [83,67,0.007390350810], [86,67,-0.700504999558], [87,67,-0.999971533131], [54,68,0.708335331593], [64,68,-0.706232871401], [65,68,-0.705392223922], [67,68,0.710486537734], [68,68,2.000000000000], [70,68,0.711611145948], [72,68,0.003340450346], [39,69,-0.000252103407], [52,69,0.001509227452], [53,69,0.707081144785], [56,69,0.709406455939], [57,69,-0.001015450299], [59,69,-0.708922764344], [69,69,2.000000000000], [70,69,0.007808576607], [71,69,0.709708214577], [72,69,0.703734009652], [52,70,-0.999956588833], [54,70,0.999989181088], [56,70,-0.699238660754], [68,70,0.711611145948], [69,70,0.007808576607], [70,70,2.000000000000], [71,70,0.710016074483], [72,70,0.704946720289], [52,71,-0.703423828304], [56,71,0.006943270202], [58,71,0.706576117975], [69,71,0.709708214577], [70,71,0.710016074483], [71,71,2.000000000000], [73,71,-0.000492917899], [88,71,-0.709428151078], [89,71,-0.704181950097], [39,72,-0.710640932564], [53,72,-0.004794751808], [54,72,0.708238313233], [57,72,-0.711177782017], [59,72,-0.999973135578], [68,72,0.003340450346], [69,72,0.703734009652], [70,72,0.704946720289], [72,72,2.000000000000], [58,73,0.707288676468], [60,73,-0.708921065281], [71,73,-0.000492917899], [73,73,2.000000000000], [74,73,0.712534187598], [75,73,0.007236437975], [88,73,0.705127369512], [89,73,-0.709672373783], [60,74,-0.999986809829], [61,74,0.999996709659], [73,74,0.712534187598], [74,74,2.000000000000], [75,74,0.706775231406], [76,74,0.710240103971], [90,74,0.000673889090], [91,74,-0.703844311761], [60,75,-0.710399426552], [73,75,0.007236437975], [74,75,0.706775231406], [75,75,2.000000000000], [77,75,0.707576861744], [88,75,0.703959490730], [90,75,0.706961726832], [92,75,-0.712930429643], [93,75,-0.712287743518], [61,76,0.708431912586], [74,76,0.710240103971], [76,76,2.000000000000], [77,76,0.709441506929], [78,76,0.706765693436], [90,76,0.704437975339], [91,76,0.000162186147], [75,77,0.707576861744], [76,77,0.709441506929], [77,77,2.000000000000], [78,77,0.999992819738], [88,77,-0.003776069360], [90,77,0.000459898655], [92,77,-0.999971080917], [93,77,-0.999977628193], [76,78,0.706765693436], [77,78,0.999992819738], [78,78,2.000000000000], [91,78,0.707333067577], [92,78,0.999992720498], [110,78,0.002527058518], [62,79,-0.001498381069], [79,79,2.000000000000], [80,79,0.999996604759], [83,79,-0.999999105664], [84,79,0.707611300283], [85,79,0.001070672189], [63,80,-0.704189073056], [79,80,0.999996604759], [80,80,2.000000000000], [81,80,0.999998049855], [82,80,0.706069887609], [83,80,-0.999992225325], [84,80,0.709450198547], [85,80,0.003676520186], [63,81,-0.705589913567], [66,81,0.705926210859], [67,81,0.005422038072], [80,81,0.999998049855], [81,81,2.000000000000], [82,81,0.707467030686], [83,81,0.999998062793], [86,81,0.709838838994], [87,81,0.002123396498], [63,82,-0.999996482177], [80,82,0.706069887609], [81,82,0.707467030686], [82,82,2.000000000000], [85,82,0.705541490380], [86,82,-0.004380801605], [94,82,0.704842015499], [97,82,0.707794158519], [99,82,-0.999993276165], [100,82,-0.708525210798], [66,83,0.707318998410], [67,83,0.007390350810], [79,83,-0.999999105664], [80,83,-0.999992225325], [81,83,0.999998062793], [83,83,2.000000000000], [84,83,-0.706665649241], [85,83,0.000266740478], [86,83,0.708451027229], [87,83,0.000155044647], [79,84,0.707611300283], [80,84,0.709450198547], [83,84,-0.706665649241], [84,84,2.000000000000], [85,84,0.707359116597], [97,84,0.707729977317], [98,84,0.707489392720], [79,85,0.001070672189], [80,85,0.003676520186], [82,85,0.705541490380], [83,85,0.000266740478], [84,85,0.707359116597], [85,85,2.000000000000], [86,85,0.705570977118], [94,85,-0.005408941172], [97,85,-0.001238640796], [99,85,-0.708135505275], [100,85,-0.999991099221], [66,86,0.002203026323], [67,86,-0.700504999558], [81,86,0.709838838994], [82,86,-0.004380801605], [83,86,0.708451027229], [85,86,0.705570977118], [86,86,2.000000000000], [87,86,0.705869807848], [94,86,-0.712445282408], [97,86,-0.709512662168], [99,86,0.000713707109], [100,86,-0.702574820567], [66,87,-0.706784825733], [67,87,-0.999971533131], [81,87,0.002123396498], [83,87,0.000155044647], [86,87,0.705869807848], [87,87,2.000000000000], [99,87,0.707837629702], [103,87,0.999999462690], [105,87,0.709726651043], [123,87,-0.702960814137], [58,88,-0.002538132732], [71,88,-0.709428151078], [73,88,0.705127369512], [75,88,0.703959490730], [77,88,-0.003776069360], [88,88,2.000000000000], [89,88,-0.000839502701], [90,88,0.999991028263], [92,88,-0.003829071440], [93,88,-0.002912996790], [58,89,-0.999994295785], [71,89,-0.704181950097], [73,89,-0.709672373783], [88,89,-0.000839502701], [89,89,2.000000000000], [106,89,0.708701801104], [108,89,0.999998970352], [111,89,0.708957599125], [124,89,0.000086110046], [128,89,0.005718233966], [61,90,-0.001891394243], [74,90,0.000673889090], [75,90,0.706961726832], [76,90,0.704437975339], [77,90,0.000459898655], [88,90,0.999991028263], [90,90,2.000000000000], [91,90,0.709879792813], [92,90,-0.008064970370], [93,90,-0.007148917020], [61,91,-0.705664254674], [74,91,-0.703844311761], [76,91,0.000162186147], [78,91,0.707333067577], [90,91,0.709879792813], [91,91,2.000000000000], [92,91,0.710025105158], [110,91,0.708665637330], [75,92,-0.712930429643], [77,92,-0.999971080917], [78,92,0.999992720498], [88,92,-0.003829071440], [90,92,-0.008064970370], [91,92,0.710025105158], [92,92,2.000000000000], [93,92,0.999999580399], [110,92,0.006342647284], [75,93,-0.712287743518], [77,93,-0.999977628193], [88,93,-0.002912996790], [90,93,-0.007148917020], [92,93,0.999999580399], [93,93,2.000000000000], [113,93,0.706633258145], [128,93,-0.001965760153], [129,93,-0.000579105314], [82,94,0.704842015499], [85,94,-0.005408941172], [86,94,-0.712445282408], [94,94,2.000000000000], [95,94,-0.008170764521], [96,94,0.702076995895], [97,94,0.999991304201], [99,94,-0.702235966211], [100,94,0.001189774973], [94,95,-0.008170764521], [95,95,2.000000000000], [96,95,0.706340763833], [115,95,0.000894623834], [116,95,-0.703059594291], [94,96,0.702076995895], [95,96,0.706340763833], [96,96,2.000000000000], [115,96,0.707239777046], [117,96,-0.002430976431], [118,96,-0.715152491105], [119,96,-0.999955810247], [82,97,0.707794158519], [84,97,0.707729977317], [85,97,-0.001238640796], [86,97,-0.709512662168], [94,97,0.999991304201], [97,97,2.000000000000], [98,97,0.999999942037], [99,97,-0.705198891123], [100,97,-0.002980546767], [84,98,0.707489392720], [97,98,0.999999942037], [98,98,2.000000000000], [101,98,-0.999993617561], [102,98,-0.999999509852], [103,98,0.002356582617], [104,98,0.001168335588], [82,99,-0.999993276165], [85,99,-0.708135505275], [86,99,0.000713707109], [87,99,0.707837629702], [94,99,-0.702235966211], [97,99,-0.705198891123], [99,99,2.000000000000], [100,99,0.711108266252], [103,99,0.707104993526], [105,99,0.004746046239], [123,99,-0.999976330570], [82,100,-0.708525210798], [85,100,-0.999991099221], [86,100,-0.702574820567], [94,100,0.001189774973], [97,100,-0.002980546767], [99,100,0.711108266252], [100,100,2.000000000000], [119,100,0.704625652730], [121,100,0.999986384165], [131,100,0.002808122884], [133,100,-0.002535181744], [134,100,-0.004062959047], [98,101,-0.999993617561], [101,101,2.000000000000], [102,101,0.999989589999], [103,101,-0.005929348815], [104,101,-0.004741116851], [105,101,0.707941233631], [106,101,-0.702668722376], [98,102,-0.999999509852], [101,102,0.999989589999], [102,102,2.000000000000], [103,102,-0.001366485103], [104,102,-0.000178236583], [107,102,0.705662811742], [108,102,0.000870706240], [109,102,-0.709557493236], [87,103,0.999999462690], [98,103,0.002356582617], [99,103,0.707104993526], [101,103,-0.005929348815], [102,103,-0.001366485103], [103,103,2.000000000000], [104,103,0.999999294032], [105,103,0.710456557998], [123,103,-0.702223149355], [98,104,0.001168335588], [101,104,-0.004741116851], [102,104,-0.000178236583], [103,104,0.999999294032], [104,104,2.000000000000], [122,104,0.708311281118], [132,104,-0.004460564463], [133,104,-0.001954181662], [135,104,-0.001080314227], [87,105,0.709726651043], [99,105,0.004746046239], [101,105,0.707941233631], [103,105,0.710456557998], [105,105,2.000000000000], [106,105,0.005076016717], [123,105,0.002134272080], [89,106,0.708701801104], [101,106,-0.702668722376], [105,106,0.005076016717], [106,106,2.000000000000], [108,106,0.707688649857], [111,106,0.004879120566], [124,106,0.705569178970], [128,106,-0.701444098013], [102,107,0.705662811742], [107,107,2.000000000000], [108,107,0.709161964360], [109,107,-0.001431861833], [124,107,0.706001564741], [125,107,0.708547855055], [126,107,-0.708189140917], [127,107,0.000801819321], [89,108,0.999998970352], [102,108,0.000870706240], [106,108,0.707688649857], [107,108,0.709161964360], [108,108,2.000000000000], [109,108,0.704029462549], [111,108,0.709968921810], [124,108,-0.001348914602], [128,108,0.007153229182], [102,109,-0.709557493236], [107,109,-0.001431861833], [108,109,0.704029462549], [109,109,2.000000000000], [112,109,0.706984967805], [125,109,0.706676583671], [129,109,-0.706099099468], [78,110,0.002527058518], [91,110,0.708665637330], [92,110,0.006342647284], [110,110,2.000000000000], [111,110,-0.704063248044], [112,110,0.004409382024], [113,110,0.711404173154], [114,110,0.002713191794], [89,111,0.708957599125], [106,111,0.004879120566], [108,111,0.709968921810], [110,111,-0.704063248044], [111,111,2.000000000000], [112,111,0.707025883021], [113,111,-0.001801052060], [114,111,0.708224397922], [124,111,-0.705190055105], [128,111,0.709293561200], [109,112,0.706984967805], [110,112,0.004409382024], [111,112,0.707025883021], [112,112,2.000000000000], [113,112,0.705913132690], [114,112,0.999998561451], [125,112,-0.000780461462], [129,112,0.001596318279], [93,113,0.706633258145], [110,113,0.711404173154], [111,113,-0.001801052060], [112,113,0.705913132690], [113,113,2.000000000000], [114,113,0.704710701156], [128,113,0.706189548717], [129,113,0.707170653617], [110,114,0.002713191794], [111,114,0.708224397922], [112,114,0.999998561451], [113,114,0.704710701156], [114,114,2.000000000000], [95,115,0.000894623834], [96,115,0.707239777046], [115,115,2.000000000000], [116,115,0.710501676666], [117,115,0.705252388093], [118,115,-0.011631924628], [119,115,-0.713854737728], [95,116,-0.703059594291], [115,116,0.710501676666], [116,116,2.000000000000], [118,116,0.711912402379], [120,116,-0.000310954436], [130,116,0.711884138361], [132,116,-0.706225912882], [96,117,-0.002430976431], [115,117,0.705252388093], [117,117,2.000000000000], [118,117,0.700704918092], [119,117,-0.006970036893], [130,117,0.703856843344], [131,117,0.707572786645], [96,118,-0.715152491105], [115,118,-0.011631924628], [116,118,0.711912402379], [117,118,0.700704918092], [118,118,2.000000000000], [119,118,0.708549932514], [120,118,0.702046869631], [130,118,0.013598295122], [132,118,-0.005574489954], [96,119,-0.999955810247], [100,119,0.704625652730], [115,119,-0.713854737728], [117,119,-0.006970036893], [118,119,0.708549932514], [119,119,2.000000000000], [121,119,0.700913204869], [131,119,0.711555111836], [133,119,-0.711363307937], [134,119,-0.712436242542], [116,120,-0.000310954436], [118,120,0.702046869631], [120,120,2.000000000000], [121,120,0.709671520831], [122,120,0.004609521492], [130,120,-0.702518256489], [132,120,0.708206123378], [100,121,0.999986384165], [119,121,0.700913204869], [120,121,0.709671520831], [121,121,2.000000000000], [122,121,0.707796466318], [131,121,-0.002410274368], [133,121,0.002683215597], [134,121,0.001155432794], [104,122,0.708311281118], [120,122,0.004609521492], [121,122,0.707796466318], [122,122,2.000000000000], [132,122,0.702733735298], [133,122,0.704514709209], [135,122,-0.706665012815], [87,123,-0.702960814137], [99,123,-0.999976330570], [103,123,-0.702223149355], [105,123,0.002134272080], [123,123,2.000000000000], [126,123,0.703556567352], [134,123,0.710822145353], [135,123,0.711881116528], [89,124,0.000086110046], [106,124,0.705569178970], [107,124,0.706001564741], [108,124,-0.001348914602], [111,124,-0.705190055105], [124,124,2.000000000000], [125,124,0.999993513303], [126,124,0.000029931414], [127,124,0.708776130895], [128,124,-0.999983154662], [107,125,0.708547855055], [109,125,0.706676583671], [112,125,-0.000780461462], [124,125,0.999993513303], [125,125,2.000000000000], [126,125,-0.003571922676], [127,125,0.70623066