{
"N": {
"shape": [192, 154],
"data": [[0,0,-0.999999747393], [1,0,0.000710783948], [48,0,0.999999747393], [49,0,-0.000710783948], [3,1,-0.708510455747], [4,1,0.705700314650], [24,1,0.708510455747], [25,1,-0.705700314650], [3,2,-0.999999775522], [4,2,0.000670041028], [51,2,0.999999775522], [52,2,-0.000670041028], [6,3,-0.999980013204], [7,3,0.006322435697], [30,3,0.999980013204], [31,3,-0.006322435697], [6,4,-0.709911657668], [7,4,-0.704290734219], [33,4,0.709911657668], [34,4,0.704290734219], [6,5,-0.999995550395], [7,5,0.002983151220], [54,5,0.999995550395], [55,5,-0.002983151220], [9,6,-0.000373206294], [10,6,-0.999999930359], [15,6,0.000373206294], [16,6,0.999999930359], [12,7,0.007701873548], [13,7,-0.999970340132], [15,7,-0.007701873548], [16,7,0.999970340132], [12,8,-0.000496163019], [13,8,-0.999999876911], [18,8,0.000496163019], [19,8,0.999999876911], [12,9,-0.999994501131], [13,9,0.003316279169], [36,9,0.999994501131], [37,9,-0.003316279169], [12,10,-0.704544369786], [13,10,-0.709659940396], [39,10,0.704544369786], [40,10,0.709659940396], [12,11,-0.999999451294], [13,11,0.001047574032], [60,11,0.999999451294], [61,11,-0.001047574032], [15,12,-0.709382441866], [16,12,0.704823773133], [36,12,0.709382441866], [37,12,-0.704823773133], [15,13,-0.999975824196], [16,13,-0.006953489998], [39,13,0.999975824196], [40,13,0.006953489998], [18,14,0.005021351691], [19,14,-0.999987392934], [21,14,-0.005021351691], [22,14,0.999987392934], [18,15,-0.999999716065], [19,15,-0.000753571959], [66,15,0.999999716065], [67,15,0.000753571959], [21,16,-0.705179803108], [22,16,0.709028522197], [42,16,0.705179803108], [43,16,-0.709028522197], [24,17,-0.000726377090], [25,17,-0.999999736188], [27,17,0.000726377090], [28,17,0.999999736188], [24,18,-0.001345096323], [25,18,-0.999999095358], [30,18,0.001345096323], [31,18,0.999999095358], [24,19,-0.999995559922], [25,19,0.002979955739], [48,19,0.999995559922], [49,19,-0.002979955739], [24,20,-0.711059759344], [25,20,-0.703131579892], [51,20,0.711059759344], [52,20,0.703131579892], [24,21,-0.999997749336], [25,21,0.002121632061], [72,21,0.999997749336], [73,21,-0.002121632061], [27,22,-0.000524373957], [28,22,-0.999999862516], [33,22,0.000524373957], [34,22,0.999999862516], [27,23,-0.709412556044], [28,23,0.704793462887], [48,23,0.709412556044], [49,23,-0.704793462887], [27,24,-0.999999908287], [28,24,0.000428282522], [51,24,0.999999908287], [52,24,-0.000428282522], [27,25,-0.705987582233], [28,25,-0.708224211484], [54,25,0.705987582233], [55,25,0.708224211484], [27,26,-0.999995653121], [28,26,-0.002948514582], [75,26,0.999995653121], [76,26,0.002948514582], [30,27,0.000909313498], [31,27,-0.999999586574], [33,27,-0.000909313498], [34,27,0.999999586574], [30,28,0.001186483385], [31,28,-0.999999296128], [36,28,-0.001186483385], [37,28,0.999999296128], [30,29,-0.707247980269], [31,29,0.706965553903], [51,29,0.707247980269], [52,29,-0.706965553903], [30,30,-0.999999926464], [31,30,-0.000383499659], [54,30,0.999999926464], [55,30,0.000383499659], [30,31,-0.704788517447], [31,31,-0.709417469249], [57,31,0.704788517447], [58,31,0.709417469249], [30,32,-0.999991851899], [31,32,-0.004036847355], [78,32,0.999991851899], [79,32,0.004036847355], [33,33,-0.705571294175], [34,33,0.708638941095], [54,33,0.705571294175], [55,33,-0.708638941095], [33,34,-0.705314208789], [34,34,-0.708894820746], [60,34,0.705314208789], [61,34,0.708894820746], [36,35,0.002339855511], [37,35,-0.999997262534], [39,35,-0.002339855511], [40,35,0.999997262534], [36,36,-0.707687835333], [37,36,-0.706525249175], [63,36,0.707687835333], [64,36,0.706525249175], [39,37,-0.999999976411], [40,37,-0.000217203831], [63,37,0.999999976411], [64,37,0.000217203831], [42,38,-0.710291742705], [43,38,0.703907408858], [63,38,0.710291742705], [64,38,-0.703907408858], [42,39,-0.999998836859], [43,39,-0.001525214801], [66,39,0.999998836859], [67,39,0.001525214801], [42,40,-0.709769502807], [43,40,-0.704433994698], [69,40,0.709769502807], [70,40,0.704433994698], [42,41,-0.999999976870], [43,41,-0.000215081151], [90,41,0.999999976870], [91,41,0.000215081151], [45,42,-0.709628806886], [46,42,0.704575727965], [66,42,0.709628806886], [67,42,-0.704575727965], [48,43,-0.000526051685], [49,43,-0.999999861635], [51,43,0.000526051685], [52,43,0.999999861635], [48,44,0.002526136949], [49,44,-0.999996809311], [54,44,-0.002526136949], [55,44,0.999996809311], [48,45,-0.705948891268], [49,45,-0.708262778153], [75,45,0.705948891268], [76,45,0.708262778153], [51,46,0.005561477261], [52,46,-0.999984534866], [54,46,-0.005561477261], [55,46,0.999984534866], [51,47,0.000264399809], [52,47,-0.999999965046], [57,47,-0.000264399809], [58,47,0.999999965046], [51,48,-0.702939397749], [52,48,-0.711249747341], [78,48,0.702939397749], [79,48,0.711249747341], [57,49,0.000399344710], [58,49,-0.999999920262], [60,49,-0.000399344710], [61,49,0.999999920262], [57,50,-0.001183070547], [58,50,-0.999999300172], [63,50,0.001183070547], [64,50,0.999999300172], [57,51,-0.706552596325], [58,51,0.707660532054], [78,51,0.706552596325], [79,51,-0.707660532054], [57,52,-0.999999730412], [58,52,-0.000734285546], [81,52,0.999999730412], [82,52,0.000734285546], [57,53,-0.709104415614], [58,53,-0.705103487267], [84,53,0.709104415614], [85,53,0.705103487267], [57,54,-0.999999512873], [58,54,0.000987042440], [105,54,0.999999512873], [106,54,-0.000987042440], [60,55,-0.708064606448], [61,55,0.706147656723], [81,55,0.708064606448], [82,55,-0.706147656723], [60,56,-0.999979414516], [61,56,0.006416427621], [84,56,0.999979414516], [85,56,-0.006416427621], [60,57,-0.707911151774], [61,57,-0.706301494544], [87,57,0.707911151774], [88,57,0.706301494544], [66,58,-0.000650785176], [67,58,-0.999999788239], [69,58,0.000650785176], [70,58,0.999999788239], [66,59,-0.999999396792], [67,59,0.001098369229], [90,59,0.999999396792], [91,59,-0.001098369229], [69,60,-0.708575499102], [70,60,0.705635006269], [90,60,0.708575499102], [91,60,-0.705635006269], [69,61,-0.999999869781], [70,61,-0.000510331403], [93,61,0.999999869781], [94,61,0.000510331403], [69,62,-0.999995124665], [70,62,-0.003122602404], [117,62,0.999995124665], [118,62,0.003122602404], [72,63,0.004076587037], [73,63,-0.999991690685], [75,63,-0.004076587037], [76,63,0.999991690685], [72,64,-0.704491741231], [73,64,-0.709712185705], [99,64,0.704491741231], [100,64,0.709712185705], [75,65,-0.999997976482], [76,65,-0.002011723842], [99,65,0.999997976482], [100,65,0.002011723842], [78,66,-0.004246698279], [79,66,-0.999990982736], [81,66,0.004246698279], [82,66,0.999990982736], [78,67,-0.000949070624], [79,67,-0.999999549632], [84,67,0.000949070624], [85,67,0.999999549632], [81,68,0.000079655439], [82,68,-0.999999996828], [87,68,-0.000079655439], [88,68,0.999999996828], [81,69,-0.704913202568], [82,69,0.709293575923], [102,69,0.704913202568], [103,69,-0.709293575923], [81,70,-0.999996299365], [82,70,0.002720525135], [105,70,0.999996299365], [106,70,-0.002720525135], [81,71,-0.999999087987], [82,71,0.001350564618], [129,71,0.999999087987], [130,71,-0.001350564618], [84,72,-0.002181953882], [85,72,-0.999997619536], [87,72,0.002181953882], [88,72,0.999997619536], [84,73,-0.707585018603], [85,73,0.706628220105], [105,73,0.707585018603], [106,73,-0.706628220105], [87,74,-0.704262988433], [88,74,0.709939182693], [108,74,0.704262988433], [109,74,-0.709939182693], [87,75,-0.999992153175], [88,75,0.003961513411], [111,75,0.999992153175], [112,75,-0.003961513411], [87,76,-0.999999616337], [88,76,-0.000875971268], [135,76,0.999999616337], [136,76,0.000875971268], [90,77,-0.001092216786], [91,77,-0.999999403531], [93,77,0.001092216786], [94,77,0.999999403531], [90,78,-0.708506610389], [91,78,-0.705704175299], [117,78,0.708506610389], [118,78,0.705704175299], [93,79,-0.707652018923], [94,79,0.706561122702], [114,79,0.707652018923], [115,79,-0.706561122702], [93,80,-0.999983614186], [94,80,-0.005724627508], [117,80,0.999983614186], [118,80,0.005724627508], [93,81,-0.999996826615], [94,81,-0.002519277810], [141,81,0.999996826615], [142,81,0.002519277810], [96,82,0.004530157110], [97,82,-0.999989738786], [99,82,-0.004530157110], [100,82,0.999989738786], [96,83,-0.999997427848], [97,83,-0.002268104236], [120,83,0.999997427848], [121,83,0.002268104236], [102,84,-0.000764744675], [103,84,-0.999999707583], [105,84,0.000764744675], [106,84,0.999999707583], [102,85,-0.001572782115], [103,85,-0.999998763177], [108,85,0.001572782115], [109,85,0.999998763177], [102,86,-0.999999909743], [103,86,0.000424869294], [126,86,0.999999909743], [127,86,-0.000424869294], [102,87,-0.711173425220], [103,87,-0.703016613787], [129,87,0.711173425220], [130,87,0.703016613787], [105,88,-0.002381518052], [106,88,-0.999997164182], [108,88,0.002381518052], [109,88,0.999997164182], [105,89,-0.001316363795], [106,89,-0.999999133593], [111,89,0.001316363795], [112,89,0.999999133593], [105,90,-0.708778142597], [106,90,0.705431459872], [126,90,0.708778142597], [127,90,-0.705431459872], [105,91,-0.999999999999], [106,91,-0.000001034794], [129,91,0.999999999999], [130,91,0.000001034794], [108,92,-0.000256285708], [109,92,-0.999999967159], [111,92,0.000256285708], [112,92,0.999999967159], [108,93,-0.710384585051], [109,93,0.703813712087], [129,93,0.710384585051], [130,93,-0.703813712087], [108,94,-0.999970514591], [109,94,-0.007679189318], [132,94,0.999970514591], [133,94,0.007679189318], [108,95,-0.704470165388], [109,95,-0.709733602190], [135,95,0.704470165388], [136,95,0.709733602190], [108,96,-0.999999893227], [109,96,0.000462109301], [156,96,0.999999893227], [157,96,-0.000462109301], [111,97,-0.711490101672], [112,97,0.702696118691], [132,97,0.711490101672], [133,97,-0.702696118691], [111,98,-0.999983728318], [112,98,-0.005704655978], [135,98,0.999983728318], [136,98,0.005704655978], [111,99,-0.708039821572], [112,99,-0.706172508009], [138,99,0.708039821572], [139,99,0.706172508009], [111,100,-0.999994385626], [112,100,-0.003350927746], [159,100,0.999994385626], [160,100,0.003350927746], [114,101,-0.000591303482], [115,101,-0.999999825180], [117,101,0.000591303482], [118,101,0.999999825180], [114,102,-0.999989227783], [115,102,-0.004641585657], [138,102,0.999989227783], [139,102,0.004641585657], [114,103,-0.703610714246], [115,103,-0.710585647757], [141,103,0.703610714246], [142,103,0.710585647757], [114,104,-0.999991658820], [115,104,-0.004084395873], [162,104,0.999991658820], [163,104,0.004084395873], [117,105,-0.999999747565], [118,105,0.000710541312], [141,105,0.999999747565], [142,105,-0.000710541312], [120,106,-0.999998365588], [121,106,0.001807988374], [168,106,0.999998365588], [169,106,-0.001807988374], [123,107,-0.000028841401], [124,107,-0.999999999584], [129,107,0.000028841401], [130,107,0.999999999584], [123,108,-0.707458855772], [124,108,0.706754531213], [144,108,0.707458855772], [145,108,-0.706754531213], [123,109,-0.704769581434], [124,109,-0.709436281202], [150,109,0.704769581434], [151,109,0.709436281202], [123,110,-0.999995053988], [124,110,0.003145154926], [171,110,0.999995053988], [172,110,-0.003145154926], [126,111,-0.005662799032], [127,111,-0.999983966225], [129,111,0.005662799032], [130,111,0.999983966225], [126,112,-0.003040483900], [127,112,-0.999995377718], [132,112,0.003040483900], [133,112,0.999995377718], [132,113,0.006735413795], [133,113,-0.999977316843], [135,113,-0.006735413795], [136,113,0.999977316843], [132,114,-0.000083766316], [133,114,-0.999999996492], [138,114,0.000083766316], [139,114,0.999999996492], [132,115,-0.706832548969], [133,115,-0.707380907092], [159,115,0.706832548969], [160,115,0.707380907092], [132,116,-0.999999622391], [133,116,0.000869032489], [180,116,0.999999622391], [181,116,-0.000869032489], [135,117,-0.006912866477], [136,117,-0.999976105853], [138,117,0.006912866477], [139,117,0.999976105853], [135,118,-0.000913879356], [136,118,-0.999999582412], [141,118,0.000913879356], [142,118,0.999999582412], [135,119,-0.999999486456], [136,119,-0.001013452907], [159,119,0.999999486456], [160,119,0.001013452907], [135,120,-0.999999769636], [136,120,-0.000678769211], [183,120,0.999999769636], [184,120,0.000678769211], [138,121,0.005056143669], [139,121,-0.999987217624], [141,121,-0.005056143669], [142,121,0.999987217624], [138,122,-0.999993796576], [139,122,-0.003522330025], [162,122,0.999993796576], [163,122,0.003522330025], [141,123,-0.707006066873], [142,123,0.707207481157], [162,123,0.707006066873], [163,123,-0.707207481157], [144,124,0.000378988732], [145,124,-0.999999928184], [147,124,-0.000378988732], [148,124,0.999999928184], [144,125,0.004165483476], [145,125,-0.999991324336], [150,125,-0.004165483476], [151,125,0.999991324336], [144,126,-0.999984912882], [145,126,0.005493087311], [168,126,0.999984912882], [169,126,-0.005493087311], [144,127,-0.707595056887], [145,127,-0.706618168086], [171,127,0.707595056887], [172,127,0.706618168086], [147,128,0.007965071110], [148,128,-0.999968278318], [150,128,-0.007965071110], [151,128,0.999968278318], [147,129,-0.702917745409], [148,129,0.711271146040], [168,129,0.702917745409], [169,129,-0.711271146040], [147,130,-0.999970489751], [148,130,0.007682423218], [171,130,0.999970489751], [172,130,-0.007682423218], [147,131,-0.709208674304], [148,131,-0.704998621483], [174,131,0.709208674304], [175,131,0.704998621483], [150,132,-0.706368595746], [151,132,0.707844196800], [171,132,0.706368595746], [172,132,-0.707844196800], [150,133,-0.999994053721], [151,133,0.003448553587], [174,133,0.999994053721], [175,133,-0.003448553587], [153,134,0.005228689217], [154,134,-0.999986330311], [156,134,-0.005228689217], [157,134,0.999986330311], [153,135,0.000976634906], [154,135,-0.999999523092], [159,135,-0.000976634906], [160,135,0.999999523092], [153,136,-0.705794861980], [154,136,0.708416270848], [174,136,0.705794861980], [175,136,-0.708416270848], [153,137,-0.999996992899], [154,137,0.002452385267], [177,137,0.999996992899], [178,137,-0.002452385267], [153,138,-0.702670351216], [154,138,-0.711515549740], [180,138,0.702670351216], [181,138,0.711515549740], [156,139,-0.003224679807], [157,139,-0.999994800707], [159,139,0.003224679807], [160,139,0.999994800707], [156,140,-0.706606713409], [157,140,0.707606495564], [177,140,0.706606713409], [178,140,-0.707606495564], [156,141,-0.999975883981], [157,141,-0.006944887022], [180,141,0.999975883981], [181,141,0.006944887022], [156,142,-0.703481700598], [157,142,-0.710713371849], [183,142,0.703481700598], [184,142,0.710713371849], [159,143,-0.704006265636], [160,143,0.710193760846], [180,143,0.704006265636], [181,143,-0.710193760846], [159,144,-0.999999942009], [160,144,-0.000340560692], [183,144,0.999999942009], [184,144,0.000340560692], [162,145,-0.005960187007], [163,145,-0.999982237928], [165,145,0.005960187007], [166,145,0.999982237928], [162,146,-0.711272051096], [163,146,-0.702916829597], [189,146,0.711272051096], [190,146,0.702916829597], [165,147,-0.706987553014], [166,147,0.707225989259], [186,147,0.706987553014], [187,147,-0.707225989259], [165,148,-0.999999899301], [166,148,0.000448774758], [189,148,0.999999899301], [190,148,-0.000448774758], [168,149,-0.000466718226], [169,149,-0.999999891087], [171,149,0.000466718226], [172,149,0.999999891087], [168,150,-0.002660398050], [169,150,-0.999996461135], [174,150,0.002660398050], [175,150,0.999996461135], [180,151,-0.002461169101], [181,151,-0.999996971319], [183,151,0.002461169101], [184,151,0.999996971319], [183,152,-0.003067057585], [184,152,-0.999995296568], [189,152,0.003067057585], [190,152,0.999995296568], [186,153,-0.005967777879], [187,153,-0.999982192655], [189,153,0.005967777879], [190,153,0.999982192655], ]
},
"Q": {
"shape": [154, 154],
"data": [[0,0,2.000000000000], [19,0,0.999997425421], [23,0,0.709913332721], [43,0,0.000184732297], [44,0,0.003236917991], [45,0,-0.705445291127], [1,1,2.000000000000], [2,1,0.708983144867], [17,1,0.705185482715], [18,1,0.704746661435], [19,1,-0.710610265608], [20,1,-0.007593096986], [21,1,-0.710006097541], [1,2,0.708983144867], [2,2,2.000000000000], [20,2,0.710588472720], [24,2,0.999999970776], [29,2,0.707721517435], [43,2,-0.000143989368], [46,2,0.006231506679], [47,2,0.000934440754], [48,2,-0.702462673443], [3,3,2.000000000000], [4,3,0.705444635930], [5,3,0.999994424469], [18,3,-0.004977360539], [27,3,0.007231728407], [28,3,0.007508890918], [29,3,-0.711703588902], [30,3,-0.999977515017], [31,3,-0.700289184651], [32,3,-0.999946342557], [3,4,0.705444635930], [4,4,2.000000000000], [5,4,0.707807493079], [22,4,0.704662896576], [27,4,0.703644910794], [33,4,-0.001805446931], [34,4,-0.999978832926], [3,5,0.999994424469], [4,5,0.707807493079], [5,5,2.000000000000], [25,5,0.703871700947], [30,5,0.999994332821], [33,5,0.707682131783], [44,5,-0.005509267410], [46,5,-0.008544557600], [6,6,2.000000000000], [7,6,0.999967396105], [12,6,0.704558978055], [13,6,-0.007326686786], [6,7,0.999967396105], [7,7,2.000000000000], [8,7,0.999966395662], [9,7,-0.011018012005], [10,7,0.704212580330], [11,7,-0.008749412283], [12,7,0.710266442017], [13,7,0.000748403590], [7,8,0.999966395662], [8,8,2.000000000000], [9,8,-0.002820118470], [10,8,0.710009421906], [11,8,-0.000551411156], [14,8,-0.999984778438], [15,8,-0.001249734745], [7,9,-0.011018012005], [8,9,-0.002820118470], [9,9,2.000000000000], [10,9,0.702187065112], [11,9,0.999997426476], [12,9,0.711715933461], [28,9,-0.004502753696], [35,9,0.005656112735], [36,9,-0.705340908884], [7,10,0.704212580330], [8,10,0.710009421906], [9,10,0.702187065112], [10,10,2.000000000000], [11,10,0.703800561874], [13,10,0.709461950158], [35,10,0.708009465699], [37,10,-0.704698494025], [7,11,-0.008749412283], [8,11,-0.000551411156], [9,11,0.999997426476], [10,11,0.703800561874], [11,11,2.000000000000], [34,11,0.704571201973], [49,11,-0.001446918439], [55,11,-0.708803959877], [56,11,-0.999985587505], [57,11,-0.707170860234], [6,12,0.704558978055], [7,12,0.710266442017], [9,12,0.711715933461], [12,12,2.000000000000], [13,12,0.704464306918], [28,12,-0.705664947508], [35,12,0.706481696118], [36,12,-0.004045532770], [6,13,-0.007326686786], [7,13,0.000748403590], [10,13,0.709461950158], [12,13,0.704464306918], [13,13,2.000000000000], [35,13,0.004613672020], [37,13,-0.999977310933], [8,14,-0.999984778438], [14,14,2.000000000000], [15,14,-0.004267787806], [16,14,0.712560539224], [8,15,-0.001249734745], [14,15,-0.004267787806], [15,15,2.000000000000], [39,15,0.999999702283], [42,15,0.709097656885], [58,15,-0.001404356791], [59,15,-0.999998285157], [14,16,0.712560539224], [16,16,2.000000000000], [38,16,-0.999973821136], [39,16,-0.704097562088], [40,16,-0.001051323996], [41,16,-0.705027288126], [1,17,0.705185482715], [17,17,2.000000000000], [18,17,0.999999808593], [19,17,-0.002253581088], [20,17,0.703647891916], [21,17,-0.001395256046], [22,17,-0.999999979597], [23,17,0.704277975925], [24,17,-0.000298094614], [25,17,-0.708736837852], [26,17,-0.003674887737], [1,18,0.704746661435], [3,18,-0.004977360539], [17,18,0.999999808593], [18,18,2.000000000000], [19,18,-0.001634862693], [20,18,0.704087387677], [21,18,-0.000776536847], [27,18,-0.999997458818], [28,18,-0.999996795552], [29,18,0.706013597694], [30,18,-0.001728595536], [31,18,-0.710364835922], [32,18,-0.005381929066], [0,19,0.999997425421], [1,19,-0.710610265608], [17,19,-0.002253581088], [18,19,-0.001634862693], [19,19,2.000000000000], [20,19,0.708961301196], [21,19,0.999999631638], [23,19,0.711509659521], [43,19,0.002453905977], [44,19,0.005506071964], [45,19,-0.703835165070], [1,20,-0.007593096986], [2,20,0.710588472720], [17,20,0.703647891916], [18,20,0.704087387677], [19,20,0.708961301196], [20,20,2.000000000000], [21,20,0.709566372484], [24,20,0.710758555164], [29,20,0.005805771802], [43,20,0.703505536788], [46,20,-0.699166163185], [47,20,-0.702943551251], [48,20,-0.999934077542], [1,21,-0.710006097541], [17,21,-0.001395256046], [18,21,-0.000776536847], [19,21,0.999999631638], [20,21,0.709566372484], [21,21,2.000000000000], [63,21,0.006198192294], [64,21,-0.702984407529], [4,22,0.704662896576], [17,22,-0.999999979597], [22,22,2.000000000000], [23,22,-0.704421368519], [24,22,0.000096091446], [25,22,0.708594315617], [26,22,0.003472885855], [27,22,0.999998972270], [33,22,0.708268860456], [34,22,-0.709264571687], [0,23,0.709913332721], [17,23,0.704277975925], [19,23,0.711509659521], [22,23,-0.704421368519], [23,23,2.000000000000], [24,23,0.709714341703], [25,23,0.001684660735], [26,23,0.707331378511], [43,23,0.704420177697], [44,23,0.706583287380], [45,23,-0.001630031343], [2,24,0.999999970776], [17,24,-0.000298094614], [20,24,0.710758555164], [22,24,0.000096091446], [23,24,0.709714341703], [24,24,2.000000000000], [25,24,0.705684197433], [26,24,0.999994298612], [29,24,0.707550696396], [43,24,0.000097769174], [46,24,0.005989752650], [47,24,0.000692682292], [48,24,-0.702634717444], [5,25,0.703871700947], [17,25,-0.708736837852], [22,25,0.708594315617], [23,25,0.001684660735], [24,25,0.705684197433], [25,25,2.000000000000], [26,25,0.708072722806], [30,25,0.706259134061], [33,25,-0.003750683216], [44,25,0.706438530444], [46,25,0.704286924816], [17,26,-0.003674887737], [22,26,0.003472885855], [23,26,0.707331378511], [24,26,0.999994298612], [25,26,0.708072722806], [26,26,2.000000000000], [45,26,0.708034145724], [63,26,-0.001128079235], [65,26,-0.999999561209], [3,27,0.007231728407], [4,27,0.703644910794], [18,27,-0.999997458818], [22,27,0.999998972270], [27,27,2.000000000000], [28,27,0.999999961588], [29,27,-0.707608371760], [30,27,-0.000525813931], [31,27,0.708776302245], [32,27,0.003127539597], [33,27,0.709280233627], [34,27,-0.708253175940], [3,28,0.007508890918], [9,28,-0.004502753696], [12,28,-0.705664947508], [18,28,-0.999996795552], [27,28,0.999999961588], [28,28,2.000000000000], [29,28,-0.707804194268], [30,28,-0.000802983909], [31,28,0.708580750044], [32,28,0.002850370796], [35,28,-0.999999334864], [36,28,-0.705685092013], [2,29,0.707721517435], [3,29,-0.711703588902], [18,29,0.706013597694], [20,29,0.005805771802], [24,29,0.707550696396], [27,29,-0.707608371760], [28,29,-0.707804194268], [29,29,2.000000000000], [30,29,0.706976807212], [31,29,-0.003073458614], [32,29,0.704388305515], [43,29,-0.706593407091], [46,29,0.710887964146], [47,29,0.707152525423], [48,29,0.005676602282], [3,30,-0.999977515017], [5,30,0.999994332821], [18,30,-0.001728595536], [25,30,0.706259134061], [27,30,-0.000525813931], [28,30,-0.000802983909], [29,30,0.706976807212], [30,30,2.000000000000], [31,30,0.705060526977], [32,30,0.999993326493], [33,30,0.705299479498], [44,30,-0.002142638328], [46,30,-0.005177983124], [3,31,-0.700289184651], [18,31,-0.710364835922], [27,31,0.708776302245], [28,31,0.708580750044], [29,31,-0.003073458614], [30,31,0.705060526977], [31,31,2.000000000000], [32,31,0.707646584793], [47,31,0.709231098502], [49,31,-0.709135959115], [50,31,-0.710250787315], [51,31,0.004056586874], [52,31,-0.705309242438], [53,31,-0.999981381291], [54,31,-0.704087948976], [3,32,-0.999946342557], [18,32,-0.005381929066], [27,32,0.003127539597], [28,32,0.002850370796], [29,32,0.704388305515], [30,32,0.999993326493], [31,32,0.707646584793], [32,32,2.000000000000], [48,32,0.705804876789], [51,32,0.703690121716], [66,32,-0.008283474630], [67,32,-0.004985908428], [4,33,-0.001805446931], [5,33,0.707682131783], [22,33,0.708268860456], [25,33,-0.003750683216], [27,33,0.709280233627], [30,33,0.705299479498], [33,33,2.000000000000], [34,33,-0.004701016025], [44,33,-0.710419049765], [46,33,-0.712552000607], [4,34,-0.999978832926], [11,34,0.704571201973], [22,34,-0.709264571687], [27,34,-0.708253175940], [33,34,-0.004701016025], [34,34,2.000000000000], [49,34,0.708613100722], [55,34,0.001176388864], [56,34,-0.700751117247], [57,34,-0.999993265273], [9,35,0.005656112735], [10,35,0.708009465699], [12,35,0.706481696118], [13,35,0.004613672020], [28,35,-0.999999334864], [35,35,2.000000000000], [36,35,0.704867427805], [37,35,0.002122652220], [9,36,-0.705340908884], [12,36,-0.004045532770], [28,36,-0.705685092013], [35,36,0.704867427805], [36,36,2.000000000000], [37,36,0.707841278630], [38,36,0.005336468410], [50,36,0.707361999363], [10,37,-0.704698494025], [13,37,-0.999977310933], [35,37,0.002122652220], [36,37,0.707841278630], [37,37,2.000000000000], [38,37,0.710138834564], [50,37,0.001400274197], [16,38,-0.999973821136], [36,38,0.005336468410], [37,38,0.710138834564], [38,38,2.000000000000], [39,38,0.709217306537], [40,38,0.008287109148], [41,38,0.710140329060], [50,38,-0.703066591003], [15,39,0.999999702283], [16,39,-0.704097562088], [38,39,0.709217306537], [39,39,2.000000000000], [40,39,0.710843090400], [41,39,0.999999141774], [42,39,0.708553352159], [58,39,-0.002175998897], [59,39,-0.999996558403], [16,40,-0.001051323996], [38,40,0.008287109148], [39,40,0.710843090400], [40,40,2.000000000000], [41,40,0.709920996864], [58,40,0.704895752997], [60,40,-0.005851993434], [61,40,-0.710128905170], [62,40,-0.711965709728], [16,41,-0.705027288126], [38,41,0.710140329060], [39,41,0.999999141774], [40,41,0.709920996864], [41,41,2.000000000000], [59,41,0.999999137424], [60,41,0.708423713923], [77,41,-0.001307297784], [78,41,-0.708658377668], [15,42,0.709097656885], [39,42,0.708553352159], [42,42,2.000000000000], [58,42,0.704113762856], [59,42,-0.710402263131], [0,43,0.000184732297], [2,43,-0.000143989368], [19,43,0.002453905977], [20,43,0.703505536788], [23,43,0.704420177697], [24,43,0.000097769174], [29,43,-0.706593407091], [43,43,2.000000000000], [44,43,0.999995342068], [45,43,0.708634045758], [46,43,-0.999981470878], [47,43,-0.999999687593], [48,43,-0.711619431384], [0,44,0.003236917991], [5,44,-0.005509267410], [19,44,0.005506071964], [23,44,0.706583287380], [25,44,0.706438530444], [30,44,-0.002142638328], [33,44,-0.710419049765], [43,44,0.999995342068], [44,44,2.000000000000], [45,44,0.706477194729], [46,44,0.999995393279], [0,45,-0.705445291127], [19,45,-0.703835165070], [23,45,-0.001630031343], [26,45,0.708034145724], [43,45,0.708634045758], [44,45,0.706477194729], [45,45,2.000000000000], [63,45,0.705379030875], [65,45,-0.707372291885], [2,46,0.006231506679], [5,46,-0.008544557600], [20,46,-0.699166163185], [24,46,0.005989752650], [25,46,0.704286924816], [29,46,0.710887964146], [30,46,-0.005177983124], [33,46,-0.712552000607], [43,46,-0.999981470878], [44,46,0.999995393279], [46,46,2.000000000000], [47,46,0.999985970366], [48,46,0.707329366292], [2,47,0.000934440754], [20,47,-0.702943551251], [24,47,0.000692682292], [29,47,0.707152525423], [31,47,0.709231098502], [43,47,-0.999999687593], [46,47,0.999985970366], [47,47,2.000000000000], [48,47,0.711063865438], [49,47,-0.999999990895], [50,47,-0.999998952415], [51,47,0.707847319690], [52,47,-0.000469885783], [53,47,-0.704915975549], [54,47,0.001251442085], [2,48,-0.702462673443], [20,48,-0.999934077542], [24,48,-0.702634717444], [29,48,0.005676602282], [32,48,0.705804876789], [43,48,-0.711619431384], [46,48,0.707329366292], [47,48,0.711063865438], [48,48,2.000000000000], [51,48,-0.006659718088], [66,48,-0.714228505345], [67,48,-0.711916566150], [11,49,-0.001446918439], [31,49,-0.709135959115], [34,49,0.708613100722], [47,49,-0.999999990895], [49,49,2.000000000000], [50,49,0.999998747981], [51,49,-0.707942633667], [52,49,0.000334940886], [53,49,0.704820253947], [54,49,-0.001386386876], [55,49,0.706430362270], [56,49,0.006815763598], [57,49,-0.706018737651], [31,50,-0.710250787315], [36,50,0.707361999363], [37,50,0.001400274197], [38,50,-0.703066591003], [47,50,-0.999998952415], [49,50,0.999998747981], [50,50,2.000000000000], [51,50,-0.706824135246], [52,50,0.001917355260], [53,50,0.705941914365], [54,50,0.000196028222], [31,51,0.004056586874], [32,51,0.703690121716], [47,51,0.707847319690], [48,51,-0.006659718088], [49,51,-0.707942633667], [50,51,-0.706824135246], [51,51,2.000000000000], [52,51,0.706032780947], [53,51,0.002045656965], [54,51,0.707250743123], [66,51,0.704653635197], [67,51,0.706989645032], [31,52,-0.705309242438], [47,52,-0.000469885783], [49,52,0.000334940886], [50,52,0.001917355260], [51,52,0.706032780947], [52,52,2.000000000000], [53,52,0.709621971747], [54,52,0.999998518515], [55,52,0.707545901545], [66,52,0.004980976059], [68,52,-0.000654630126], [69,52,-0.704392188511], [70,52,-0.999994032136], [71,52,-0.999997826700], [31,53,-0.999981381291], [47,53,-0.704915975549], [49,53,0.704820253947], [50,53,0.705941914365], [51,53,0.002045656965], [52,53,0.709621971747], [53,53,2.000000000000], [54,53,0.708408103124], [56,53,0.704565572866], [67,53,0.705776159882], [72,53,-0.706649041926], [73,53,-0.003505638917], [31,54,-0.704087948976], [47,54,0.001251442085], [49,54,-0.001386386876], [50,54,0.000196028222], [51,54,0.707250743123], [52,54,0.999998518515], [53,54,0.708408103124], [54,54,2.000000000000], [70,54,0.999998497514], [73,54,0.708282145962], [84,54,-0.000222297849], [88,54,-0.001394477252], [89,54,-0.000329321570], [90,54,-0.709474088121], [91,54,-0.999999511852], [11,55,-0.708803959877], [34,55,0.001176388864], [49,55,0.706430362270], [52,55,0.707545901545], [55,55,2.000000000000], [56,55,0.712580975925], [57,55,0.002493685769], [66,55,-0.703134352458], [68,55,0.706204055679], [69,55,-0.999990085923], [70,55,-0.709983078609], [71,55,-0.709017658725], [11,56,-0.999985587505], [34,56,-0.700751117247], [49,56,0.006815763598], [53,56,0.704565572866], [55,56,0.712580975925], [56,56,2.000000000000], [57,56,0.703364646662], [67,56,-0.005467373644], [72,56,0.004234503381], [73,56,-0.712104481452], [11,57,-0.707170860234], [34,57,-0.999993265273], [49,57,-0.706018737651], [55,57,0.002493685769], [56,57,0.703364646662], [57,57,2.000000000000], [68,57,0.706245103329], [72,57,0.707844442704], [74,57,0.002875482478], [75,57,-0.705107574076], [76,57,-0.708529579990], [15,58,-0.001404356791], [39,58,-0.002175998897], [40,58,0.704895752997], [42,58,0.704113762856], [58,58,2.000000000000], [59,58,-0.000447584213], [60,58,0.705173726413], [61,58,-0.001161116386], [62,58,-0.003773383746], [15,59,-0.999998285157], [39,59,-0.999996558403], [41,59,0.999999137424], [42,59,-0.710402263131], [58,59,-0.000447584213], [59,59,2.000000000000], [60,59,0.709350119462], [77,59,0.000006152447], [78,59,-0.707731059262], [40,60,-0.005851993434], [41,60,0.708423713923], [58,60,0.705173726413], [59,60,0.709350119462], [60,60,2.000000000000], [61,60,0.708215299129], [62,60,0.706368626992], [77,60,0.704860667326], [78,60,-0.004060854912], [40,61,-0.710128905170], [58,61,-0.001161116386], [60,61,0.708215299129], [61,61,2.000000000000], [62,61,0.999996588009], [77,61,0.001602547743], [79,61,-0.707291346444], [80,61,-0.999986405426], [81,61,-0.999997982063], [40,62,-0.711965709728], [58,62,-0.003773383746], [60,62,0.706368626992], [61,62,0.999996588009], [62,62,2.000000000000], [78,62,0.710706789737], [80,62,0.999996614666], [101,62,0.003713902458], [105,62,-0.999992653494], [21,63,0.006198192294], [26,63,-0.001128079235], [45,63,0.705379030875], [63,63,2.000000000000], [64,63,0.706834366582], [65,63,0.002064871663], [21,64,-0.702984407529], [63,64,0.706834366582], [64,64,2.000000000000], [65,64,0.705918060603], [82,64,0.706513444926], [26,65,-0.999999561209], [45,65,-0.707372291885], [63,65,0.002064871663], [64,65,0.705918060603], [65,65,2.000000000000], [82,65,-0.002518444744], [32,66,-0.008283474630], [48,66,-0.714228505345], [51,66,0.704653635197], [52,66,0.004980976059], [55,66,-0.703134352458], [66,66,2.000000000000], [67,66,0.999994562789], [68,66,-0.999990641291], [69,66,0.706293626352], [70,66,-0.001526181960], [71,66,-0.002896141966], [32,67,-0.004985908428], [48,67,-0.711916566150], [51,67,0.706989645032], [53,67,0.705776159882], [56,67,-0.005467373644], [66,67,0.999994562789], [67,67,2.000000000000], [72,67,-0.999999239998], [73,67,0.705956353707], [52,68,-0.000654630126], [55,68,0.706204055679], [57,68,0.706245103329], [66,68,-0.999990641291], [68,68,2.000000000000], [69,68,-0.709349723843], [70,68,-0.002800180270], [71,68,-0.001430219980], [72,68,0.999997442559], [74,68,0.709995278818], [75,68,0.004041168212], [76,68,-0.000796315857], [52,69,-0.704392188511], [55,69,-0.999990085923], [66,69,0.706293626352], [68,69,-0.709349723843], [69,69,2.000000000000], [70,69,0.706840244943], [71,69,0.705870506486], [84,69,0.708754289895], [85,69,0.708184023775], [86,69,-0.705214496005], [87,69,-0.002670368827], [52,70,-0.999994032136], [54,70,0.999998497514], [55,70,-0.709983078609], [66,70,-0.001526181960], [68,70,-0.002800180270], [69,70,0.706840244943], [70,70,2.000000000000], [71,70,0.999999061600], [73,70,0.709504799923], [84,70,-0.001955782495], [88,70,0.000339008181], [89,70,0.001404163854], [90,70,-0.710694663685], [91,70,-0.999996296549], [52,71,-0.999997826700], [55,71,-0.709017658725], [66,71,-0.002896141966], [68,71,-0.001430219980], [69,71,0.705870506486], [70,71,0.999999061600], [71,71,2.000000000000], [87,71,0.710223307256], [91,71,0.999999086589], [93,71,0.711334483069], [107,71,-0.001321723243], [111,71,0.004312250904], [53,72,-0.706649041926], [56,72,0.004234503381], [57,72,0.707844442704], [67,72,-0.999999239998], [68,72,0.999997442559], [72,72,2.000000000000], [73,72,-0.705082620123], [74,72,0.708400823347], [75,72,0.001779567220], [76,72,-0.003057922228], [53,73,-0.003505638917], [54,73,0.708282145962], [56,73,-0.712104481452], [67,73,0.705956353707], [70,73,0.709504799923], [72,73,-0.705082620123], [73,73,2.000000000000], [84,73,-0.706086891600], [88,73,0.704941089740], [89,73,0.705696168576], [90,73,-0.999998572110], [91,73,-0.707584287388], [57,74,0.002875482478], [68,74,0.709995278818], [72,74,0.708400823347], [74,74,2.000000000000], [75,74,0.707069895798], [76,74,0.703640831908], [85,74,-0.708830652392], [88,74,-0.708259954414], [92,74,0.709758666840], [93,74,-0.999962502332], [94,74,-0.698790465563], [95,74,0.007735429530], [96,74,-0.704590982737], [57,75,-0.705107574076], [68,75,0.004041168212], [72,75,0.001779567220], [74,75,0.707069895798], [75,75,2.000000000000], [76,75,0.999988299343], [89,75,-0.002645156512], [92,75,-0.003705229584], [97,75,-0.714268258832], [98,75,-0.999953282549], [99,75,-0.705236753847], [100,75,-0.999973264100], [57,76,-0.708529579990], [68,76,-0.000796315857], [72,76,-0.003057922228], [74,76,0.703640831908], [75,76,0.999988299343], [76,76,2.000000000000], [95,76,0.705091601353], [98,76,0.999988341776], [113,76,-0.005859459813], [117,76,-0.007788814162], [118,76,-0.001789849908], [119,76,-0.999999990549], [120,76,-0.999999980556], [41,77,-0.001307297784], [59,77,0.000006152447], [60,77,0.704860667326], [61,77,0.001602547743], [77,77,2.000000000000], [78,77,0.706477597181], [79,77,0.705787791847], [80,77,-0.006816822983], [81,77,-0.003611489627], [41,78,-0.708658377668], [59,78,-0.707731059262], [60,78,-0.004060854912], [62,78,0.710706789737], [77,78,0.706477597181], [78,78,2.000000000000], [80,78,0.712534894466], [101,78,0.706122994354], [105,78,-0.708004999567], [61,79,-0.707291346444], [77,79,0.705787791847], [79,79,2.000000000000], [80,79,0.703595624229], [81,79,0.705869749513], [101,79,0.706142562079], [102,79,-0.704364831969], [103,79,0.004160650584], [104,79,-0.704760240937], [61,80,-0.999986405426], [62,80,0.999996614666], [77,80,-0.006816822983], [78,80,0.712534894466], [79,80,0.703595624229], [80,80,2.000000000000], [81,80,0.999994862779], [101,80,0.006315920300], [105,80,-0.999979294171], [61,81,-0.999997982063], [77,81,-0.003611489627], [79,81,0.705869749513], [80,81,0.999994862779], [81,81,2.000000000000], [103,81,0.705398644072], [105,81,0.999994784130], [118,81,0.003433153214], [121,81,-0.002536882017], [123,81,-0.705222171156], [64,82,0.706513444926], [65,82,-0.002518444744], [82,82,2.000000000000], [83,82,-0.002262064495], [82,83,-0.002262064495], [83,83,2.000000000000], [106,83,-0.999991692734], [54,84,-0.000222297849], [69,84,0.708754289895], [70,84,-0.001955782495], [73,84,-0.706086891600], [84,84,2.000000000000], [85,84,0.999999673537], [86,84,0.000339875436], [87,84,0.703560274303], [88,84,-0.999998693019], [89,84,-0.999999847858], [90,84,0.704889219282], [91,84,-0.000765779468], [69,85,0.708184023775], [74,85,-0.708830652392], [84,85,0.999999673537], [85,85,2.000000000000], [86,85,0.001147913205], [87,85,0.704134265125], [88,85,0.999999672972], [92,85,-0.999999133418], [93,85,0.702695561424], [94,85,-0.009251915562], [95,85,-0.710840702452], [96,85,-0.001110673218], [69,86,-0.705214496005], [84,86,0.000339875436], [85,86,0.001147913205], [86,86,2.000000000000], [87,86,0.710874670859], [90,86,0.709077794791], [111,86,-0.005237936039], [112,86,-0.002615616296], [69,87,-0.002670368827], [71,87,0.710223307256], [84,87,0.703560274303], [85,87,0.704134265125], [86,87,0.710874670859], [87,87,2.000000000000], [91,87,0.711174152697], [93,87,0.010413905965], [107,87,0.703037124733], [111,87,0.707032573961], [54,88,-0.001394477252], [70,88,0.000339008181], [73,88,0.704941089740], [74,88,-0.708259954414], [84,88,-0.999998693019], [85,88,0.999999672972], [88,88,2.000000000000], [89,88,0.999999432721], [90,88,-0.703741491455], [91,88,0.002382552844], [92,88,-0.999997741690], [93,88,0.702119922486], [94,88,-0.010060615374], [95,88,-0.711409297931], [96,88,-0.001919409807], [54,89,-0.000329321570], [70,89,0.001404163854], [73,89,0.705696168576], [75,89,-0.002645156512], [84,89,-0.999999847858], [88,89,0.999999432721], [89,89,2.000000000000], [90,89,-0.704497838795], [91,89,0.001317398589], [92,89,0.999999438117], [97,89,0.701758930059], [98,89,-0.007020993411], [99,89,-0.707103934163], [100,89,-0.004667281247], [54,90,-0.709474088121], [70,90,-0.710694663685], [73,90,-0.999998572110], [84,90,0.704889219282], [86,90,0.709077794791], [88,90,-0.703741491455], [89,90,-0.704497838795], [90,90,2.000000000000], [91,90,0.708777412620], [111,90,0.701406480963], [112,90,0.703273170638], [54,91,-0.999999511852], [70,91,-0.999996296549], [71,91,0.999999086589], [73,91,-0.707584287388], [84,91,-0.000765779468], [87,91,0.711174152697], [88,91,0.002382552844], [89,91,0.001317398589], [90,91,0.708777412620], [91,91,2.000000000000], [93,91,0.710383856748], [107,91,0.000029876196], [111,91,0.005663833809], [74,92,0.709758666840], [75,92,-0.003705229584], [85,92,-0.999999133418], [88,92,-0.999997741690], [89,92,0.999999438117], [92,92,2.000000000000], [93,92,-0.703631627557], [94,92,0.007935467217], [95,92,0.709914124516], [96,92,-0.000205823606], [97,92,0.702513750869], [98,92,-0.005960937328], [99,92,-0.706353945304], [100,92,-0.003607211904], [71,93,0.711334483069], [74,93,-0.999962502332], [85,93,0.702695561424], [87,93,0.010413905965], [88,93,0.702119922486], [91,93,0.710383856748], [92,93,-0.703631627557], [93,93,2.000000000000], [94,93,0.704958920331], [95,93,0.000924504970], [96,93,0.710709748064], [107,93,-0.703793223308], [111,93,-0.699779662156], [74,94,-0.698790465563], [85,94,-0.009251915562], [88,94,-0.010060615374], [92,94,0.007935467217], [93,94,0.704958920331], [94,94,2.000000000000], [95,94,0.709899572494], [96,94,0.999966859197], [97,94,0.706072986567], [112,94,0.010719548073], [113,94,-0.000943799932], [114,94,-0.007762953138], [115,94,-0.712243819628], [116,94,-0.999963463528], [74,95,0.007735429530], [76,95,0.705091601353], [85,95,-0.710840702452], [88,95,-0.711409297931], [92,95,0.709914124516], [93,95,0.000924504970], [94,95,0.709899572494], [95,95,2.000000000000], [96,95,0.704142115671], [98,95,0.708507488510], [113,95,0.704972605121], [117,95,-0.714586551902], [118,95,-0.710377106555], [119,95,-0.705189085195], [120,95,-0.704951748421], [74,96,-0.704590982737], [85,96,-0.001110673218], [88,96,-0.001919409807], [92,96,-0.000205823606], [93,96,0.710709748064], [94,96,0.999966859197], [95,96,0.704142115671], [96,96,2.000000000000], [134,96,-0.005690791643], [139,96,-0.002762572564], [140,96,-0.706933629506], [141,96,-0.999972567915], [142,96,-0.703153198226], [75,97,-0.714268258832], [89,97,0.701758930059], [92,97,0.702513750869], [94,97,0.706072986567], [97,97,2.000000000000], [98,97,0.707469884917], [99,97,0.007538644134], [100,97,0.709131423179], [112,97,-0.700529596432], [113,97,0.707472359570], [114,97,0.702636517320], [115,97,-0.005830544282], [116,97,-0.712100498764], [75,98,-0.999