{
"N": {
"shape": [192, 146],
"data": [[3,0,0.005570208258], [4,0,-0.999984486270], [6,0,-0.005570208258], [7,0,0.999984486270], [3,1,0.002062797559], [4,1,-0.999997872431], [9,1,-0.002062797559], [10,1,0.999997872431], [3,2,-0.703343464259], [4,2,-0.710850174991], [30,2,0.703343464259], [31,2,0.710850174991], [3,3,-0.999997513849], [4,3,-0.002229864489], [51,3,0.999997513849], [52,3,0.002229864489], [6,4,-0.710999413699], [7,4,0.703192600729], [27,4,0.710999413699], [28,4,-0.703192600729], [6,5,-0.999979073139], [7,5,-0.006469411491], [30,5,0.999979073139], [31,5,0.006469411491], [9,6,0.000069920239], [10,6,-0.999999997556], [12,6,-0.000069920239], [13,6,0.999999997556], [9,7,-0.708511350780], [10,7,0.705699416052], [30,7,0.708511350780], [31,7,-0.705699416052], [9,8,-0.709004417355], [10,8,-0.705204038680], [36,8,0.709004417355], [37,8,0.705204038680], [12,9,-0.002828434036], [13,9,-0.999995999972], [18,9,0.002828434036], [19,9,0.999995999972], [15,10,-0.006450303212], [16,10,-0.999979196578], [18,10,0.006450303212], [19,10,0.999979196578], [15,11,-0.003662154368], [16,11,-0.999993294290], [21,11,0.003662154368], [22,11,0.999993294290], [15,12,-0.710187493508], [16,12,0.704012588001], [36,12,0.710187493508], [37,12,-0.704012588001], [15,13,-0.999999423186], [16,13,-0.001074070324], [39,13,0.999999423186], [40,13,0.001074070324], [15,14,-0.704184604071], [16,14,-0.710016931763], [42,14,0.704184604071], [43,14,0.710016931763], [18,15,-0.705935236443], [19,15,0.708276388106], [39,15,0.705935236443], [40,15,-0.708276388106], [21,16,-0.999998377093], [22,16,0.001801613405], [45,16,0.999998377093], [46,16,-0.001801613405], [21,17,-0.999998240529], [22,17,-0.001875883406], [69,17,0.999998240529], [70,17,0.001875883406], [24,18,-0.006289510350], [25,18,-0.999980220834], [27,18,0.006289510350], [28,18,0.999980220834], [24,19,-0.708201453929], [25,19,-0.706010411151], [51,19,0.708201453929], [52,19,0.706010411151], [27,20,0.004035009383], [28,20,-0.999991859317], [33,20,-0.004035009383], [34,20,0.999991859317], [27,21,-0.705557152958], [28,21,0.708653020815], [48,21,0.705557152958], [49,21,-0.708653020815], [27,22,-0.999999837119], [28,22,-0.000570756172], [51,22,0.999999837119], [52,22,0.000570756172], [27,23,-0.707715037866], [28,23,-0.706498000831], [54,23,0.707715037866], [55,23,0.706498000831], [27,24,-0.999999998498], [28,24,-0.000054807787], [75,24,0.999999998498], [76,24,0.000054807787], [30,25,0.002330701986], [31,25,-0.999997283910], [33,25,-0.002330701986], [34,25,0.999997283910], [30,26,-0.708268084419], [31,26,0.705943567570], [51,26,0.708268084419], [52,26,-0.705943567570], [33,27,-0.707796973571], [34,27,0.706415914461], [54,27,0.707796973571], [55,27,-0.706415914461], [33,28,-0.999999825449], [34,28,0.000590848578], [57,28,0.999999825449], [58,28,-0.000590848578], [33,29,-0.999999451514], [34,29,0.001047363741], [81,29,0.999999451514], [82,29,-0.001047363741], [36,30,0.002557175103], [37,30,-0.999996730422], [42,30,-0.002557175103], [43,30,0.999996730422], [39,31,0.008648427650], [40,31,-0.999962601650], [42,31,-0.008648427650], [43,31,0.999962601650], [39,32,-0.000228584773], [40,32,-0.999999973875], [45,32,0.000228584773], [46,32,0.999999973875], [42,33,-0.707020728083], [43,33,0.707192823819], [63,33,0.707020728083], [64,33,-0.707192823819], [42,34,-0.999999988292], [43,34,-0.000153025248], [90,34,0.999999988292], [91,34,0.000153025248], [45,35,-0.709549579701], [46,35,0.704655514380], [66,35,0.709549579701], [67,35,-0.704655514380], [45,36,-0.999996459702], [46,36,-0.002660936397], [93,36,0.999996459702], [94,36,0.002660936397], [48,37,-0.001119211581], [49,37,-0.999999373683], [54,37,0.001119211581], [55,37,0.999999373683], [48,38,-0.707000782229], [49,38,-0.707212764257], [75,38,0.707000782229], [76,38,0.707212764257], [51,39,0.001453197806], [52,39,-0.999998944108], [54,39,-0.001453197806], [55,39,0.999998944108], [51,40,-0.999999892913], [52,40,0.000462789559], [75,40,0.999999892913], [76,40,-0.000462789559], [54,41,-0.707651152545], [55,41,0.706561990417], [75,41,0.707651152545], [76,41,-0.706561990417], [54,42,-0.999999446639], [55,42,-0.001052008321], [102,42,0.999999446639], [103,42,0.001052008321], [57,43,0.005800862981], [58,43,-0.999983174853], [60,43,-0.005800862981], [61,43,0.999983174853], [57,44,0.000045158176], [58,44,-0.999999998980], [63,44,-0.000045158176], [64,44,0.999999998980], [57,45,-0.707156407858], [58,45,-0.707057151032], [84,45,0.707156407858], [85,45,0.707057151032], [57,46,-0.999999624299], [58,46,0.000866834782], [105,46,0.999999624299], [106,46,-0.000866834782], [60,47,-0.999986130042], [61,47,0.005266851301], [84,47,0.999986130042], [85,47,-0.005266851301], [63,48,0.000223889352], [64,48,-0.999999974937], [66,48,-0.000223889352], [67,48,0.999999974937], [63,49,0.003741510307], [64,49,-0.999993000526], [69,49,-0.003741510307], [70,49,0.999993000526], [63,50,-0.705089778352], [64,50,0.709118046917], [84,50,0.705089778352], [85,50,-0.709118046917], [63,51,-0.999985701374], [64,51,-0.005347620740], [87,51,0.999985701374], [88,51,0.005347620740], [63,52,-0.701560163078], [64,52,-0.712610228373], [90,52,0.701560163078], [91,52,0.712610228373], [63,53,-0.999999998959], [64,53,-0.000045633749], [111,53,0.999999998959], [112,53,0.000045633749], [66,54,0.007290977506], [67,54,-0.999973420470], [69,54,-0.007290977506], [70,54,0.999973420470], [66,55,-0.703145250274], [67,55,0.711046241124], [87,55,0.703145250274], [88,55,-0.711046241124], [66,56,-0.999997516306], [67,56,-0.002228762351], [90,56,0.999997516306], [91,56,0.002228762351], [66,57,-0.705442430857], [67,57,-0.708767223245], [93,57,0.705442430857], [94,57,0.708767223245], [66,58,-0.999999926839], [67,58,0.000382520087], [114,58,0.999999926839], [115,58,-0.000382520087], [69,59,-0.709001138753], [70,59,0.705207334935], [90,59,0.709001138753], [91,59,-0.705207334935], [69,60,-0.999999970764], [70,60,0.000241808223], [93,60,0.999999970764], [94,60,-0.000241808223], [72,61,-0.999988724128], [73,61,0.004748854282], [96,61,0.999988724128], [97,61,-0.004748854282], [72,62,-0.999998434058], [73,62,0.001769712486], [120,62,0.999998434058], [121,62,-0.001769712486], [75,63,0.000766640965], [76,63,-0.999999706131], [78,63,-0.000766640965], [79,63,0.999999706131], [75,64,0.003473645757], [76,64,-0.999993966874], [81,64,-0.003473645757], [82,64,0.999993966874], [75,65,-0.704965270580], [76,65,-0.709241825668], [102,65,0.704965270580], [103,65,0.709241825668], [78,66,0.006168361398], [79,66,-0.999980975478], [81,66,-0.006168361398], [82,66,0.999980975478], [78,67,-0.708892402916], [79,67,0.705316638885], [99,67,0.708892402916], [100,67,-0.705316638885], [78,68,-0.999998961669], [79,68,-0.001441062409], [102,68,0.999998961669], [103,68,0.001441062409], [78,69,-0.706963714618], [79,69,-0.707249818815], [105,69,0.706963714618], [106,69,0.707249818815], [78,70,-0.999997322633], [79,70,-0.002314028410], [126,70,0.999997322633], [127,70,0.002314028410], [81,71,-0.706847054747], [82,71,0.707366412262], [102,71,0.706847054747], [103,71,-0.707366412262], [81,72,-0.999999972956], [82,72,0.000232566221], [105,72,0.999999972956], [106,72,-0.000232566221], [81,73,-0.999998420257], [82,73,0.001777493572], [129,73,0.999998420257], [130,73,-0.001777493572], [84,74,0.002711962140], [85,74,-0.999996322624], [87,74,-0.002711962140], [88,74,0.999996322624], [84,75,-0.000246467527], [85,75,-0.999999969627], [90,75,0.000246467527], [91,75,0.999999969627], [84,76,-0.707931121688], [85,76,-0.706281478552], [111,76,0.707931121688], [112,76,0.706281478552], [84,77,-0.999999958419], [85,77,-0.000288378951], [132,77,0.999999958419], [133,77,0.000288378951], [87,78,-0.003205248611], [88,78,-0.999994863177], [90,78,0.003205248611], [91,78,0.999994863177], [87,79,-0.001215479744], [88,79,-0.999999261304], [93,79,0.001215479744], [94,79,0.999999261304], [87,80,-0.999986558675], [88,80,0.005184830607], [111,80,0.999986558675], [112,80,-0.005184830607], [90,81,-0.704127366693], [91,81,0.710073694397], [111,81,0.704127366693], [112,81,-0.710073694397], [96,82,-0.999999276355], [97,82,-0.001203033151], [120,82,0.999999276355], [121,82,0.001203033151], [96,83,-0.705803063426], [97,83,-0.708408099656], [123,83,0.705803063426], [124,83,0.708408099656], [96,84,-0.999999735851], [97,84,-0.000726840749], [144,84,0.999999735851], [145,84,0.000726840749], [99,85,0.009076745675], [100,85,-0.999958805495], [102,85,-0.009076745675], [103,85,0.999958805495], [99,86,0.000680750285], [100,86,-0.999999768289], [105,86,-0.000680750285], [106,86,0.999999768289], [99,87,-0.703131939315], [100,87,-0.711059403928], [126,87,0.703131939315], [127,87,0.711059403928], [99,88,-0.999998200382], [100,88,-0.001897164170], [147,88,0.999998200382], [148,88,0.001897164170], [102,89,-0.709809721564], [103,89,0.704393469003], [123,89,0.709809721564], [124,89,-0.704393469003], [105,90,0.001841485907], [106,90,-0.999998304463], [111,90,-0.001841485907], [112,90,0.999998304463], [105,91,-0.705438877012], [106,91,0.708770760402], [126,91,0.705438877012], [127,91,-0.708770760402], [105,92,-0.999994399494], [106,92,0.003346786714], [129,92,0.999994399494], [130,92,-0.003346786714], [105,93,-0.707887985541], [106,93,-0.706324712811], [132,93,0.707887985541], [133,93,0.706324712811], [105,94,-0.999999705083], [106,94,0.000768007096], [153,94,0.999999705083], [154,94,-0.000768007096], [108,95,-0.003185607207], [109,95,-0.999994925940], [111,95,0.003185607207], [112,95,0.999994925940], [108,96,-0.706788990504], [109,96,0.707424429110], [129,96,0.706788990504], [130,96,-0.707424429110], [108,97,-0.999998907016], [109,97,0.001478501505], [132,97,0.999998907016], [133,97,-0.001478501505], [108,98,-0.708507360193], [109,98,-0.705703422517], [135,98,0.708507360193], [136,98,0.705703422517], [108,99,-0.999995199486], [109,99,-0.003098548924], [156,99,0.999995199486], [157,99,0.003098548924], [111,100,-0.002636769680], [112,100,-0.999996523717], [117,100,0.002636769680], [118,100,0.999996523717], [114,101,-0.001319441876], [115,101,-0.999999129536], [117,101,0.001319441876], [118,101,0.999999129536], [114,102,-0.706766566659], [115,102,0.707446832103], [135,102,0.706766566659], [136,102,-0.707446832103], [114,103,-0.999990984981], [115,103,0.004246169693], [138,103,0.999990984981], [139,103,-0.004246169693], [114,104,-0.707121674791], [115,104,-0.707091887268], [141,104,0.707121674791], [142,104,0.707091887268], [114,105,-0.999994676953], [115,105,0.003262830926], [162,105,0.999994676953], [163,105,-0.003262830926], [117,106,-0.999999858361], [118,106,0.000532238650], [141,106,0.999999858361], [142,106,-0.000532238650], [117,107,-0.999997284230], [118,107,-0.002330565030], [165,107,0.999997284230], [166,107,0.002330565030], [120,108,-0.005099403206], [121,108,-0.999986997959], [123,108,0.005099403206], [124,108,0.999986997959], [120,109,-0.999999968186], [121,109,-0.000252244110], [144,109,0.999999968186], [145,109,0.000252244110], [120,110,-0.705990020269], [121,110,-0.708221781140], [147,110,0.705990020269], [148,110,0.708221781140], [120,111,-0.999999011608], [121,111,0.001405981024], [168,111,0.999999011608], [169,111,-0.001405981024], [123,112,-0.703867398738], [124,112,0.710331390968], [144,112,0.703867398738], [145,112,-0.710331390968], [123,113,-0.999998324167], [124,113,-0.001830754572], [147,113,0.999998324167], [148,113,0.001830754572], [123,114,-0.709479460781], [124,114,-0.704726113274], [150,114,0.709479460781], [151,114,0.704726113274], [126,115,-0.002291539037], [127,115,-0.999997374421], [132,115,0.002291539037], [133,115,0.999997374421], [126,116,-0.999990269164], [127,116,0.004411527769], [150,116,0.999990269164], [151,116,-0.004411527769], [126,117,-0.708514939787], [127,117,-0.705695812726], [153,117,0.708514939787], [154,117,0.705695812726], [129,118,-0.005149255271], [130,118,-0.999986742497], [132,118,0.005149255271], [133,118,0.999986742497], [129,119,-0.707556061360], [130,119,-0.706657215369], [156,119,0.707556061360], [157,119,0.706657215369], [132,120,-0.001646369332], [133,120,-0.999998644733], [138,120,0.001646369332], [139,120,0.999998644733], [135,121,-0.000956594366], [136,121,-0.999999542464], [138,121,0.000956594366], [139,121,0.999999542464], [135,122,0.002266655874], [136,122,-0.999997431132], [141,122,-0.002266655874], [142,122,0.999997431132], [135,123,-0.706616477763], [136,123,-0.707596744872], [162,123,0.706616477763], [163,123,0.707596744872], [135,124,-0.999996725370], [136,124,0.002559150129], [183,124,0.999996725370], [184,124,-0.002559150129], [138,125,-0.999997421877], [139,125,0.002270735571], [162,125,0.999997421877], [163,125,-0.002270735571], [138,126,-0.999994922560], [139,126,-0.003186668130], [186,126,0.999994922560], [187,126,0.003186668130], [141,127,-0.999986691190], [142,127,-0.005159209597], [165,127,0.999986691190], [166,127,0.005159209597], [144,128,-0.002906837204], [145,128,-0.999995775140], [147,128,0.002906837204], [148,128,0.999995775140], [144,129,-0.004237119499], [145,129,-0.999991023369], [150,129,0.004237119499], [151,129,0.999991023369], [144,130,-0.999995332751], [145,130,0.003055237568], [168,130,0.999995332751], [169,130,-0.003055237568], [147,131,-0.704850948256], [148,131,0.709355440342], [168,131,0.704850948256], [169,131,-0.709355440342], [150,132,0.007631184109], [151,132,-0.999970882091], [153,132,-0.007631184109], [154,132,0.999970882091], [150,133,-0.707853667891], [151,133,-0.706359104743], [177,133,0.707853667891], [178,133,0.706359104743], [153,134,-0.006923209597], [154,134,-0.999976034297], [156,134,0.006923209597], [157,134,0.999976034297], [156,135,0.000134851986], [157,135,-0.999999990907], [159,135,-0.000134851986], [160,135,0.999999990907], [156,136,0.003761339009], [157,136,-0.999992926139], [162,136,-0.003761339009], [163,136,0.999992926139], [156,137,-0.708782465290], [157,137,-0.705427116644], [183,137,0.708782465290], [184,137,0.705427116644], [159,138,-0.999984915228], [160,138,0.005492660276], [183,138,0.999984915228], [184,138,-0.005492660276], [159,139,-0.706701654672], [160,139,-0.707511675723], [186,139,0.706701654672], [187,139,0.707511675723], [162,140,-0.708680347635], [163,140,0.705529705169], [183,140,0.708680347635], [184,140,-0.705529705169], [162,141,-0.999963423308], [163,141,-0.008552896912], [186,141,0.999963423308], [187,141,0.008552896912], [171,142,0.005710063967], [172,142,-0.999983697452], [174,142,-0.005710063967], [175,142,0.999983697452], [171,143,-0.000679789758], [172,143,-0.999999768943], [177,143,0.000679789758], [178,143,0.999999768943], [174,144,-0.007093679171], [175,144,-0.999974839541], [177,144,0.007093679171], [178,144,0.999974839541], [180,145,0.002852598606], [181,145,-0.999995931332], [183,145,-0.002852598606], [184,145,0.999995931332], ]
},
"Q": {
"shape": [146, 146],
"data": [[0,0,2.000000000000], [1,0,0.999993848945], [2,0,0.706921377480], [3,0,-0.003340364514], [4,0,0.707142106394], [5,0,-0.000899219435], [0,1,0.999993848945], [1,1,2.000000000000], [2,1,0.709397807427], [3,1,0.000167067315], [6,1,-0.999998014218], [7,1,0.707159430112], [8,1,-0.703740005729], [0,2,0.706921377480], [1,2,0.709397807427], [2,2,2.000000000000], [3,2,0.704926815203], [5,2,0.707927527778], [7,2,-0.003319725467], [25,2,-0.709208960249], [26,2,0.003664380421], [0,3,-0.003340364514], [1,3,0.000167067315], [2,3,0.704926815203], [3,3,2.000000000000], [19,3,0.709774000778], [22,3,0.999998623677], [26,3,0.706692165065], [39,3,-0.000776667942], [40,3,-0.999996374804], [0,4,0.707142106394], [4,4,2.000000000000], [5,4,0.706435292421], [18,4,-0.698706853995], [20,4,0.706055765566], [21,4,-0.999970282805], [22,4,-0.710597946374], [23,4,-0.006380810375], [24,4,-0.710960872201], [0,5,-0.000899219435], [2,5,0.707927527778], [4,5,0.706435292421], [5,5,2.000000000000], [7,5,0.703931063950], [25,5,-0.004138740708], [26,5,-0.703686223163], [1,6,-0.999998014218], [6,6,2.000000000000], [7,6,-0.705748953610], [8,6,0.705154463198], [9,6,-0.999995799763], [1,7,0.707159430112], [2,7,-0.003319725467], [5,7,0.703931063950], [6,7,-0.705748953610], [7,7,2.000000000000], [8,7,0.004675599155], [25,7,0.707348828121], [26,7,-0.999999940606], [1,8,-0.703740005729], [6,8,0.705154463198], [7,8,0.004675599155], [8,8,2.000000000000], [12,8,0.007053549708], [30,8,-0.703388684517], [6,9,-0.999995799763], [9,9,2.000000000000], [10,9,0.999993440891], [15,9,0.706276863731], [9,10,0.999993440891], [10,10,2.000000000000], [11,10,0.999996113014], [12,10,-0.699417017459], [13,10,0.007524347472], [14,10,0.714544365194], [15,10,0.703708157210], [10,11,0.999996113014], [11,11,2.000000000000], [12,11,-0.701407050866], [13,11,0.004736215377], [14,11,0.712591003319], [16,11,-0.001860547101], [17,11,-0.005538018751], [8,12,0.007053549708], [10,12,-0.699417017459], [11,12,-0.701407050866], [12,12,2.000000000000], [13,12,0.709430924834], [14,12,0.000242241277], [30,12,0.705826359954], [10,13,0.007524347472], [11,13,0.004736215377], [12,13,0.709430924834], [13,13,2.000000000000], [14,13,0.704946806003], [15,13,0.705174090600], [31,13,0.007574392506], [32,13,-0.001302654937], [10,14,0.714544365194], [11,14,0.712591003319], [12,14,0.000242241277], [13,14,0.704946806003], [14,14,2.000000000000], [30,14,0.708213886970], [31,14,0.703900288701], [33,14,0.004245767458], [34,14,-0.704293246343], [9,15,0.706276863731], [10,15,0.703708157210], [13,15,0.705174090600], [15,15,2.000000000000], [31,15,0.714355129556], [32,15,0.708115003556], [11,16,-0.001860547101], [16,16,2.000000000000], [17,16,0.999993238009], [32,16,-0.001573028956], [35,16,-0.710817944988], [36,16,-0.999990042823], [11,17,-0.005538018751], [16,17,0.999993238009], [17,17,2.000000000000], [49,17,-0.001865633449], [54,17,-0.005415131132], [59,17,-0.707677004550], [60,17,-0.999997757690], [4,18,-0.698706853995], [18,18,2.000000000000], [19,18,0.710450687228], [20,18,-0.999946702078], [21,18,0.704201395233], [22,18,-0.006860254208], [23,18,-0.710935207945], [24,18,-0.006344317043], [3,19,0.709774000778], [18,19,0.710450687228], [19,19,2.000000000000], [22,19,0.708604298375], [26,19,0.003192978768], [39,19,-0.704980508881], [40,19,-0.707874643842], [4,20,0.706055765566], [18,20,-0.999946702078], [20,20,2.000000000000], [21,20,-0.711494181627], [22,20,-0.003464257200], [23,20,0.703636612636], [24,20,-0.003980202036], [25,20,0.999998547653], [27,20,0.709266131182], [28,20,0.004625852447], [29,20,0.005082362385], [4,21,-0.999970282805], [18,21,0.704201395233], [20,21,-0.711494181627], [21,21,2.000000000000], [22,21,0.705152569951], [23,21,-0.001328535266], [24,21,0.705518312195], [37,21,0.707862909236], [38,21,0.002339002701], [3,22,0.999998623677], [4,22,-0.710597946374], [18,22,-0.006860254208], [19,22,0.708604298375], [20,22,-0.003464257200], [21,22,0.705152569951], [22,22,2.000000000000], [23,22,0.708118160687], [24,22,0.999999866899], [26,22,0.707865047407], [39,22,0.000882442000], [40,22,-0.999999465892], [4,23,-0.006380810375], [18,23,-0.710935207945], [20,23,0.703636612636], [21,23,-0.001328535266], [22,23,0.708118160687], [23,23,2.000000000000], [24,23,0.707753758395], [27,23,0.001837130631], [37,23,0.707289641205], [39,23,0.705468804905], [41,23,-0.001630728527], [42,23,-0.708457888020], [4,24,-0.710960872201], [18,24,-0.006344317043], [20,24,-0.003980202036], [21,24,0.705518312195], [22,24,0.999999866899], [23,24,0.707753758395], [24,24,2.000000000000], [38,24,0.707039541933], [40,24,0.999999866046], [41,24,0.707612426383], [63,24,0.000711833193], [64,24,0.003418838296], [65,24,-0.705004141496], [2,25,-0.709208960249], [5,25,-0.004138740708], [7,25,0.707348828121], [20,25,0.999998547653], [25,25,2.000000000000], [26,25,-0.707592411995], [27,25,0.708063659584], [28,25,0.002921548552], [29,25,0.003378061604], [2,26,0.003664380421], [3,26,0.706692165065], [5,26,-0.703686223163], [7,26,-0.999999940606], [19,26,0.003192978768], [22,26,0.707865047407], [25,26,-0.707592411995], [26,26,2.000000000000], [39,26,0.706972075796], [40,26,-0.708594711885], [20,27,0.709266131182], [23,27,0.001837130631], [25,27,0.708063659584], [27,27,2.000000000000], [28,27,0.708214234863], [29,27,0.708536459769], [37,27,-0.705623297450], [39,27,-0.707443737571], [41,27,-0.999999978699], [42,27,-0.707053426483], [20,28,0.004625852447], [25,28,0.002921548552], [27,28,0.708214234863], [28,28,2.000000000000], [29,28,0.999999895797], [43,28,0.006391700605], [44,28,0.000636006746], [45,28,-0.706738520711], [46,28,-0.999999961916], [20,29,0.005082362385], [25,29,0.003378061604], [27,29,0.708536459769], [28,29,0.999999895797], [29,29,2.000000000000], [64,29,-0.004521001274], [66,29,-0.007215701830], [71,29,-0.707587536983], [72,29,-0.999999668052], [73,29,-0.999999733455], [8,30,-0.703388684517], [12,30,0.705826359954], [14,30,0.708213886970], [30,30,2.000000000000], [31,30,0.999981447739], [33,30,0.708998487400], [34,30,0.002404150326], [13,31,0.007574392506], [14,31,0.703900288701], [15,31,0.714355129556], [30,31,0.999981447739], [31,31,2.000000000000], [32,31,0.999960598627], [33,31,0.713280993588], [34,31,0.008495408024], [13,32,-0.001302654937], [15,32,0.708115003556], [16,32,-0.001573028956], [31,32,0.999960598627], [32,32,2.000000000000], [35,32,0.704493303741], [36,32,-0.002889520291], [14,33,0.004245767458], [30,33,0.708998487400], [31,33,0.713280993588], [33,33,2.000000000000], [34,33,0.706912501448], [44,33,-0.707224750864], [48,33,0.707351100507], [49,33,0.709833199182], [50,33,-0.999996282475], [51,33,-0.703228819646], [52,33,0.007935262392], [53,33,-0.706988455487], [14,34,-0.704293246343], [30,34,0.002404150326], [31,34,0.008495408024], [33,34,0.706912501448], [34,34,2.000000000000], [52,34,0.701669202221], [56,34,0.999997845655], [59,34,0.708893215925], [75,34,0.000399492767], [78,34,0.003358273035], [81,34,-0.704018699246], [16,35,-0.710817944988], [32,35,0.704493303741], [35,35,2.000000000000], [36,35,0.707672024179], [48,35,-0.704814357315], [54,35,0.709810094993], [55,35,-0.999959071588], [56,35,-0.707977307716], [57,35,-0.001109648046], [58,35,-0.709819072679], [16,36,-0.999990042823], [32,36,-0.002889520291], [35,36,0.707672024179], [36,36,2.000000000000], [57,36,0.707325917882], [60,36,0.999995787031], [79,36,0.003876409872], [21,37,0.707862909236], [23,37,0.707289641205], [27,37,-0.705623297450], [37,37,2.000000000000], [38,37,0.708003604781], [39,37,0.999996691355], [41,37,0.705769536519], [42,37,-0.002171218625], [21,38,0.002339002701], [24,38,0.707039541933], [37,38,0.708003604781], [38,38,2.000000000000], [40,38,0.706673415835], [41,38,0.000620260033], [63,38,-0.706670540667], [64,38,-0.704752627286], [65,38,-0.999995869801], [3,39,-0.000776667942], [19,39,-0.704980508881], [22,39,0.000882442000], [23,39,0.705468804905], [26,39,0.706972075796], [27,39,-0.707443737571], [37,39,0.999996691355], [39,39,2.000000000000], [40,39,-0.001915986721], [41,39,0.707589601466], [42,39,0.000401189791], [3,40,-0.999996374804], [19,40,-0.707874643842], [22,40,-0.999999465892], [24,40,0.999999866046], [26,40,-0.708594711885], [38,40,0.706673415835], [39,40,-0.001915986721], [40,40,2.000000000000], [41,40,0.707978066277], [63,40,0.001229430306], [64,40,0.003936432153], [65,40,-0.704636965375], [23,41,-0.001630728527], [24,41,0.707612426383], [27,41,-0.999999978699], [37,41,0.705769536519], [38,41,0.000620260033], [39,41,0.707589601466], [40,41,0.707978066277], [41,41,2.000000000000], [42,41,0.706907451865], [63,41,0.707104297142], [64,41,0.709015857063], [65,41,0.002253829801], [23,42,-0.708457888020], [27,42,-0.707053426483], [37,42,-0.002171218625], [39,42,0.000401189791], [41,42,0.706907451865], [42,42,2.000000000000], [65,42,0.705711008782], [68,42,0.999999924318], [71,42,0.706102508253], [85,42,-0.008024775668], [89,42,-0.709068300992], [28,43,0.006391700605], [43,43,2.000000000000], [44,43,0.999983435790], [45,43,0.702943137264], [46,43,-0.006667680998], [47,43,0.011067545209], [28,44,0.000636006746], [33,44,-0.707224750864], [43,44,0.999983435790], [44,44,2.000000000000], [45,44,0.707025216417], [46,44,-0.000911992940], [48,44,-0.999999984028], [49,44,-0.999993168466], [50,44,0.709149886763], [51,44,-0.005302463204], [52,44,-0.712578546469], [53,44,-0.000000475572], [28,45,-0.706738520711], [43,45,0.702943137264], [44,45,0.707025216417], [45,45,2.000000000000], [46,45,0.706543240447], [47,45,0.703422634752], [50,45,-0.002778231122], [74,45,-0.705136769512], [75,45,-0.707231420648], [76,45,-0.999999399075], [77,45,-0.707360278853], [28,46,-0.999999961916], [43,46,-0.006667680998], [44,46,-0.000911992940], [45,46,0.706543240447], [46,46,2.000000000000], [69,46,0.706350380268], [72,46,0.999999798852], [86,46,-0.001547584610], [90,46,0.002708318527], [91,46,-0.706052999124], [92,46,-0.999996924906], [93,46,-0.707275452758], [94,46,-0.999999995117], [43,47,0.011067545209], [45,47,0.703422634752], [47,47,2.000000000000], [50,47,0.708814818095], [74,47,0.007978756458], [75,47,0.005020387033], [76,47,-0.704201423188], [77,47,-0.999984569613], [33,48,0.707351100507], [35,48,-0.704814357315], [44,48,-0.999999984028], [48,48,2.000000000000], [49,48,0.999993813147], [50,48,-0.709275891238], [51,48,0.005123734455], [52,48,0.712453138663], [53,48,-0.000178255604], [54,48,-0.999975027780], [55,48,0.711203650038], [56,48,-0.002004873499], [57,48,-0.708609264432], [58,48,0.000606409413], [17,49,-0.001865633449], [33,49,0.709833199182], [44,49,-0.999993168466], [48,49,0.999993813147], [49,49,2.000000000000], [50,49,-0.711751184137], [51,49,0.001606126501], [52,49,0.709980345895], [53,49,-0.003695876874], [54,49,0.999993700450], [59,49,0.707855133923], [60,49,0.003983316728], [33,50,-0.999996282475], [44,50,0.709149886763], [45,50,-0.002778231122], [47,50,0.708814818095], [48,50,-0.709275891238], [49,50,-0.711751184137], [50,50,2.000000000000], [51,50,0.701287602162], [52,50,-0.010661873472], [53,50,0.705057417903], [74,50,0.711027616007], [75,50,0.708944243645], [76,50,0.001681944966], [77,50,-0.704885254315], [33,51,-0.703228819646], [44,51,-0.005302463204], [48,51,0.005123734455], [49,51,0.001606126501], [50,51,0.701287602162], [51,51,2.000000000000], [52,51,0.705360900968], [53,51,0.999985944365], [55,51,0.699332790637], [74,51,0.002635677712], [78,51,-0.008552796050], [79,51,-0.006563079154], [80,51,-0.999944533734], [33,52,0.007935262392], [34,52,0.701669202221], [44,52,-0.712578546469], [48,52,0.712453138663], [49,52,0.709980345895], [50,52,-0.010661873472], [51,52,0.705360900968], [52,52,2.000000000000], [53,52,0.701592681423], [56,52,0.703146659465], [59,52,-0.005131005472], [75,52,0.712783118527], [78,52,0.714855242559], [81,52,0.012018067321], [33,53,-0.706988455487], [44,53,-0.000000475572], [48,53,-0.000178255604], [49,53,-0.003695876874], [50,53,0.705057417903], [51,53,0.999985944365], [52,53,0.701592681423], [53,53,2.000000000000], [76,53,0.707963351222], [80,53,0.999986321031], [81,53,0.704094962635], [90,53,-0.001795852234], [95,53,0.003231240721], [100,53,-0.002682403267], [17,54,-0.005415131132], [35,54,0.709810094993], [48,54,-0.999975027780], [49,54,0.999993700450], [54,54,2.000000000000], [55,54,-0.716153958053], [56,54,-0.005062256286], [57,54,0.703605019650], [58,54,-0.007673486893], [59,54,0.710357902210], [60,54,0.007532779089], [35,55,-0.999959071588], [48,55,0.711203650038], [51,55,0.699332790637], [54,55,-0.716153958053], [55,55,2.000000000000], [56,55,0.701558750785], [57,55,-0.007937775322], [58,55,0.703417188302], [74,55,-0.712950529637], [78,55,0.708788833269], [79,55,0.710191057069], [80,55,-0.706822453384], [34,56,0.999997845655], [35,56,-0.707977307716], [48,56,-0.002004873499], [52,56,0.703146659465], [54,56,-0.005062256286], [55,56,0.701558750785], [56,56,2.000000000000], [57,56,0.707020352457], [58,56,0.999996590599], [59,56,0.707427638254], [75,56,0.002475229198], [78,56,0.005433991552], [81,56,-0.702543032340], [35,57,-0.001109648046], [36,57,0.707325917882], [48,57,-0.708609264432], [54,57,0.703605019650], [55,57,-0.007937775322], [56,57,0.707020352457], [57,57,2.000000000000], [58,57,0.705171261546], [60,57,0.705271024490], [79,57,0.709624150667], [35,58,-0.709819072679], [48,58,0.000606409413], [54,58,-0.007673486893], [55,58,0.703417188302], [56,58,0.999996590599], [57,58,0.705171261546], [58,58,2.000000000000], [101,58,-0.000936922025], [102,58,-0.707037127575], [103,58,-0.999992536066], [104,58,-0.706851146207], [105,58,-0.999995851891], [17,59,-0.707677004550], [34,59,0.708893215925], [49,59,0.707855133923], [52,59,-0.005131005472], [54,59,0.710357902210], [56,59,0.707427638254], [59,59,2.000000000000], [60,59,0.709171642958], [75,59,-0.705032567758], [78,59,-0.702931187495], [81,59,-0.999976282446], [17,60,-0.999997757690], [36,60,0.999995787031], [49,60,0.003983316728], [54,60,0.007532779089], [57,60,0.705271024490], [59,60,0.709171642958], [60,60,2.000000000000], [79,60,0.000973671664], [61,61,2.000000000000], [62,61,0.999995562310], [82,61,-0.999982287462], [83,61,-0.702430978044], [84,61,-0.999985008321], [61,62,0.999995562310], [62,62,2.000000000000], [82,62,0.999995581391], [108,62,-0.003329705745], [109,62,-0.999997955845], [110,62,-0.704735565800], [111,62,-0.999999933850], [24,63,0.000711833193], [38,63,-0.706670540667], [40,63,0.001229430306], [41,63,0.707104297142], [63,63,2.000000000000], [64,63,0.999996336046], [65,63,0.708701161988], [66,63,-0.999985410533], [67,63,0.705859897569], [68,63,-0.000674421817], [69,63,-0.706707623632], [70,63,-0.001547388818], [24,64,0.003418838296], [29,64,-0.004521001274], [38,64,-0.704752627286], [40,64,0.003936432153], [41,64,0.709015857063], [63,64,0.999996336046], [64,64,2.000000000000], [65,64,0.706788747101], [66,64,0.999996369169], [71,64,0.709817480904], [72,64,0.003706210481], [73,64,0.005251123118], [24,65,-0.705004141496], [38,65,-0.999995869801], [40,65,-0.704636965375], [41,65,0.002253829801], [42,65,0.705711008782], [63,65,0.708701161988], [64,65,0.706788747101], [65,65,2.000000000000], [68,65,0.705986600326], [71,65,-0.003391220441], [85,65,0.702813818331], [89,65,-0.000805892478], [29,66,-0.007215701830], [63,66,-0.999985410533], [64,66,0.999996369169], [66,66,2.000000000000], [67,66,-0.709675925106], [68,66,-0.004727320000], [69,66,0.702875556038], [70,66,-0.003854360496], [71,66,0.711713043041], [72,66,0.006400923027], [73,66,0.007945811410], [63,67,0.705859897569], [66,67,-0.709675925106], [67,67,2.000000000000], [68,67,0.707875261557], [69,67,0.002326141372], [70,67,0.707258382211], [85,67,0.711722019767], [86,67,0.705799054160], [87,67,0.003077138797], [88,67,-0.707553025725], [42,68,0.999999924318], [63,68,-0.000674421817], [65,68,0.705986600326], [66,68,-0.004727320000], [67,68,0.707875261557], [68,68,2.000000000000], [69,68,0.707982171683], [70,68,0.999999618964], [71,68,0.705826961659], [85,68,-0.007635733205], [89,68,-0.708793909597], [46,69,0.706350380268], [63,69,-0.706707623632], [66,69,0.702875556038], [67,69,0.002326141372], [68,69,0.707982171683], [69,69,2.000000000000], [70,69,0.708598417990], [72,69,0.706799213082], [86,69,0.706768389188], [90,69,-0.705946755929], [91,69,0.002558302948], [92,69,-0.704592740966], [93,69,-0.999999144951], [94,69,-0.706420333243], [63,70,-0.001547388818], [66,70,-0.003854360496], [67,70,0.707258382211], [68,70,0.999999618964], [69,70,0.708598417990], [70,70,2.000000000000], [87,70,0.704775468435], [91,70,0.703796872617], [115,70,-0.004605555236], [116,70,-0.999977383422], [117,70,-0.710146042991], [29,71,-0.707587536983], [42,71,0.706102508253], [64,71,0.709817480904], [65,71,-0.003391220441], [66,71,0.711713043041], [68,71,0.705826961659], [71,71,2.000000000000], [72,71,0.707011545164], [73,71,0.708103277361], [85,71,-0.713753143600], [89,71,-0.999991192107], [29,72,-0.999999668052], [46,72,0.999999798852], [64,72,0.003706210481], [66,72,0.006400923027], [69,72,0.706799213082], [71,72,0.707011545164], [72,72,2.000000000000], [73,72,0.999998806599], [86,72,-0.000913316433], [90,72,0.002074051684], [91,72,-0.705603694071], [92,72,-0.999995150800], [93,72,-0.707723699128], [94,72,-0.999999856651], [29,73,-0.999999733455], [64,73,0.005251123118], [66,73,0.007945811410], [71,73,0.708103277361], [72,73,0.999998806599], [73,73,2.000000000000], [92,73,0.999998768651], [96,73,0.708045316335], [118,73,-0.003371777129], [119,73,-0.706298864945], [45,74,-0.705136769512], [47,74,0.007978756458], [50,74,0.711027616007], [51,74,0.002635677712], [55,74,-0.712950529637], [74,74,2.000000000000], [75,74,0.999995623840], [76,74,0.704358998890], [77,74,-0.002423584136], [78,74,-0.999982493307], [79,74,-0.999992287596], [80,74,0.007896737227], [34,75,0.000399492767], [45,75,-0.707231420648], [47,75,0.005020387033], [50,75,0.708944243645], [52,75,0.712783118527], [56,75,0.002475229198], [59,75,-0.705032567758], [74,75,0.999995623840], [75,75,2.000000000000], [76,75,0.706455939133], [77,75,0.000534846459], [78,75,0.999995622794], [81,75,0.709900128299], [45,76,-0.999999399075], [47,76,-0.704201423188], [50,76,0.001681944966], [53,76,0.707963351222], [74,76,0.704358998890], [75,76,0.706455939133], [76,76,2.000000000000], [77,76,0.708134768963], [80,76,0.704259656329], [81,76,-0.003038222246], [90,76,0.704976635842], [95,76,0.708533085321], [100,76,-0.708145674635], [45,77,-0.707360278853], [47,77,-0.999984569613], [50,77,-0.704885254315], [74,77,-0.002423584136], [75,77,0.000534846459], [76,77,0.708134768963], [77,77,2.000000000000], [93,77,0.708091645286], [97,77,0.999998439066], [115,77,0.002579917136], [118,77,0.005437630185], [120,77,-0.001934747824], [34,78,0.003358273035], [51,78,-0.008552796050], [52,78,0.714855242559], [55,78,0.708788833269], [56,78,0.005433991552], [59,78,-0.702931187495], [74,78,-0.999982493307], [75,78,0.999995622794], [78,78,2.000000000000], [79,78,0.999998020400], [80,78,-0.001979598445], [81,78,0.707813143610], [36,79,0.003876409872], [51,79,-0.006563079154], [55,79,0.710191057069], [57,79,0.709624150667], [60,79,0.000973671664], [74,79,-0.999992287596], [78,79,0.999998020400], [79,79,2.000000000000], [80,79,-0.003969363370], [51,80,-0.999944533734], [53,80,0.999986321031], [55,80,-0.706822453384], [74,80,0.007896737227], [76,80,0.704259656329], [78,80,-0.001979598445], [79,80,-0.003969363370], [80,80,2.000000000000], [81,80,0.707799514112], [90,80,-0.007026282971], [95,80,-0.001999239910], [100,80,0.002548078344], [34,81,-0.704018699246], [52,81,0.012018067321], [53,81,0.704094962635], [56,81,-0.702543032340], [59,81,-0.999976282446], [75,81,0.709900128299], [76,81,-0.003038222246], [78,81,0.707813143610], [80,81,0.707799514112], [81,81,2.000000000000], [90,81,-0.711369131064], [95,81,-0.707827018227], [100,81,0.708214604288], [61,82,-0.999982287462], [62,82,0.999995581391], [82,82,2.000000000000], [83,82,0.706654791104], [84,82,0.999999886620], [108,82,-0.006302417025], [109,82,-0.999999548000], [110,82,-0.706841523664], [111,82,-0.999996596522], [61,83,-0.702430978044], [82,83,0.706654791104], [83,83,2.000000000000], [84,83,0.706317776863], [89,83,0.001987837143], [108,83,0.711998063309], [112,83,0.006412744526], [113,83,-0.707098801986], [114,83,-0.999986463539], [61,84,-0.999985008321], [82,84,0.999999886620], [83,84,0.706317776863], [84,84,2.000000000000], [109,84,0.999999887379], [112,84,0.703350915012], [128,84,-0.003633674114], [129,84,-0.004963952604], [130,84,-0.999992847932], [42,85,-0.008024775668], [65,85,0.702813818331], [67,85,0.711722019767], [68,85,-0.007635733205], [71,85,-0.713753143600], [85,85,2.000000000000], [86,85,0.999964752792], [87,85,0.704647962399], [88,85,-0.007179643323], [89,85,0.710807214183], [46,86,-0.001547584610], [67,86,0.705799054160], [69,86,0.706768389188], [72,86,-0.000913316433], [85,86,0.999964752792], [86,86,2.000000000000], [87,86,0.710580581900], [88,86,0.001216414671], [90,86,-0.999999326345], [91,86,0.709250823889], [92,86,0.004027532410], [93,86,-0.705842654200], [94,86,0.001448757002], [67,87,0.003077138797], [70,87,0.704775468435], [85,87,0.704647962399], [86,87,0.710580581900], [87,87,2.000000000000], [88,87,0.704479670371], [91,87,-0.007961508752], [115,87,-0.712668791273], [116,87,-0.699988238948], [117,87,-0.999971127598], [67,88,-0.707553025725], [85,88,-0.007179643323], [86,88,0.001216414671], [87,88,0.704479670371], [88,88,2.000000000000], [110,88,0.707332362745], [113,88,0.999999997795], [128,88,0.004803988128], [131,88,-0.703503916069], [42,89,-0.709068300992], [65,89,-0.000805892478], [68,89,-0.708793909597], [71,89,-0.999991192107], [83,89,0.001987837143], [85,89,0.710807214183], [89,89,2.000000000000], [108,89,-0.700764704480], [112,89,-0.999964714941], [113,89,-0.708518960477], [114,89,-0.007190946886], [46,90,0.002708318527], [53,90,-0.001795852234], [69,90,-0.705946755929], [72,90,0.002074051684], [76,90,0.704976635842], [80,90,-0.007026282971], [81,90,-0.711369131064], [86,90,-0.999999326345], [90,90,2.000000000000], [91,90,-0.710068614406], [92,90,-0.005188256633], [93,90,0.705019949462], [94,90,-0.002609491158], [95,90,0.999987364162], [100,90,-0.999989972612], [46,91,-0.706052999124], [69,91,0.002558302948], [70,91,0.703796872617], [72,91,-0.705603694071], [86,91,0.709250823889], [87,91,-0.007961508752], [90,91,-0.710068614406], [91,91,2.000000000000], [92,91,0.707807030761], [93,91,-0.001250598220], [94,91,0.705983009939], [115,91,0.707152358743], [116,91,-0.708558774393], [117,91,0.000362574329], [46,92,-0.999996924906], [69,92,-0.704592740966], [72,92,-0.999995150800], [73,92,0.999998768651], [86,92,0.004027532410], [90,92,-0.005188256633], [91,92,0.707807030761], [92,92,2.000000000000], [93,92,0.705520102845], [94,92,0.999996674934], [96,92,0.709152630808], [118,92,-0.001802484089], [119,92,-0.705187067708], [46,93,-0.707275452758], [69,93,-0.999999144951], [72,93,-0.707723699128], [77,93,0.708091645286], [86,93,-0.705842654200], [90,93,0.705019949462], [91,93,-0.001250598220], [92,93,0.705520102845], [93,93,2.000000000000], [94,93,0.707345314381], [97,93,0.706842909679], [115,93,0.707945011252], [118,93,0.709960444650], [120,93,-0.707489200622], [46,94,-0.999999995117], [69,94,-0.706420333243], [72,94,-0.999999856651], [86,94,0.001448757002], [90,94,-0.002609491158], [91,94,0.705983009939], [92,94,0.999996674934], [93,94,0.707345314381], [94,94,2.000000000000], [117,94,0.707972751442], [132,94,-0.008399166592], [134,94,-0.006155218865], [53,95,0.003231240721], [76,95,0.708533085321], [80,95,-0.001999239910], [81,95,-0.707827018227], [90,95,0.999987364162], [95,95,2.000000000000], [96,95,-0.705169287495], [97,95,0.001707109722], [98,95,0.707956867889], [99,95,0.006284125117], [100,95,-0.999999849387], [73,96,0.708045316335], [92,96,0.709152630808], [95,96,-0.705169287495], [96,96,2.000000000000], [97,96,0.707834146078], [98,96,0.001533361080], [99,96,0.704593608350], [118,96,0.703775613494], [119,96,-0.000186257174], [77,97,0.999998439066], [93,97,0.706842909679], [95,97,0.001707109722], [96,97,0.707834146078], [97,97,2.000000000000], [98,97,0.707463202233], [99,97,0.999989525298], [115,97,0.000813038909], [118,97,0.003670767739], [120,97,-0.000167868031], [95,98,0.707956867889], [96,98,0.001533361080], [97,98,0.707463202233], [98,98,2.000000000000], [99,98,0.710690615574], [102,98,0.001501663751], [121,98,-0.706380853781], [122,98,-0.704095667289], [123,98,-0.999996419947], [124,98,-0.706699039089], [95,99,0.006284125117], [96,99,0.704593608350], [97,99,0.999989525298], [98,99,0.710690615574], [99,99,2.000000000000], [119,99,0.709742276681], [134,99,0.010021651027], [135,99,-0.002963697557], [136,99,0.000662793947], [137,99,-0.710964863204], [53,100,-0.002682403267], [76,100,-0.708145674635], [80,100,0.002548078344], [81,100,0.708214604288], [90,100,-0.999989972612], [95,100,-0.999999849387], [100,100,2.000000000000], [101,100,0.999999132320], [106,100,-0.002104532507], [107,100,-0.004967319448], [58,101,-0.000936922025], [100,101,0.999999132320], [101,101,2.000000000000], [102,101,-0.706513678892], [103,101,-0.002926736015], [104,101,0.708024277720], [105,101,-0.001943393233], [106,101,-0.000787203503], [107,101,-0.003650001295], [58,102,-0.707037127575], [98,102,0.001501663751], [101,102,-0.706513678892], 