{
"N": {
"shape": [192, 149],
"data": [[0,0,-0.002710663597], [1,0,-0.999996326145], [6,0,0.002710663597], [7,0,0.999996326145], [3,1,-0.000946326168], [4,1,-0.999999552233], [6,1,0.000946326168], [7,1,0.999999552233], [6,2,-0.706460228161], [7,2,0.707752743567], [27,2,0.706460228161], [28,2,-0.707752743567], [6,3,-0.704575313260], [7,3,-0.709629218637], [33,3,0.704575313260], [34,3,0.709629218637], [9,4,-0.999991878821], [10,4,0.004030172583], [33,4,0.999991878821], [34,4,-0.004030172583], [12,5,0.004668319018], [13,5,-0.999989103339], [15,5,-0.004668319018], [16,5,0.999989103339], [12,6,-0.000079915619], [13,6,-0.999999996807], [18,6,0.000079915619], [19,6,0.999999996807], [12,7,-0.706308097444], [13,7,0.707904563826], [33,7,0.706308097444], [34,7,-0.707904563826], [15,8,-0.004880715986], [16,8,-0.999988089235], [18,8,0.004880715986], [19,8,0.999988089235], [15,9,-0.002225606573], [16,9,-0.999997523335], [21,9,0.002225606573], [22,9,0.999997523335], [18,10,-0.710145994249], [19,10,0.704054448784], [39,10,0.710145994249], [40,10,-0.704054448784], [18,11,-0.999997764504], [19,11,-0.002114471045], [42,11,0.999997764504], [43,11,0.002114471045], [18,12,-0.999993655792], [19,12,-0.003562074750], [66,12,0.999993655792], [67,12,0.003562074750], [21,13,-0.706866994908], [22,13,0.707346486179], [42,13,0.706866994908], [43,13,-0.707346486179], [24,14,-0.009022507252], [25,14,-0.999959296353], [27,14,0.009022507252], [28,14,0.999959296353], [24,15,-0.002613447787], [25,15,-0.999996584940], [30,15,0.002613447787], [31,15,0.999996584940], [24,16,-0.999997236693], [25,16,0.002350873396], [48,16,0.999997236693], [49,16,-0.002350873396], [24,17,-0.710083446172], [25,17,-0.704117532428], [51,17,0.710083446172], [52,17,0.704117532428], [24,18,-0.999999987252], [25,18,0.000159672469], [72,18,0.999999987252], [73,18,-0.000159672469], [27,19,0.003688338074], [28,19,-0.999993198058], [30,19,-0.003688338074], [31,19,0.999993198058], [27,20,-0.703174264748], [28,20,-0.711017547882], [54,20,0.703174264748], [55,20,0.711017547882], [27,21,-0.999998905223], [28,21,-0.001479713990], [75,21,0.999998905223], [76,21,0.001479713990], [30,22,-0.000101606141], [31,22,-0.999999994838], [36,22,0.000101606141], [37,22,0.999999994838], [30,23,-0.706791417592], [31,23,0.707422004195], [51,23,0.706791417592], [52,23,-0.707422004195], [30,24,-0.999998446877], [31,24,0.001762453929], [54,24,0.999998446877], [55,24,-0.001762453929], [30,25,-0.706058180663], [31,25,-0.708153828994], [57,25,0.706058180663], [58,25,0.708153828994], [30,26,-0.999998675834], [31,26,0.001627369410], [78,26,0.999998675834], [79,26,-0.001627369410], [33,27,-0.003678183661], [34,27,-0.999993235460], [36,27,0.003678183661], [37,27,0.999993235460], [36,28,-0.707840014555], [37,28,0.706372786703], [57,28,0.707840014555], [58,28,-0.706372786703], [36,29,-0.999999983941], [37,29,-0.000179214878], [60,29,0.999999983941], [61,29,0.000179214878], [36,30,-0.705322949831], [37,30,-0.708886123748], [63,30,0.705322949831], [64,30,0.708886123748], [39,31,0.003676630908], [40,31,-0.999993241170], [42,31,-0.003676630908], [43,31,0.999993241170], [39,32,0.002990872456], [40,32,-0.999995527331], [45,32,-0.002990872456], [46,32,0.999995527331], [39,33,-0.703797220054], [40,33,0.710400924158], [60,33,0.703797220054], [61,33,-0.710400924158], [39,34,-0.999995161395], [40,34,0.003110817702], [63,34,0.999995161395], [64,34,-0.003110817702], [39,35,-0.703446497638], [40,35,-0.710748214884], [66,35,0.703446497638], [67,35,0.710748214884], [39,36,-0.999994329379], [40,36,0.003367671209], [87,36,0.999994329379], [88,36,-0.003367671209], [42,37,0.002305193340], [43,37,-0.999997343038], [45,37,-0.002305193340], [46,37,0.999997343038], [42,38,-0.707198309735], [43,38,-0.707015240789], [69,38,0.707198309735], [70,38,0.707015240789], [45,39,-0.709070945187], [46,39,0.705137146016], [66,39,0.709070945187], [67,39,-0.705137146016], [45,40,-0.999973788018], [46,40,-0.007240391997], [69,40,0.999973788018], [70,40,0.007240391997], [45,41,-0.999993571065], [46,41,-0.003585781518], [93,41,0.999993571065], [94,41,0.003585781518], [48,42,-0.999997914542], [49,42,-0.002042281048], [72,42,0.999997914542], [73,42,0.002042281048], [48,43,-0.999999344475], [49,43,-0.001145010510], [96,43,0.999999344475], [97,43,0.001145010510], [51,44,0.001848989044], [52,44,-0.999998290618], [54,44,-0.001848989044], [55,44,0.999998290618], [51,45,0.003283644287], [52,45,-0.999994608826], [57,45,-0.003283644287], [58,45,0.999994608826], [51,46,-0.706829710638], [52,46,0.707383743211], [72,46,0.706829710638], [73,46,-0.707383743211], [51,47,-0.999993981516], [52,47,0.003469428251], [75,47,0.999993981516], [76,47,-0.003469428251], [51,48,-0.707867326244], [52,48,-0.706345417226], [78,48,0.707867326244], [79,48,0.706345417226], [51,49,-0.999994224129], [52,49,0.003398780405], [99,49,0.999994224129], [100,49,-0.003398780405], [54,50,-0.704917830865], [55,50,0.709288976179], [75,50,0.704917830865], [76,50,-0.709288976179], [54,51,-0.999998885842], [55,51,0.001492754412], [78,51,0.999998885842], [79,51,-0.001492754412], [54,52,-0.707794575307], [55,52,-0.706418317406], [81,52,0.707794575307], [82,52,0.706418317406], [54,53,-0.999999738804], [55,53,0.000722767399], [102,53,0.999999738804], [103,53,-0.000722767399], [57,54,-0.002134529524], [58,54,-0.999997721889], [63,54,0.002134529524], [64,54,0.999997721889], [57,55,-0.999998257183], [58,55,0.001866984192], [81,55,0.999998257183], [82,55,-0.001866984192], [57,56,-0.999999340358], [58,56,0.001148601063], [105,56,0.999999340358], [106,56,-0.001148601063], [60,57,0.002326623923], [61,57,-0.999997293407], [63,57,-0.002326623923], [64,57,0.999997293407], [60,58,-0.704481353026], [61,58,-0.709722497346], [87,58,0.704481353026], [88,58,0.709722497346], [63,59,-0.706091557533], [64,59,0.708120549328], [84,59,0.706091557533], [85,59,-0.708120549328], [63,60,-0.999996606146], [64,60,0.002605320733], [111,60,0.999996606146], [112,60,-0.002605320733], [66,61,-0.009312797986], [67,61,-0.999956634957], [69,61,0.009312797986], [70,61,0.999956634957], [66,62,-0.999975705678], [67,62,0.006970513189], [90,62,0.999975705678], [91,62,-0.006970513189], [66,63,-0.709508978788], [67,63,-0.704696394924], [93,63,0.709508978788], [94,63,0.704696394924], [69,64,-0.703669052655], [70,64,0.710527877241], [90,64,0.703669052655], [91,64,-0.710527877241], [69,65,-0.999999994366], [70,65,0.000106152097], [93,65,0.999999994366], [94,65,-0.000106152097], [69,66,-0.999997751879], [70,66,0.002120432987], [117,66,0.999997751879], [118,66,-0.002120432987], [72,67,-0.999999968527], [73,67,-0.000250891393], [96,67,0.999999968527], [97,67,0.000250891393], [75,68,-0.005224039712], [76,68,-0.999986354611], [78,68,0.005224039712], [79,68,0.999986354611], [75,69,-0.000907030683], [76,69,-0.999999588648], [81,69,0.000907030683], [82,69,0.999999588648], [78,70,-0.701770112231], [79,70,0.712403473868], [99,70,0.701770112231], [100,70,-0.712403473868], [78,71,-0.999999998734], [79,71,-0.000050316954], [102,71,0.999999998734], [103,71,0.000050316954], [78,72,-0.999998960227], [79,72,0.001442063051], [126,72,0.999998960227], [127,72,-0.001442063051], [81,73,0.002491589706], [82,73,-0.999996895986], [87,73,-0.002491589706], [88,73,0.999996895986], [81,74,-0.708279674892], [82,74,0.705931938741], [102,74,0.708279674892], [103,74,-0.705931938741], [84,75,0.001447900575], [85,75,-0.999998951791], [87,75,-0.001447900575], [88,75,0.999998951791], [84,76,-0.001409064097], [85,76,-0.999999007269], [90,76,0.001409064097], [91,76,0.999999007269], [84,77,-0.706765456128], [85,77,0.707447941565], [105,77,0.706765456128], [106,77,-0.707447941565], [84,78,-0.709939952561], [85,78,-0.704262212360], [111,78,0.709939952561], [112,78,0.704262212360], [87,79,-0.709714001548], [88,79,0.704489911927], [108,79,0.709714001548], [109,79,-0.704489911927], [87,80,-0.999998728334], [88,80,0.001594782043], [111,80,0.999998728334], [112,80,-0.001594782043], [90,81,-0.706299592186], [91,81,0.707913049801], [111,81,0.706299592186], [112,81,-0.707913049801], [90,82,-0.999999651603], [91,82,0.000834741818], [114,82,0.999999651603], [115,82,-0.000834741818], [93,83,-0.704296925799], [94,83,0.709905515058], [114,83,0.704296925799], [115,83,-0.709905515058], [93,84,-0.999991495967], [94,84,0.004124074920], [117,84,0.999991495967], [118,84,-0.004124074920], [96,85,0.009049173660], [97,85,-0.999959055390], [99,85,-0.009049173660], [100,85,0.999959055390], [99,86,-0.709740575473], [100,86,0.704463139935], [120,86,0.709740575473], [121,86,-0.704463139935], [99,87,-0.999994923482], [100,87,-0.003186378778], [147,87,0.999994923482], [148,87,0.003186378778], [102,88,0.007547536057], [103,88,-0.999971516944], [105,88,-0.007547536057], [106,88,0.999971516944], [102,89,0.003743790088], [103,89,-0.999992991993], [108,89,-0.003743790088], [109,89,0.999992991993], [102,90,-0.999995686222], [103,90,0.002937267159], [126,90,0.999995686222], [127,90,-0.002937267159], [102,91,-0.706926009063], [103,91,-0.707287507107], [129,91,0.706926009063], [130,91,0.707287507107], [105,92,-0.000045171724], [106,92,-0.999999998980], [108,92,0.000045171724], [109,92,0.999999998980], [105,93,-0.001897308806], [106,93,-0.999998200108], [111,93,0.001897308806], [112,93,0.999998200108], [105,94,-0.708176767841], [106,94,0.706035172984], [126,94,0.708176767841], [127,94,-0.706035172984], [108,95,-0.003771254216], [109,95,-0.999992888796], [111,95,0.003771254216], [112,95,0.999992888796], [108,96,-0.001027652461], [109,96,-0.999999471965], [114,96,0.001027652461], [115,96,0.999999471965], [108,97,-0.712243358464], [109,97,-0.701932616654], [135,97,0.712243358464], [136,97,0.701932616654], [108,98,-0.999994490147], [109,98,0.003319589676], [156,98,0.999994490147], [157,98,-0.003319589676], [111,99,0.001688850086], [112,99,-0.999998573892], [114,99,-0.001688850086], [115,99,0.999998573892], [111,100,-0.999997540198], [112,100,-0.002218016628], [135,100,0.999997540198], [136,100,0.002218016628], [114,101,-0.999995814795], [115,101,-0.002893163141], [162,101,0.999995814795], [163,101,0.002893163141], [117,102,-0.706165782245], [118,102,0.708046529535], [138,102,0.706165782245], [139,102,-0.708046529535], [117,103,-0.999996186037], [118,103,-0.002761867563], [165,103,0.999996186037], [166,103,0.002761867563], [120,104,-0.706734816161], [121,104,-0.707478550647], [147,104,0.706734816161], [148,104,0.707478550647], [123,105,-0.003481613444], [124,105,-0.999993939166], [126,105,0.003481613444], [127,105,0.999993939166], [123,106,-0.001388694301], [124,106,-0.999999035764], [129,106,0.001388694301], [130,106,0.999999035764], [123,107,-0.999999389653], [124,107,0.001104849871], [147,107,0.999999389653], [148,107,-0.001104849871], [123,108,-0.709900065667], [124,108,-0.704302418543], [150,108,0.709900065667], [151,108,0.704302418543], [123,109,-0.999999354531], [124,109,0.001136194669], [171,109,0.999999354531], [172,109,-0.001136194669], [126,110,0.000694975108], [127,110,-0.999999758505], [129,110,-0.000694975108], [130,110,0.999999758505], [129,111,-0.001927238299], [130,111,-0.999998142875], [135,111,0.001927238299], [136,111,0.999998142875], [129,112,-0.706901782317], [130,112,0.707311720641], [150,112,0.706901782317], [151,112,-0.707311720641], [129,113,-0.999997585661], [130,113,-0.002197424133], [153,113,0.999997585661], [154,113,0.002197424133], [129,114,-0.707634614357], [130,114,-0.706578553710], [156,114,0.707634614357], [157,114,0.706578553710], [129,115,-0.999997300183], [130,115,-0.002323709638], [177,115,0.999997300183], [178,115,0.002323709638], [132,116,-0.002967553397], [133,116,-0.999995596804], [135,116,0.002967553397], [136,116,0.999995596804], [132,117,0.001174254396], [133,117,-0.999999310563], [138,117,-0.001174254396], [139,117,0.999999310563], [132,118,-0.706260383992], [133,118,0.707952166466], [153,118,0.706260383992], [154,118,-0.707952166466], [132,119,-0.999990253059], [133,119,0.004415176800], [156,119,0.999990253059], [157,119,-0.004415176800], [132,120,-0.708589976616], [133,120,-0.705620468127], [159,120,0.708589976616], [160,120,0.705620468127], [132,121,-0.999999006548], [133,121,0.001409575225], [180,121,0.999999006548], [181,121,-0.001409575225], [138,122,-0.003949150552], [139,122,-0.999992202075], [141,122,0.003949150552], [142,122,0.999992202075], [138,123,-0.999989601222], [139,123,-0.004560421808], [162,123,0.999989601222], [163,123,0.004560421808], [138,124,-0.706415191958], [139,124,-0.707797694664], [165,124,0.706415191958], [166,124,0.707797694664], [141,125,-0.706843693951], [142,125,0.707369770574], [162,125,0.706843693951], [163,125,-0.707369770574], [141,126,-0.999973326968], [142,126,-0.007303790342], [165,126,0.999973326968], [166,126,0.007303790342], [144,127,0.001942778916], [145,127,-0.999998112803], [147,127,-0.001942778916], [148,127,0.999998112803], [144,128,-0.706451870310], [145,128,-0.707761086056], [171,128,0.706451870310], [172,128,0.707761086056], [147,129,-0.707084236716], [148,129,0.707129324939], [168,129,0.707084236716], [169,129,-0.707129324939], [147,130,-0.999999318587], [148,130,0.001167401307], [171,130,0.999999318587], [172,130,-0.001167401307], [150,131,0.000349935648], [151,131,-0.999999938773], [156,131,-0.000349935648], [157,131,0.999999938773], [150,132,-0.708760965440], [151,132,0.705448718100], [171,132,0.708760965440], [172,132,-0.705448718100], [150,133,-0.999997181822], [151,133,0.002374099302], [174,133,0.999997181822], [175,133,-0.002374099302], [150,134,-0.705960964948], [151,134,-0.708250743713], [177,134,0.705960964948], [178,134,0.708250743713], [153,135,-0.000774615599], [154,135,-0.999999699985], [156,135,0.000774615599], [157,135,0.999999699985], [153,136,-0.001845695568], [154,136,-0.999998296702], [159,136,0.001845695568], [160,136,0.999998296702], [153,137,-0.999997000275], [154,137,-0.002449375459], [177,137,0.999997000275], [178,137,0.002449375459], [153,138,-0.708203055657], [154,138,-0.706008804448], [180,138,0.708203055657], [181,138,0.706008804448], [156,139,-0.710472960817], [157,139,0.703724500034], [177,139,0.710472960817], [178,139,-0.703724500034], [156,140,-0.999998731707], [157,140,-0.001592665592], [180,140,0.999998731707], [181,140,0.001592665592], [159,141,0.006512639241], [160,141,-0.999978792540], [162,141,-0.006512639241], [163,141,0.999978792540], [159,142,-0.705930171395], [160,142,0.708281436376], [180,142,0.705930171395], [181,142,-0.708281436376], [168,143,-0.002700589428], [169,143,-0.999996353402], [171,143,0.002700589428], [172,143,0.999996353402], [168,144,0.002249139687], [169,144,-0.999997470682], [174,144,-0.002249139687], [175,144,0.999997470682], [171,145,0.007228154643], [172,145,-0.999973876549], [174,145,-0.007228154643], [175,145,0.999973876549], [177,146,0.003162774020], [178,146,-0.999994998418], [180,146,-0.003162774020], [181,146,0.999994998418], [177,147,0.003921970414], [178,147,-0.999992309044], [183,147,-0.003921970414], [184,147,0.999992309044], [186,148,-0.000437019118], [187,148,-0.999999904507], [189,148,0.000437019118], [190,148,0.999999904507], ]
},
"Q": {
"shape": [149, 149],
"data": [[0,0,2.000000000000], [1,0,0.999998443552], [2,0,0.705835167362], [3,0,-0.711536478216], [0,1,0.999998443552], [1,1,2.000000000000], [2,1,0.707083884858], [3,1,-0.710295658945], [0,2,0.705835167362], [1,2,0.707083884858], [2,2,2.000000000000], [3,2,-0.004487589843], [14,2,-0.701349892917], [19,2,0.710353593631], [20,2,0.006459968726], [21,2,-0.705412183109], [0,3,-0.711536478216], [1,3,-0.710295658945], [2,3,-0.004487589843], [3,3,2.000000000000], [4,3,0.701709663058], [7,3,-0.004702513483], [27,3,-0.712215975727], [3,4,0.701709663058], [4,4,2.000000000000], [7,4,0.709155338954], [27,4,0.000351991531], [5,5,2.000000000000], [6,5,0.999988727075], [7,5,-0.711194121554], [8,5,-0.999954407965], [9,5,-0.999976236860], [5,6,0.999988727075], [6,6,2.000000000000], [7,6,-0.707848116517], [8,6,0.999988476087], [10,6,0.703997694779], [11,6,-0.002194386478], [12,6,-0.003641989850], [3,7,-0.004702513483], [4,7,0.709155338954], [5,7,-0.711194121554], [6,7,-0.707848116517], [7,7,2.000000000000], [27,7,0.705301844274], [5,8,-0.999954407965], [6,8,0.999988476087], [8,8,2.000000000000], [9,8,0.999996475153], [10,8,0.700580042050], [11,8,-0.006995150935], [12,8,-0.008442717344], [5,9,-0.999976236860], [8,9,0.999996475153], [9,9,2.000000000000], [13,9,0.705771526488], [6,10,0.703997694779], [8,10,0.700580042050], [10,10,2.000000000000], [11,10,0.708655703974], [12,10,0.707633594360], [31,10,0.706660634911], [32,10,0.706175255875], [33,10,-0.999959707658], [34,10,-0.712332743175], [35,10,0.000855730188], [36,10,-0.712512991177], [6,11,-0.002194386478], [8,11,-0.006995150935], [10,11,0.708655703974], [11,11,2.000000000000], [12,11,0.999998952213], [13,11,0.705369751046], [31,11,-0.001562165935], [37,11,0.000190722760], [38,11,-0.708691692050], [6,12,-0.003641989850], [8,12,-0.008442717344], [10,12,0.707633594360], [11,12,0.999998952213], [12,12,2.000000000000], [35,12,0.705973773096], [39,12,0.706554695471], [61,12,-0.012874659183], [62,12,-0.999944532135], [63,12,-0.712014658750], [9,13,0.705771526488], [11,13,0.705369751046], [13,13,2.000000000000], [31,13,-0.709940594385], [37,13,0.708974071875], [38,13,0.000209602241], [2,14,-0.701349892917], [14,14,2.000000000000], [15,14,0.999979461283], [16,14,0.006671704613], [17,14,0.710495605319], [18,14,0.008862841167], [19,14,-0.999919216631], [20,14,-0.717333001778], [21,14,-0.010502151134], [14,15,0.999979461283], [15,15,2.000000000000], [16,15,0.000262575198], [17,15,0.705970893835], [18,15,0.002453775831], [19,15,0.999980143742], [22,15,-0.999996845320], [23,15,0.705572425839], [24,15,-0.000850995818], [25,15,-0.709996656795], [26,15,-0.000986080474], [14,16,0.006671704613], [15,16,0.000262575198], [16,16,2.000000000000], [17,16,0.708426192819], [18,16,0.999997599315], [42,16,-0.999990350097], [43,16,-0.999993889396], [14,17,0.710495605319], [15,17,0.705970893835], [16,17,0.708426192819], [17,17,2.000000000000], [18,17,0.709971008936], [23,17,0.003772649550], [44,17,-0.702803392310], [45,17,-0.701782074956], [46,17,-0.003826781038], [47,17,-0.707636287287], [48,17,-0.999995062671], [49,17,-0.707686203950], [14,18,0.008862841167], [15,18,0.002453775831], [16,18,0.999997599315], [17,18,0.709971008936], [18,18,2.000000000000], [42,18,0.999997575698], [46,18,0.706942651336], [67,18,-0.999999915719], [2,19,0.710353593631], [14,19,-0.999919216631], [15,19,0.999980143742], [19,19,2.000000000000], [20,19,0.708419167168], [21,19,-0.002208630111], [22,19,-0.999992818138], [23,19,0.710024078047], [24,19,0.005450774287], [25,19,-0.705544830902], [26,19,0.005315691531], [2,20,0.006459968726], [14,20,-0.717333001778], [19,20,0.708419167168], [20,20,2.000000000000], [21,20,0.704225597541], [24,20,0.701920036960], [44,20,0.709716170970], [50,20,0.008636831157], [51,20,-0.702112106718], [52,20,-0.999978749905], [53,20,-0.702660180778], [2,21,-0.705412183109], [14,21,-0.010502151134], [19,21,-0.002208630111], [20,21,0.704225597541], [21,21,2.000000000000], [47,21,0.999987752983], [50,21,0.703867514316], [68,21,-0.006703727792], [69,21,-0.002386743072], [15,22,-0.999996845320], [19,22,-0.999992818138], [22,22,2.000000000000], [23,22,-0.707350186195], [24,22,-0.001660847937], [25,22,0.708225565185], [26,22,-0.001525763396], [27,22,0.999993604024], [28,22,0.706300862165], [29,22,-0.000280821016], [30,22,-0.708957785231], [15,23,0.705572425839], [17,23,0.003772649550], [19,23,0.710024078047], [22,23,-0.707350186195], [23,23,2.000000000000], [24,23,0.708037118549], [25,23,-0.001927738572], [26,23,0.707941718612], [44,23,0.708727644528], [45,23,0.709739041960], [46,23,-0.999999998535], [47,23,-0.709241513665], [48,23,-0.000630260276], [49,23,-0.709191707302], [15,24,-0.000850995818], [19,24,0.005450774287], [20,24,0.701920036960], [22,24,-0.001660847937], [23,24,0.708037118549], [24,24,2.000000000000], [25,24,0.704808995570], [26,24,0.999999990876], [44,24,-0.003611437089], [50,24,-0.706166825184], [51,24,-0.999999963631], [52,24,-0.706548446275], [53,24,-0.999999459525], [15,25,-0.709996656795], [19,25,-0.705544830902], [22,25,0.708225565185], [23,25,-0.001927738572], [24,25,0.704808995570], [25,25,2.000000000000], [26,25,0.704904817846], [28,25,-0.000444360723], [45,25,0.705831567301], [54,25,-0.709659317773], [55,25,-0.704734838129], [56,25,-0.705244328677], [15,26,-0.000986080474], [19,26,0.005315691531], [22,26,-0.001525763396], [23,26,0.707941718612], [24,26,0.999999990876], [25,26,0.704904817846], [26,26,2.000000000000], [48,26,0.706716903985], [51,26,0.999999990939], [68,26,0.003596685591], [70,26,-0.702928526592], [71,26,-0.999998592683], [72,26,-0.999999982831], [3,27,-0.712215975727], [4,27,0.000351991531], [7,27,0.705301844274], [22,27,0.999993604024], [27,27,2.000000000000], [28,27,0.703764442840], [29,27,-0.003857397267], [30,27,-0.711475635808], [22,28,0.706300862165], [25,28,-0.000444360723], [27,28,0.703764442840], [28,28,2.000000000000], [29,28,0.707713410675], [30,28,-0.001482059613], [45,28,-0.708693273344], [54,28,0.704860272098], [55,28,-0.709157567746], [56,28,-0.708650888167], [22,29,-0.000280821016], [27,29,-0.003857397267], [28,29,0.707713410675], [29,29,2.000000000000], [30,29,0.705449981444], [33,29,0.703669894337], [57,29,0.002147409493], [58,29,-0.704608534543], [22,30,-0.708957785231], [27,30,-0.711475635808], [28,30,-0.001482059613], [29,30,0.705449981444], [30,30,2.000000000000], [34,30,0.703114321549], [54,30,0.710390041487], [57,30,0.707243183833], [59,30,0.003954251149], [60,30,-0.703473680352], [10,31,0.706660634911], [11,31,-0.001562165935], [13,31,-0.709940594385], [31,31,2.000000000000], [32,31,0.999999764865], [33,31,-0.712983725291], [34,31,-0.006787409795], [35,31,0.708157097922], [36,31,-0.007044258507], [37,31,-0.999999059571], [38,31,-0.704410355030], [10,32,0.706175255875], [31,32,0.999999764865], [32,32,2.000000000000], [33,32,-0.712502714490], [34,32,-0.006101661773], [35,32,0.708641117188], [36,32,-0.006358511643], [37,32,0.999999764920], [39,32,0.707254732930], [40,32,-0.004249565554], [41,32,-0.000594912252], [10,33,-0.999959707658], [29,33,0.703669894337], [31,33,-0.712983725291], [32,33,-0.712502714490], [33,33,2.000000000000], [34,33,0.706003742428], [35,33,-0.009832499202], [36,33,0.706185625826], [57,33,0.712036472841], [58,33,0.008375500171], [10,34,-0.712332743175], [30,34,0.703114321549], [31,34,-0.006787409795], [32,34,-0.006101661773], [33,34,0.706003742428], [34,34,2.000000000000], [35,34,0.701232085810], [36,34,0.999999967013], [54,34,-0.000976291420], [57,34,-0.005437421948], [59,34,-0.708290974975], [60,34,-0.999999872235], [10,35,0.000855730188], [12,35,0.705973773096], [31,35,0.708157097922], [32,35,0.708641117188], [33,35,-0.009832499202], [34,35,0.701232085810], [35,35,2.000000000000], [36,35,0.701048942360], [39,35,-0.002381494810], [61,35,-0.717268448383], [62,35,-0.698475128076], [63,35,-0.999963310899], [10,36,-0.712512991177], [31,36,-0.007044258507], [32,36,-0.006358511643], [33,36,0.706185625826], [34,36,0.999999967013], [35,36,0.701048942360], [36,36,2.000000000000], [58,36,0.702087246158], [73,36,-0.005859236333], [75,36,-0.004815560044], [79,36,-0.712082467422], [80,36,-0.999998428422], [11,37,0.000190722760], [13,37,0.708974071875], [31,37,-0.999999059571], [32,37,0.999999764920], [37,37,2.000000000000], [38,37,0.705383133443], [39,37,0.706769818114], [40,37,-0.004935239843], [41,37,-0.001280593470], [11,38,-0.708691692050], [13,38,0.000209602241], [31,38,-0.704410355030], [37,38,0.705383133443], [38,38,2.000000000000], [40,38,0.712298840157], [61,38,0.713570576037], [64,38,0.004720473565], [65,38,-0.707123254600], [66,38,-0.705697541429], [12,39,0.706554695471], [32,39,0.707254732930], [35,39,-0.002381494810], [37,39,0.706769818114], [39,39,2.000000000000], [40,39,0.703946889684], [41,39,0.706537918870], [61,39,0.698503133243], [62,39,-0.713968886566], [63,39,-0.006184597484], [32,40,-0.004249565554], [37,40,-0.004935239843], [38,40,0.712298840157], [39,40,0.703946889684], [40,40,2.000000000000], [41,40,0.999993321715], [61,40,0.016552631896], [64,40,-0.698506107738], [65,40,-0.999973013802], [66,40,-0.999956187191], [32,41,-0.000594912252], [37,41,-0.001280593470], [39,41,0.706537918870], [40,41,0.999993321715], [41,41,2.000000000000], [63,41,0.712031304710], [65,41,0.999993184792], [83,41,-0.701746831844], [84,41,-0.999970279055], [16,42,-0.999990350097], [18,42,0.999997575698], [42,42,2.000000000000], [43,42,0.999999597452], [46,42,0.705383560162], [67,42,-0.999998395459], [16,43,-0.999993889396], [42,43,0.999999597452], [43,43,2.000000000000], [67,43,0.999999600275], [85,43,0.007904204100], [17,44,-0.702803392310], [20,44,0.709716170970], [23,44,0.708727644528], [24,44,-0.003611437089], [44,44,2.000000000000], [45,44,0.999998970875], [46,44,-0.708689454413], [47,44,-0.005318400236], [48,44,0.705035370881], [49,44,-0.005247752960], [50,44,0.710591149079], [51,44,0.003341738844], [52,44,-0.705108405452], [53,44,0.002571754724], [17,45,-0.701782074956], [23,45,0.709739041960], [25,45,0.705831567301], [28,45,-0.708693273344], [44,45,0.999998970875], [45,45,2.000000000000], [46,45,-0.709700906923], [47,45,-0.006753034072], [48,45,0.704017224692], [49,45,-0.006682387403], [54,45,-0.999985321691], [55,45,0.005150612691], [56,45,0.004432236992], [17,46,-0.003826781038], [18,46,0.706942651336], [23,46,-0.999999998535], [42,46,0.705383560162], [44,46,-0.708689454413], [45,46,-0.709700906923], [46,46,2.000000000000], [47,46,0.709279673738], [48,46,0.000684392142], [49,46,0.709229870087], [67,46,-0.706652211899], [17,47,-0.707636287287], [21,47,0.999987752983], [23,47,-0.709241513665], [44,47,-0.005318400236], [45,47,-0.006753034072], [46,47,0.709279673738], [47,47,2.000000000000], [48,47,0.705412451210], [49,47,0.999999997504], [50,47,0.707374415540], [68,47,-0.001754627362], [69,47,0.002562401600], [17,48,-0.999995062671], [23,48,-0.000630260276], [26,48,0.706716903985], [44,48,0.705035370881], [45,48,0.704017224692], [46,48,0.000684392142], [47,48,0.705412451210], [48,48,2.000000000000], [49,48,0.705462524731], [51,48,0.706812137330], [68,48,0.710033705891], [70,48,0.006442795999], [71,48,-0.707902866498], [72,48,-0.706847995595], [17,49,-0.707686203950], [23,49,-0.709191707302], [44,49,-0.005247752960], [45,49,-0.006682387403], [46,49,0.709229870087], [47,49,0.999999997504], [48,49,0.705462524731], [49,49,2.000000000000], [70,49,0.704187361865], [85,49,-0.012447762637], [86,49,-0.712130791619], [87,49,-0.999978317839], [20,50,0.008636831157], [21,50,0.703867514316], [24,50,-0.706166825184], [44,50,0.710591149079], [47,50,0.707374415540], [50,50,2.000000000000], [51,50,0.705975839723], [52,50,-0.002117708384], [53,50,0.705430297691], [68,50,0.705596778913], [69,50,0.708649302309], [20,51,-0.702112106718], [24,51,-0.999999963631], [26,51,0.999999990939], [44,51,0.003341738844], [48,51,0.706812137330], [50,51,0.705975839723], [51,51,2.000000000000], [52,51,0.706739277651], [53,51,0.999999703560], [68,51,0.003731299849], [70,51,-0.702832773777], [71,51,-0.999998809465], [72,51,-0.999999998715], [20,52,-0.999978749905], [24,52,-0.706548446275], [44,52,-0.705108405452], [50,52,-0.002117708384], [51,52,0.706739277651], [52,52,2.000000000000], [53,52,0.707283814304], [55,52,0.706474469919], [69,52,0.707060018216], [73,52,-0.704652590995], [74,52,-0.002633259321], [20,53,-0.702660180778], [24,53,-0.999999459525], [44,53,0.002571754724], [50,53,0.705430297691], [51,53,0.999999703560], [52,53,0.707283814304], [53,53,2.000000000000], [71,53,0.999999701170], [74,53,0.708789714484], [88,53,0.008270280899], [89,53,0.004466551444], [90,53,-0.999997547987], [91,53,-0.706414620065], [25,54,-0.709659317773], [28,54,0.704860272098], [30,54,0.710390041487], [34,54,-0.000976291420], [45,54,-0.999985321691], [54,54,2.000000000000], [55,54,0.000267545865], [56,54,0.000985929670], [57,54,0.999990049055], [59,54,0.706611762874], [60,54,0.000470792518], [25,55,-0.704734838129], [28,55,-0.709157567746], [45,55,0.005150612691], [52,55,0.706474469919], [54,55,0.000267545865], [55,55,2.000000000000], [56,55,0.999999741962], [69,55,-0.000959954322], [73,55,0.004358563760], [74,55,-0.709596404261], [25,56,-0.705244328677], [28,56,-0.708650888167], [45,56,0.004432236992], [54,56,0.000985929670], [55,56,0.999999741962], [56,56,2.000000000000], [77,56,0.707577565373], [88,56,-0.008696099426], [92,56,0.001103429367], [93,56,-0.000748708559], [94,56,-0.708987253448], [29,57,0.002147409493], [30,57,0.707243183833], [33,57,0.712036472841], [34,57,-0.005437421948], [54,57,0.999990049055], [57,57,2.000000000000], [58,57,0.708081513247], [59,57,0.709761442243], [60,57,0.004931929708], [29,58,-0.704608534543], [33,58,0.008375500171], [36,58,0.702087246158], [57,58,0.708081513247], [58,58,2.000000000000], [73,58,0.707965015870], [75,58,0.708701734453], [79,58,0.000012059577], [80,58,-0.703348604467], [30,59,0.003954251149], [34,59,-0.708290974975], [54,59,0.706611762874], [57,59,0.709761442243], [59,59,2.000000000000], [60,59,0.707934042311], [75,59,0.709142157442], [76,59,0.707124918091], [77,59,-0.999999546730], [78,59,-0.002580062172], [30,60,-0.703473680352], [34,60,-0.999999872235], [54,60,0.000470792518], [57,60,0.004931929708], [59,60,0.707934042311], [60,60,2.000000000000], [78,60,0.708102714185], [80,60,0.999999489404], [81,60,0.708141535654], [93,60,-0.000708013677], [95,60,0.001165939210], [99,60,0.004294161372], [100,60,-0.999988367708], [12,61,-0.012874659183], [35,61,-0.717268448383], [38,61,0.713570576037], [39,61,0.698503133243], [40,61,0.016552631896], [61,61,2.000000000000], [62,61,0.002342360825], [63,61,0.711273349523], [64,61,0.703943937432], [65,61,-0.009206650440], [66,61,-0.007192436015], [12,62,-0.999944532135], [35,62,-0.698475128076], [39,62,-0.713968886566], [61,62,0.002342360825], [62,62,2.000000000000], [63,62,0.704579646234], [64,62,0.708604701431], [76,62,-0.005561476404], [81,62,-0.711216950366], [82,62,-0.999981175868], [12,63,-0.712014658750], [35,63,-0.999963310899], [39,63,-0.006184597484], [41,63,0.712031304710], [61,63,0.711273349523], [62,63,0.704579646234], [63,63,2.000000000000], [65,63,0.709434169791], [83,63,0.000562864610], [84,63,-0.706596724372], [38,64,0.004720473565], [40,64,-0.698506107738], [61,64,0.703943937432], [62,64,0.708604701431], [64,64,2.000000000000], [65,64,0.703744472714], [66,64,0.705174097471], [76,64,-0.709535657079], [81,64,-0.999993121470], [82,64,-0.704261914830], [38,65,-0.707123254600], [40,65,-0.999973013802], [41,65,0.999993184792], [61,65,-0.009206650440], [63,65,0.709434169791], [64,65,0.703744472714], [65,65,2.000000000000], [66,65,0.999997971334], [83,65,-0.704372279790], [84,65,-0.999991928112], [38,66,-0.705697541429], [40,66,-0.999956187191], [61,66,-0.007192436015], [64,66,0.705174097471], [65,66,0.999997971334], [66,66,2.000000000000], [84,66,0.999997992690], [102,66,-0.707665559917], [103,66,-0.999988081569], [18,67,-0.999999915719], [42,67,-0.999998395459], [43,67,0.999999600275], [46,67,-0.706652211899], [67,67,2.000000000000], [85,67,0.008798292255], [21,68,-0.006703727792], [26,68,0.003596685591], [47,68,-0.001754627362], [48,68,0.710033705891], [50,68,0.705596778913], [51,68,0.003731299849], [68,68,2.000000000000], [69,68,0.999990681629], [70,68,0.708727677911], [71,68,-0.005274355973], [72,68,-0.003781990907], [21,69,-0.002386743072], [47,69,0.002562401600], [50,69,0.708649302309], [52,69,0.707060018216], [55,69,-0.000959954322], [68,69,0.999990681629], [69,69,2.000000000000], [73,69,-0.999994224686], [74,69,0.705289216956], [26,70,-0.702928526592], [48,70,0.006442795999], [49,70,0.704187361865], [51,70,-0.702832773777], [68,70,0.708727677911], [70,70,2.000000000000], [71,70,0.701734265370], [72,70,0.702796713276], [85,70,-0.718724744401], [86,70,-0.999936711406], [87,70,-0.699496562372], [26,71,-0.999998592683], [48,71,-0.707902866498], [51,71,-0.999998809465], [53,71,0.999999701170], [68,71,-0.005274355973], [70,71,0.701734265370], [71,71,2.000000000000], [72,71,0.999998886400], [74,71,0.708244153651], [88,71,0.007497220527], [89,71,0.003693473482], [90,71,-0.999995537161], [91,71,-0.706961596722], [26,72,-0.999999982831], [48,72,-0.706847995595], [51,72,-0.999999998715], [68,72,-0.003781990907], [70,72,0.702796713276], [71,72,0.999998886400], [72,72,2.000000000000], [90,72,0.999998882177], [94,72,0.709194178734], [105,72,0.002039555513], [110,72,0.002137037088], [36,73,-0.005859236333], [52,73,-0.704652590995], [55,73,0.004358563760], [58,73,0.707965015870], [69,73,-0.999994224686], [73,73,2.000000000000], [74,73,-0.707694489865], [75,73,0.999999455354], [79,73,0.706256041281], [80,73,0.004086363630], [52,74,-0.002633259321], [53,74,0.708789714484], [55,74,-0.709596404261], [69,74,0.705289216956], [71,74,0.708244153651], [73,74,-0.707694489865], [74,74,2.000000000000], [88,74,0.711257598027], [89,74,0.708578641992], [90,74,-0.710350130231], [91,74,-0.001404482733], [36,75,-0.004815560044], [58,75,0.708701734453], [59,75,0.709142157442], [73,75,0.999999455354], [75,75,2.000000000000], [76,75,0.999995918876], [77,75,-0.708470526123], [78,75,0.703233551681], [79,75,0.705516768786], [80,75,0.003042679105], [59,76,0.707124918091], [62,76,-0.005561476404], [64,76,-0.709535657079], [75,76,0.999995918876], [76,76,2.000000000000], [77,76,-0.706451361430], [78,76,0.705261864115], [81,76,0.706917125636], [82,76,-0.000574322617], [56,77,0.707577565373], [59,77,-0.999999546730], [75,77,-0.708470526123], [76,77,-0.706451361430], [77,77,2.000000000000], [78,77,0.003532181938], [88,77,-0.712762129050], [92,77,0.707416015029], [93,77,0.706105715912], [94,77,-0.999998006142], [59,78,-0.002580062172], [60,78,0.708102714185], [75,78,0.703233551681], [76,78,0.705261864115], [77,78,0.003532181938], [78,78,2.000000000000], [80,78,0.708815905025], [81,78,0.002873888358], [93,78,0.705607920088], [95,78,0.706934568246], [99,78,-0.703062225856], [100,78,-0.711500271546], [36,79,-0.712082467422], [58,79,0.000012059577], [73,79,0.706256041281], [75,79,0.705516768786], [79,79,2.000000000000], [80,79,0.710836606889], [89,79,-0.707141995102], [92,79,-0.704457852204], [95,79,0.701808390235], [96,79,0.703760200591], [97,79,-0.010984636726], [98,79,-0.712048708566], [36,80,-0.999998428422], [58,80,-0.703348604467], [60,80,0.999999489404], [73,80,0.004086363630], [75,80,0.003042679105], [78,80,0.708815905025], [79,80,0.710836606889], [80,80,2.000000000000], [81,80,0.707427661028], [93,80,0.000302527221], [95,80,0.002176478718], [99,80,0.003283627706], [100,80,-0.999992731282], [60,81,0.708141535654], [62,81,-0.711216950366], [64,81,-0.999993121470], [76,81,0.706917125636], [78,81,0.002873888358], [80,81,0.707427661028], [81,81,2.000000000000], [82,81,0.706890270739], [93,81,-0.706571707198], [95,81,-0.705244380372], [99,81,0.709104874367], [100,81,-0.704727691913], [62,82,-0.999981175868], [64,82,-0.704261914830], [76,82,-0.000574322617], [81,82,0.706890270739], [82,82,2.000000000000], [83,82,0.704889268245], [96,82,0.000192910726], [99,82,-0.002523590125], [101,82,-0.999993051355], [41,83,-0.701746831844], [63,83,0.000562864610], [65,83,-0.704372279790], [82,83,0.704889268245], [83,83,2.000000000000], [84,83,0.707218639965], [96,83,-0.709181367734], [99,83,-0.711093954579], [101,83,-0.702240105702], [41,84,-0.999970279055], [63,84,-0.706596724372], [65,84,-0.999991928112], [66,84,0.999997992690], [83,84,0.707218639965], [84,84,2.000000000000], [102,84,-0.709079813922], [103,84,-0.999976291887], [43,85,0.007904204100], [49,85,-0.012447762637], [67,85,0.008798292255], [70,85,-0.718724744401], [85,85,2.000000000000], [86,85,0.710856861687], [87,85,0.005862879409], [49,86,-0.712130791619], [70,86,-0.999936711406], [85,86,0.710856861687], [86,86,2.000000000000], [87,86,0.707492286064], [104,86,-0.003205813904], [49,87,-0.999978317839], [70,87,-0.699496562372], [85,87,0.005862879409], [86,87,0.707492286064], [87,87,2.000000000000], [104,87,0.708985523049], [107,87,0.999990792668], [127,87,0.001243603711], [129,87,-0.704827465316], [130,87,-0.999990522290], [53,88,0.008270280899], [56,88,-0.008696099426], [71,88,0.007497220527], [74,88,0.711257598027], [77,88,-0.712762129050], [88,88,2.000000000000], [89,88,0.999992765528], [90,88,-0.010484686996], [91,88,0.701931811854], [92,88,-0.999971174989], [93,88,-0.999955397097], [94,88,0.711360052635], [53,89,0.004466551444], [71,89,0.003693473482], [74,89,0.708578641992], [79,89,-0.707141995102], [88,89,0.999992765528], [89,89,2.000000000000], [90,89,-0.006681020514], [91,89,0.704635967846], [92,89,0.999992821860], [95,89,-0.999971762055], [96,89,-0.999988616647], [97,89,-0.699261207880], [98,89,0.007063335873], [53,90,-0.999997547987], [71,90,-0.999995537161], [72,90,0.999998882177], [74,90,-0.710350130231], [88,90,-0.010484686996], [89,90,-0.006681020514], [90,90,2.000000000000], [91,90,0.704845467174], [94,90,0.710247526851], [105,90,0.000544349068], [110,90,0.003632238560], [53,91,-0.706414620065], [71,91,-0.706961596722], [74,91,-0.001404482733], [88,91,0.701931811854], [89,91,0.704635967846], [90,91,0.704845467174], [91,91,2.000000000000], [106,91,0.708268529234], [110,91,0.706796040321], [111,91,-0.708648608465], [112,91,0.000545487867], [113,91,-0.708478512941], [114,91,-0.999999497632], [115,91,-0.708567631290], [56,92,0.001103429367], [77,92,0.707416015029], [79,92,-0.704457852204], [88,92,-0.999971174989], [89,92,0.999992821860], [92,92,2.000000000000], [93,92,0.999998284792], [94,92,-0.706003182698], [95,92,-0.999993058129], [96,92,-0.999999517366], [97,92,-0.701964789199], [98,92,0.003274418198], [56,93,-0.000748708559], [60,93,-0.000708013677], [77,93,0.706105715912], [78,93,0.705607920088], [80,93,0.000302527221], [81,93,-0.706571707198], [88,93,-0.999955397097], [92,93,0.999998284792], [93,93,2.000000000000], [94,93,-0.704690272179], [95,93,0.999998244150], [99,93,-0.999993569732], [100,93,-0.004115316774], [56,94,-0.708987253448], [72,94,0.709194178734], [77,94,-0.999998006142], [88,94,0.711360052635], [90,94,0.710247526851], [92,94,-0.706003182698], [93,94,-0.704690272179], [94,94,2.000000000000], [105,94,-0.703565296066], [110,94,0.706527167705], [60,95,0.001165939210], [78,95,0.706934568246], [79,95,0.701808390235], [80,95,0.002176478718], [81,95,-0.705244380372], [89,95,-0.999971762055], [92,95,-0.999993058129], [93,95,0.999998244150], [95,95,2.000000000000], [96,95,0.999996236303], [97,95,0.704613675836], [98,95,0.000451667367], [99,95,-0.999985093614], [100,95,-0.005989245794], [79,96,0.703760200591], [82,96,0.000192910726], [83,96,-0.709181367734], [89,96,-0.999988616647], [92,96,-0.999999517366], [95,96,0.999996236303], [96,96,2.000000000000], [97,96,0.702664184650], [98,96,-0.002291941124], [99,96,0.999996310307], [101,96,-0.003920809774], [79,97,-0.010984636726], [89,97,-0.699261207880], [92,97,-0.701964789199], [95,97,0.704613675836], [96,97,0.702664184650], [97,97,2.000000000000], [98,97,0.709909305841], [100,97,0.713798504702], [111,97,0.703303975756], [116,97,0.704043146105], [79,98,-0.712048708566], [89,98,0.007063335873], [92,98,0.003274418198], [95,98,0.000451667367], [96,98,-0.002291941124], [97,98,0.709909305841], [98,98,2.000000000000], [114,98,0.705285164522], [119,98,0.999999399835], [131,98,-0.003669523193], [135,98,-0.002544977349], [139,98,-0.712805122801], [140,98,-0.999987934865], [60,99,0.004294161372], [78,99,-0.703062225856], [80,99,0.003283627706], [81,99,0.709104874367], [82,99,-0.002523590125], [83,99,-0.711093954579], [93,99,-0.999993569732], [95,99,-0.999985093614], [96,99,0.999996310307], [99,99,2.000000000000], [100,99,0.000529167534], [101,99,-0.001204315998], [60,100,-0.999988367708], [78,100,-0.711500271546], [80,100,-0.999992731282], [81,100,-0.704727691913], [93,100,-0.004115316774], [95,100,-0.005989245794], [97,100,0.713798504702], [99,100,0.000529167534], [100,100,2.000000000000], [111,100,0.004145246067], [116,100,0.005185552959], [82,101,-0.999993051355], [83,101,-0.702240105702], [96,101,-0.003920809774], [99,101,-0