{
"N": {
"shape": [192, 151],
"data": [[0,0,0.002340277740], [1,0,-0.999997261546], [6,0,-0.002340277740], [7,0,0.999997261546], [0,1,-0.999997656040], [1,1,0.002165159434], [24,1,0.999997656040], [25,1,-0.002165159434], [0,2,-0.999997459655], [1,2,0.002254037154], [48,2,0.999997459655], [49,2,-0.002254037154], [3,3,0.002248319168], [4,3,-0.999997472527], [6,3,-0.002248319168], [7,3,0.999997472527], [3,4,0.001071148463], [4,4,-0.999999426320], [9,4,-0.001071148463], [10,4,0.999999426320], [6,5,-0.706336678455], [7,5,0.707876046119], [27,5,0.706336678455], [28,5,-0.707876046119], [6,6,-0.708481019299], [7,6,-0.705729867083], [33,6,0.708481019299], [34,6,0.705729867083], [6,7,-0.999995381818], [7,7,0.003039135120], [54,7,0.999995381818], [55,7,-0.003039135120], [9,8,-0.999991789347], [10,8,-0.004052312738], [33,8,0.999991789347], [34,8,0.004052312738], [9,9,-0.999999264259], [10,9,0.001213046596], [57,9,0.999999264259], [58,9,-0.001213046596], [12,10,-0.709513458413], [13,10,0.704691884677], [33,10,0.709513458413], [34,10,-0.704691884677], [12,11,-0.708738276978], [13,11,-0.705471512357], [39,11,0.708738276978], [40,11,0.705471512357], [12,12,-0.999999999694], [13,12,-0.000024728076], [60,12,0.999999999694], [61,12,0.000024728076], [15,13,0.000798237454], [16,13,-0.999999681408], [21,13,-0.000798237454], [22,13,0.999999681408], [15,14,-0.708245154306], [16,14,-0.705966572440], [42,14,0.708245154306], [43,14,0.705966572440], [18,15,-0.001826361410], [19,15,-0.999998332201], [21,15,0.001826361410], [22,15,0.999998332201], [18,16,-0.999994835975], [19,16,-0.003213724292], [42,16,0.999994835975], [43,16,0.003213724292], [18,17,-0.703380135165], [19,17,-0.710813889464], [45,17,0.703380135165], [46,17,0.710813889464], [18,18,-0.999993333610], [19,18,-0.003651401912], [66,18,0.999993333610], [67,18,0.003651401912], [21,19,-0.706964154592], [22,19,0.707249379019], [42,19,0.706964154592], [43,19,-0.707249379019], [21,20,-0.999999998471], [22,20,-0.000055291615], [45,20,0.999999998471], [46,20,0.000055291615], [21,21,-0.999999986869], [22,21,0.000162053886], [69,21,0.999999986869], [70,21,-0.000162053886], [24,22,-0.708023827151], [25,22,-0.706188544360], [51,22,0.708023827151], [52,22,0.706188544360], [27,23,0.004450587275], [28,23,-0.999990096087], [30,23,-0.004450587275], [31,23,0.999990096087], [27,24,-0.001010024115], [28,24,-0.999999489926], [33,24,0.001010024115], [34,24,0.999999489926], [27,25,-0.706719208581], [28,25,-0.707494141475], [54,25,0.706719208581], [55,25,0.707494141475], [27,26,-0.999997645691], [28,26,-0.002169933696], [75,26,0.999997645691], [76,26,0.002169933696], [30,27,-0.006428734775], [31,27,-0.999979335471], [33,27,0.006428734775], [34,27,0.999979335471], [30,28,-0.708973146160], [31,28,0.705235477004], [51,28,0.708973146160], [52,28,-0.705235477004], [30,29,-0.999999981105], [31,29,0.000194396929], [54,29,0.999999981105], [55,29,-0.000194396929], [30,30,-0.707725967786], [31,30,-0.706487051913], [57,30,0.707725967786], [58,30,0.706487051913], [30,31,-0.999999808402], [31,31,-0.000619027551], [78,31,0.999999808402], [79,31,0.000619027551], [33,32,-0.703134726951], [34,32,0.711056647360], [54,32,0.703134726951], [55,32,-0.711056647360], [33,33,-0.705022438705], [34,33,-0.709184997672], [60,33,0.705022438705], [61,33,0.709184997672], [36,34,0.000219881610], [37,34,-0.999999975826], [39,34,-0.000219881610], [40,34,0.999999975826], [36,35,-0.001023039892], [37,35,-0.999999476695], [42,35,0.001023039892], [43,35,0.999999476695], [36,36,-0.704030242213], [37,36,0.710169992361], [57,36,0.704030242213], [58,36,-0.710169992361], [36,37,-0.999988631849], [37,37,-0.004768246295], [60,37,0.999988631849], [61,37,0.004768246295], [36,38,-0.703515795691], [37,38,-0.710679622061], [63,38,0.703515795691], [64,38,0.710679622061], [36,39,-0.999999995802], [37,39,0.000091624650], [84,39,0.999999995802], [85,39,-0.000091624650], [39,40,-0.002280567230], [40,40,-0.999997399503], [42,40,0.002280567230], [43,40,0.999997399503], [39,41,-0.704061018510], [40,41,0.710139480817], [60,41,0.704061018510], [61,41,-0.710139480817], [39,42,-0.708290624247], [40,42,-0.705920952801], [66,42,0.708290624247], [67,42,0.705920952801], [39,43,-0.999992300196], [40,43,0.003924225861], [87,43,0.999992300196], [88,43,-0.003924225861], [42,44,-0.999991634935], [43,44,-0.004090239606], [66,44,0.999991634935], [67,44,0.004090239606], [42,45,-0.999999908032], [43,45,0.000428877676], [90,45,0.999999908032], [91,45,-0.000428877676], [48,46,-0.002981145525], [49,46,-0.999995556376], [51,46,0.002981145525], [52,46,0.999995556376], [48,47,0.001304689955], [49,47,-0.999999148892], [54,47,-0.001304689955], [55,47,0.999999148892], [48,48,-0.703728778698], [49,48,-0.710468722769], [75,48,0.703728778698], [76,48,0.710468722769], [51,49,-0.706669989256], [52,49,0.707543303470], [72,49,0.706669989256], [73,49,-0.707543303470], [51,50,-0.999969497152], [52,50,-0.007810554755], [75,50,0.999969497152], [76,50,0.007810554755], [51,51,-0.999999978895], [52,51,-0.000205452280], [99,51,0.999999978895], [100,51,0.000205452280], [54,52,-0.000162511254], [55,52,-0.999999986795], [60,52,0.000162511254], [61,52,0.999999986795], [57,53,-0.000514223446], [58,53,-0.999999867787], [60,53,0.000514223446], [61,53,0.999999867787], [57,54,-0.001683499844], [58,54,-0.999998582913], [63,54,0.001683499844], [64,54,0.999998582913], [57,55,-0.999999806201], [58,55,0.000622573964], [81,55,0.999999806201], [82,55,-0.000622573964], [57,56,-0.709283881642], [58,56,-0.704922956955], [84,56,0.709283881642], [85,56,0.704922956955], [60,57,-0.706135067812], [61,57,0.708077161054], [81,57,0.706135067812], [82,57,-0.708077161054], [63,58,-0.706255738461], [64,58,0.707956800865], [84,58,0.706255738461], [85,58,-0.707956800865], [63,59,-0.999973361929], [64,59,0.007299002117], [87,59,0.999973361929], [88,59,-0.007299002117], [63,60,-0.710619475855], [64,60,-0.703576549165], [90,60,0.710619475855], [91,60,0.703576549165], [63,61,-0.999999820993], [64,61,0.000598342911], [111,61,0.999999820993], [112,61,-0.000598342911], [66,62,-0.703075122300], [67,62,0.711115583012], [87,62,0.703075122300], [88,62,-0.711115583012], [66,63,-0.999987719607], [67,63,0.004955868781], [90,63,0.999987719607], [91,63,-0.004955868781], [69,64,-0.707743776045], [70,64,0.706469211976], [90,64,0.707743776045], [91,64,-0.706469211976], [69,65,-0.999995460729], [70,65,0.003013058519], [93,65,0.999995460729], [94,65,-0.003013058519], [72,66,0.001951626031], [73,66,-0.999998095576], [75,66,-0.001951626031], [76,66,0.999998095576], [72,67,-0.999989710542], [73,67,0.004536387380], [96,67,0.999989710542], [97,67,-0.004536387380], [72,68,-0.708094134811], [73,68,-0.706118046963], [99,68,0.708094134811], [100,68,0.706118046963], [75,69,-0.707043024810], [76,69,0.707170531815], [96,69,0.707043024810], [97,69,-0.707170531815], [78,70,-0.002173620508], [79,70,-0.999997637684], [81,70,0.002173620508], [82,70,0.999997637684], [78,71,-0.002531688048], [79,71,-0.999996795273], [84,71,0.002531688048], [85,71,0.999996795273], [78,72,-0.706572997007], [79,72,0.707640162725], [99,72,0.706572997007], [100,72,-0.707640162725], [78,73,-0.999995668545], [79,73,0.002943279132], [102,73,0.999995668545], [103,73,-0.002943279132], [78,74,-0.706616914347], [79,74,-0.707596308893], [105,74,0.706616914347], [106,74,0.707596308893], [78,75,-0.999998545782], [79,75,0.001705413010], [126,75,0.999998545782], [127,75,-0.001705413010], [81,76,-0.002887706385], [82,76,-0.999995830567], [84,76,0.002887706385], [85,76,0.999995830567], [84,77,-0.000347588075], [85,77,-0.999999939591], [90,77,0.000347588075], [91,77,0.999999939591], [84,78,-0.999993787126], [85,78,-0.003525011886], [132,78,0.999993787126], [133,78,0.003525011886], [87,79,-0.002878023376], [88,79,-0.999995858482], [90,79,0.002878023376], [91,79,0.999995858482], [87,80,0.001686154772], [88,80,-0.999998578440], [93,80,-0.001686154772], [94,80,0.999998578440], [93,81,-0.999999825110], [94,81,0.000591421989], [141,81,0.999999825110], [142,81,-0.000591421989], [99,82,0.001417257156], [100,82,-0.999998995691], [102,82,-0.001417257156], [103,82,0.999998995691], [99,83,-0.001729942965], [100,83,-0.999998503648], [105,83,0.001729942965], [106,83,0.999998503648], [99,84,-0.707646554671], [100,84,-0.706566595348], [126,84,0.707646554671], [127,84,0.706566595348], [102,85,-0.004848269890], [103,85,-0.999988247070], [105,85,0.004848269890], [106,85,0.999988247070], [102,86,-0.708548769673], [103,86,0.705661846067], [123,86,0.708548769673], [124,86,-0.705661846067], [102,87,-0.999999889279], [103,87,0.000470576323], [126,87,0.999999889279], [127,87,-0.000470576323], [102,88,-0.707822253618], [103,88,-0.706390584085], [129,88,0.707822253618], [130,88,0.706390584085], [105,89,-0.702819337133], [106,89,0.711368385123], [126,89,0.702819337133], [127,89,-0.711368385123], [108,90,-0.002164665414], [109,90,-0.999997657109], [111,90,0.002164665414], [112,90,0.999997657109], [108,91,-0.706591299270], [109,91,0.707621887590], [129,91,0.706591299270], [130,91,-0.707621887590], [108,92,-0.999972370007], [109,92,-0.007433654667], [132,92,0.999972370007], [133,92,0.007433654667], [108,93,-0.709141312539], [109,93,-0.705066379038], [135,93,0.709141312539], [136,93,0.705066379038], [108,94,-0.999999485116], [109,94,-0.001014774284], [156,94,0.999999485116], [157,94,0.001014774284], [111,95,-0.707190056738], [112,95,0.707023495826], [132,95,0.707190056738], [133,95,-0.707023495826], [111,96,-0.999979491885], [112,96,0.006404358609], [135,96,0.999979491885], [136,96,-0.006404358609], [111,97,-0.709946575738], [112,97,-0.704255535724], [138,97,0.709946575738], [139,97,0.704255535724], [114,98,0.001732470925], [115,98,-0.999998499271], [117,98,-0.001732470925], [118,98,0.999998499271], [114,99,-0.999984884607], [115,99,0.005498232279], [138,99,0.999984884607], [139,99,-0.005498232279], [114,100,-0.706994993877], [115,100,-0.707218550826], [141,100,0.706994993877], [142,100,0.707218550826], [117,101,-0.706997304186], [118,101,0.707216241240], [138,101,0.706997304186], [139,101,-0.707216241240], [117,102,-0.999999995750], [118,102,0.000092192580], [141,102,0.999999995750], [142,102,-0.000092192580], [120,103,0.003371252949], [121,103,-0.999994317311], [123,103,-0.003371252949], [124,103,0.999994317311], [120,104,0.001366223453], [121,104,-0.999999066716], [126,104,-0.001366223453], [127,104,0.999999066716], [120,105,-0.706006806924], [121,105,-0.708205046986], [147,105,0.706006806924], [148,105,0.708205046986], [120,106,-0.999999293798], [121,106,-0.001188445578], [168,106,0.999999293798], [169,106,0.001188445578], [123,107,-0.000642354865], [124,107,-0.999999793690], [126,107,0.000642354865], [127,107,0.999999793690], [123,108,-0.000686631184], [124,108,-0.999999764269], [129,108,0.000686631184], [130,108,0.999999764269], [123,109,-0.709266547043], [124,109,-0.704940398364], [150,109,0.709266547043], [151,109,0.704940398364], [126,110,-0.000730714384], [127,110,-0.999999733028], [129,110,0.000730714384], [130,110,0.999999733028], [129,111,-0.002623848867], [130,111,-0.999996557703], [135,111,0.002623848867], [136,111,0.999996557703], [129,112,-0.705402317126], [130,112,-0.708807146545], [156,112,0.705402317126], [157,112,0.708807146545], [129,113,-0.999999957213], [130,113,-0.000292531232], [177,113,0.999999957213], [178,113,0.000292531232], [132,114,-0.004415097636], [133,114,-0.999990253409], [135,114,0.004415097636], [136,114,0.999990253409], [132,115,-0.000847610941], [133,115,-0.999999640778], [138,115,0.000847610941], [139,115,0.999999640778], [132,116,-0.999985289968], [133,116,0.005424006591], [156,116,0.999985289968], [157,116,-0.005424006591], [132,117,-0.709854811022], [133,117,-0.704348029932], [159,117,0.709854811022], [160,117,0.704348029932], [132,118,-0.999991835116], [133,118,0.004041002532], [180,118,0.999991835116], [181,118,-0.004041002532], [135,119,-0.705674228567], [136,119,0.708536437409], [156,119,0.705674228567], [157,119,-0.708536437409], [138,120,-0.999995061903], [139,120,-0.003142637225], [186,120,0.999995061903], [187,120,0.003142637225], [144,121,0.006440331196], [145,121,-0.999979260852], [147,121,-0.006440331196], [148,121,0.999979260852], [144,122,0.000875533429], [145,122,-0.999999616721], [150,122,-0.000875533429], [151,122,0.999999616721], [144,123,-0.999957375702], [145,123,-0.009232918217], [168,123,0.999957375702], [169,123,0.009232918217], [144,124,-0.703861639826], [145,124,-0.710337097427], [171,124,0.703861639826], [172,124,0.710337097427], [147,125,-0.004743710114], [148,125,-0.999988748544], [150,125,0.004743710114], [151,125,0.999988748544], [147,126,-0.709212461361], [148,126,0.704994811789], [168,126,0.709212461361], [169,126,-0.704994811789], [147,127,-0.709758917854], [148,127,-0.704444659662], [174,127,0.709758917854], [175,127,0.704444659662], [150,128,0.002044674712], [151,128,-0.999997909650], [156,128,-0.002044674712], [157,128,0.999997909650], [150,129,-0.999999883238], [151,129,-0.000483244154], [174,129,0.999999883238], [175,129,0.000483244154], [153,130,0.008001496721], [154,130,-0.999967987513], [156,130,-0.008001496721], [157,130,0.999967987513], [153,131,0.002999963335], [154,131,-0.999995500100], [159,131,-0.002999963335], [160,131,0.999995500100], [153,132,-0.705871310122], [154,132,0.708340097373], [174,132,0.705871310122], [175,132,-0.708340097373], [153,133,-0.999999038197], [154,133,0.001386941174], [177,133,0.999999038197], [178,133,-0.001386941174], [153,134,-0.706267104982], [154,134,-0.707945461473], [180,134,0.706267104982], [181,134,0.707945461473], [156,135,-0.002022132314], [157,135,-0.999997955488], [159,135,0.002022132314], [160,135,0.999997955488], [156,136,-0.706366153304], [157,136,0.707846634142], [177,136,0.706366153304], [178,136,-0.707846634142], [156,137,-0.999996443032], [157,137,0.002667193946], [180,137,0.999996443032], [181,137,-0.002667193946], [159,138,-0.707927689146], [160,138,0.706284919095], [180,138,0.707927689146], [181,138,-0.706284919095], [162,139,0.002771761534], [163,139,-0.999996158662], [165,139,-0.002771761534], [166,139,0.999996158662], [162,140,-0.999990453709], [163,140,-0.004369495601], [186,140,0.999990453709], [187,140,0.004369495601], [162,141,-0.704911076386], [163,141,-0.709295688968], [189,141,0.704911076386], [190,141,0.709295688968], [165,142,-0.711514947756], [166,142,0.702670960778], [186,142,0.711514947756], [187,142,-0.702670960778], [165,143,-0.999963398140], [166,143,-0.008555838951], [189,143,0.999963398140], [190,143,0.008555838951], [168,144,0.002801846546], [169,144,-0.999996074820], [171,144,-0.002801846546], [172,144,0.999996074820], [168,145,-0.000754963593], [169,145,-0.999999715015], [174,145,0.000754963593], [175,145,0.999999715015], [171,146,-0.004288041141], [172,146,-0.999990806309], [174,146,0.004288041141], [175,146,0.999990806309], [177,147,-0.003686573018], [178,147,-0.999993204567], [180,147,0.003686573018], [181,147,0.999993204567], [177,148,-0.002020104699], [178,148,-0.999997959586], [183,148,0.002020104699], [184,148,0.999997959586], [183,149,0.000307325843], [184,149,-0.999999952775], [189,149,-0.000307325843], [190,149,0.999999952775], [186,150,0.002988308164], [187,150,-0.999995534997], [189,150,-0.002988308164], [190,150,0.999995534997], ]
},
"Q": {
"shape": [151, 151],
"data": [[0,0,2.000000000000], [1,0,-0.004505425760], [2,0,-0.004594302777], [3,0,0.999999995772], [5,0,0.709527131639], [6,0,-0.704069892116], [7,0,0.005379393730], [0,1,-0.004505425760], [1,1,2.000000000000], [2,1,0.999999996050], [22,1,-0.706493156782], [0,2,-0.004594302777], [1,2,0.999999996050], [2,2,2.000000000000], [46,2,-0.000727110814], [47,2,0.003558721876], [48,2,-0.702125568086], [0,3,0.999999995772], [3,3,2.000000000000], [4,3,0.999999307133], [5,3,0.709462327275], [6,3,-0.704135191914], [7,3,0.005287436224], [3,4,0.999999307133], [4,4,2.000000000000], [8,4,-0.002981170745], [9,4,0.002284193576], [0,5,0.709527131639], [3,5,0.709462327275], [5,5,2.000000000000], [6,5,0.000856861981], [7,5,0.708484747416], [23,5,0.711012648410], [24,5,0.707162267971], [25,5,0.001636457130], [26,5,-0.704798971435], [0,6,-0.704069892116], [3,6,-0.704135191914], [5,6,0.000856861981], [6,6,2.000000000000], [7,6,0.706332938980], [8,6,0.711335040337], [10,6,0.005354708115], [24,6,0.706445090023], [27,6,0.710269920074], [32,6,0.003656305175], [33,6,-0.999988050146], [0,7,0.005379393730], [3,7,0.005287436224], [5,7,0.708484747416], [6,7,0.706332938980], [7,7,2.000000000000], [25,7,0.704565774531], [29,7,0.999995953722], [32,7,0.705292476977], [47,7,-0.004343816463], [52,7,0.002876624577], [4,8,-0.002981170745], [6,8,0.711335040337], [8,8,2.000000000000], [9,8,0.999986137968], [10,8,0.706652000944], [24,8,0.005062326493], [27,8,0.010480910990], [32,8,-0.700247529846], [33,8,-0.707890489410], [4,9,0.002284193576], [8,9,0.999986137968], [9,9,2.000000000000], [30,9,0.706868445369], [36,9,0.704891193521], [53,9,0.000698823369], [54,9,-0.000470453728], [55,9,-0.999999825671], [56,9,-0.708428255399], [6,10,0.005354708115], [8,10,0.706652000944], [10,10,2.000000000000], [11,10,0.005719296380], [12,10,0.709496032522], [24,10,-0.703974899529], [27,10,-0.700116048708], [32,10,-0.999959400790], [33,10,-0.000465996150], [10,11,0.005719296380], [11,11,2.000000000000], [12,11,0.708755721714], [34,11,0.705315656789], [40,11,-0.707086003069], [41,11,0.001988180370], [42,11,-0.999999798805], [43,11,-0.705964390279], [10,12,0.709496032522], [11,12,0.708755721714], [12,12,2.000000000000], [33,12,0.705039975270], [37,12,0.999988749453], [41,12,0.704043457912], [52,12,0.000187239329], [53,12,0.000538951518], [57,12,-0.706117558210], [13,13,2.000000000000], [14,13,0.705400999716], [15,13,0.999996555739], [19,13,0.707813478962], [20,13,0.000742945855], [21,13,0.000960291277], [13,14,0.705400999716], [14,14,2.000000000000], [16,14,0.710510278833], [19,14,0.001409516792], [35,14,0.706690766050], [40,14,0.707579937265], [44,14,-0.711126802225], [45,14,-0.707942315867], [13,15,0.999996555739], [15,15,2.000000000000], [16,15,0.005040070911], [17,15,0.712097330305], [18,15,0.005477745057], [19,15,0.705957027418], [20,15,-0.001881652930], [21,15,-0.001664307771], [14,16,0.710510278833], [15,16,0.005040070911], [16,16,2.000000000000], [17,16,0.705660862756], [18,16,0.999999904218], [19,16,0.704687599301], [35,16,0.004236757219], [40,16,0.005494271388], [44,16,-0.999999615855], [45,16,-0.999993365713], [15,17,0.712097330305], [16,17,0.705660862756], [17,17,2.000000000000], [18,17,0.705970913353], [20,17,0.703419436138], [15,18,0.005477745057], [16,18,0.999999904218], [17,18,0.705970913353], [18,18,2.000000000000], [42,18,0.710863503622], [44,18,0.999999903709], [62,18,-0.700473866528], [63,18,-0.999962957430], [13,19,0.707813478962], [14,19,0.001409516792], [15,19,0.705957027418], [16,19,0.704687599301], [19,19,2.000000000000], [20,19,0.706925048551], [21,19,0.707078757819], [35,19,-0.706525756379], [40,19,-0.705635260535], [44,19,-0.704065421369], [45,19,-0.707267413043], [13,20,0.000742945855], [15,20,-0.001881652930], [17,20,0.703419436138], [19,20,0.706925048551], [20,20,2.000000000000], [21,20,0.999999976380], [13,21,0.000960291277], [15,21,-0.001664307771], [19,21,0.707078757819], [20,21,0.999999976380], [21,21,2.000000000000], [64,21,-0.707858252833], [65,21,-0.999995935876], [1,22,-0.706493156782], [22,22,2.000000000000], [28,22,0.003940665355], [46,22,0.708296128388], [49,22,-0.000680214776], [50,22,-0.713517954701], [51,22,-0.708168900255], [5,23,0.711012648410], [23,23,2.000000000000], [24,23,0.999985090817], [25,23,0.704341818998], [26,23,-0.002280664592], [27,23,-0.999940820118], [28,23,0.708383839276], [29,23,0.004644982195], [30,23,-0.703330258740], [31,23,0.003831565003], [5,24,0.707162267971], [6,24,0.706445090023], [8,24,0.005062326493], [10,24,-0.703974899529], [23,24,0.999985090817], [24,24,2.000000000000], [25,24,0.708207584044], [26,24,0.003179954326], [27,24,0.999985318584], [32,24,0.710346101638], [33,24,-0.709896725599], [5,25,0.001636457130], [7,25,0.704565774531], [23,25,0.704341818998], [24,25,0.708207584044], [25,25,2.000000000000], [26,25,0.708252760123], [29,25,0.706581660539], [32,25,-0.006149594508], [47,25,0.706571489869], [52,25,-0.707608981958], [5,26,-0.704798971435], [23,26,-0.002280664592], [24,26,0.003179954326], [25,26,0.708252760123], [26,26,2.000000000000], [48,26,0.705268791924], [50,26,0.999984091301], [66,26,0.000218308127], [69,26,-0.705506847047], [6,27,0.710269920074], [8,27,0.010480910990], [10,27,-0.700116048708], [23,27,-0.999940820118], [24,27,0.999985318584], [27,27,2.000000000000], [28,27,-0.700663103325], [29,27,0.006234341742], [30,27,0.711022235231], [31,27,0.007047748302], [32,27,0.706521687039], [33,27,-0.713702744967], [22,28,0.003940665355], [23,28,0.708383839276], [27,28,-0.700663103325], [28,28,2.000000000000], [29,28,0.709110228375], [30,28,0.003518972948], [31,28,0.708536450132], [46,28,-0.703118791080], [49,28,-0.999994684703], [50,28,-0.703443240151], [51,28,-0.708828238960], [7,29,0.999995953722], [23,29,0.004644982195], [25,29,0.706581660539], [27,29,0.006234341742], [28,29,0.709110228375], [29,29,2.000000000000], [30,29,0.707588615501], [31,29,0.999999669170], [32,29,0.703272940894], [47,29,-0.001499086694], [52,29,0.000031885676], [9,30,0.706868445369], [23,30,-0.703330258740], [27,30,0.711022235231], [28,30,0.003518972948], [29,30,0.707588615501], [30,30,2.000000000000], [31,30,0.708163167137], [36,30,-0.003465419739], [53,30,-0.706850887792], [54,30,-0.707677507316], [55,30,-0.707285990185], [56,30,-0.999997563256], [23,31,0.003831565003], [27,31,0.007047748302], [28,31,0.708536450132], [29,31,0.999999669170], [30,31,0.708163167137], [31,31,2.000000000000], [70,31,-0.002792646179], [71,31,-0.003150713130], [72,31,-0.706134812872], [73,31,-0.999993654977], [74,31,-0.707054800571], [75,31,-0.999997298487], [6,32,0.003656305175], [7,32,0.705292476977], [8,32,-0.700247529846], [10,32,-0.999959400790], [24,32,0.710346101638], [25,32,-0.006149594508], [27,32,0.706521687039], [29,32,0.703272940894], [32,32,2.000000000000], [33,32,-0.008544946869], [47,32,-0.711973414989], [52,32,0.710942370665], [6,33,-0.999988050146], [8,33,-0.707890489410], [10,33,-0.000465996150], [12,33,0.705039975270], [24,33,-0.709896725599], [27,33,-0.713702744967], [32,33,-0.008544946869], [33,33,2.000000000000], [37,33,0.708395992641], [41,33,-0.007241449783], [52,33,0.709299562387], [53,33,0.709547442976], [57,33,0.004316632250], [11,34,0.705315656789], [34,34,2.000000000000], [35,34,0.999999227573], [36,34,-0.710324778496], [37,34,0.004548367070], [38,34,0.710524914695], [39,34,-0.000311506257], [40,34,-0.999996873874], [41,34,0.710294273721], [42,34,-0.705765195654], [43,34,0.004144105683], [14,35,0.706690766050], [16,35,0.004236757219], [19,35,-0.706525756379], [34,35,0.999999227573], [35,35,2.000000000000], [36,35,-0.709449369702], [37,35,0.005791272062], [38,35,0.711398974882], [39,35,0.000931415286], [40,35,0.999999209310], [44,35,-0.005113268800], [45,35,-0.000594162347], [9,36,0.704891193521], [30,36,-0.003465419739], [34,36,-0.710324778496], [35,36,-0.709449369702], [36,36,2.000000000000], [37,36,0.700635973256], [38,36,-0.009406945729], [39,36,0.704095308335], [53,36,0.709807869610], [54,36,0.708983751185], [55,36,-0.704472239119], [56,36,0.001257827966], [12,37,0.999988749453], [33,37,0.708395992641], [34,37,0.004548367070], [35,37,0.005791272062], [36,37,0.700635973256], [37,37,2.000000000000], [38,37,0.706896493492], [39,37,0.999988190763], [41,37,0.700666894689], [52,37,0.004930755639], [53,37,0.005282463265], [57,37,-0.702750754062], [34,38,0.710524914695], [35,38,0.711398974882], [36,38,-0.009406945729], [37,38,0.706896493492], [38,38,2.000000000000], [39,38,0.703450676967], [54,38,0.711862983699], [58,38,0.006268403870], [59,38,-0.698309803322], [60,38,-0.999949542042], [61,38,-0.703090439643], [34,39,-0.000311506257], [35,39,0.000931415286], [36,39,0.704095308335], [37,39,0.999988190763], [38,39,0.703450676967], [39,39,2.000000000000], [56,39,0.709219290346], [58,39,0.706320601790], [71,39,0.002440063681], [76,39,0.002796082105], [77,39,-0.000255963429], [78,39,-0.999993459951], [11,40,-0.707086003069], [14,40,0.707579937265], [16,40,0.005494271388], [19,40,-0.705635260535], [34,40,-0.999996873874], [35,40,0.999999209310], [40,40,2.000000000000], [41,40,-0.708531975615], [42,40,0.707534421443], [43,40,-0.001643665986], [44,40,-0.006370777122], [45,40,-0.001851690460], [11,41,0.001988180370], [12,41,0.704043457912], [33,41,-0.007241449783], [34,41,0.710294273721], [37,41,0.700666894689], [40,41,-0.708531975615], [41,41,2.000000000000], [42,41,-0.002622520612], [43,41,0.706842345093], [52,41,-0.710025053601], [53,41,-0.709777342245], [57,41,-0.999995722578], [11,42,-0.999999798805], [18,42,0.710863503622], [34,42,-0.705765195654], [40,42,0.707534421443], [41,42,-0.002622520612], [42,42,2.000000000000], [43,42,0.705514977289], [44,42,0.711172085190], [62,42,0.004009872646], [63,42,-0.704783474547], [11,43,-0.705964390279], [34,43,0.004144105683], [40,43,-0.001643665986], [41,43,0.706842345093], [42,43,0.705514977289], [43,43,2.000000000000], [59,43,0.999994305263], [62,43,0.705860286920], [79,43,0.001046208392], [80,43,0.005610362071], [14,44,-0.711126802225], [16,44,-0.999999615855], [18,44,0.999999903709], [19,44,-0.704065421369], [35,44,-0.005113268800], [40,44,-0.006370777122], [42,44,0.711172085190], [44,44,2.000000000000], [45,44,0.999989788755], [62,44,-0.700160607909], [63,44,-0.999959083954], [14,45,-0.707942315867], [16,45,-0.999993365713], [19,45,-0.707267413043], [35,45,-0.000594162347], [40,45,-0.001851690460], [44,45,0.999989788755], [45,45,2.000000000000], [60,45,0.710317662226], [63,45,0.999989753101], [64,45,0.708046699829], [77,45,-0.000081289607], [79,45,0.002449147212], [2,46,-0.000727110814], [22,46,0.708296128388], [28,46,-0.703118791080], [46,46,2.000000000000], [47,46,0.999990815801], [48,46,0.712563483612], [49,46,0.705433473337], [50,46,-0.010791574640], [51,46,-0.003186596829], [2,47,0.003558721876], [7,47,-0.004343816463], [25,47,0.706571489869], [29,47,-0.001499086694], [32,47,-0.711973414989], [46,47,0.999990815801], [47,47,2.000000000000], [48,47,0.709549970214], [52,47,-0.999998923660], [2,48,-0.702125568086], [26,48,0.705268791924], [46,48,0.712563483612], [47,48,0.709549970214], [48,48,2.000000000000], [50,48,0.709256467827], [66,48,0.709093954331], [69,48,0.004856020182], [22,49,-0.000680214776], [28,49,-0.999994684703], [46,49,0.705433473337], [49,49,2.000000000000], [50,49,0.701122128095], [51,49,0.706524607956], [66,49,0.708921111554], [67,49,-0.709872408517], [68,49,-0.000779779051], [22,50,-0.713517954701], [26,50,0.999984091301], [28,50,-0.703443240151], [46,50,-0.010791574640], [48,50,0.709256467827], [49,50,0.701122128095], [50,50,2.000000000000], [51,50,0.999971080744], [66,50,0.005858973379], [69,50,-0.701498063824], [22,51,-0.708168900255], [28,51,-0.708828238960], [46,51,-0.003186596829], [49,51,0.706524607956], [50,51,0.999971080744], [51,51,2.000000000000], [68,51,0.708239193429], [72,51,0.706427595810], [82,51,0.001211805053], [83,51,-0.001935394901], [84,51,-0.707791705454], [7,52,0.002876624577], [12,52,0.000187239329], [25,52,-0.707608981958], [29,52,0.000031885676], [32,52,0.710942370665], [33,52,0.709299562387], [37,52,0.004930755639], [41,52,-0.710025053601], [47,52,-0.999998923660], [52,52,2.000000000000], [53,52,0.999999938149], [57,52,0.707962396809], [9,53,0.000698823369], [12,53,0.000538951518], [30,53,-0.706850887792], [33,53,0.709547442976], [36,53,0.709807869610], [37,53,0.005282463265], [41,53,-0.709777342245], [52,53,0.999999938149], [53,53,2.000000000000], [54,53,0.999999316396], [55,53,-0.000108350535], [56,53,0.705287594157], [57,53,0.707713956230], [9,54,-0.000470453728], [30,54,-0.707677507316], [36,54,0.708983751185], [38,54,0.711862983699], [53,54,0.999999316396], [54,54,2.000000000000], [55,54,0.001060926436], [56,54,0.706116037323], [58,54,0.706766816203], [59,54,0.005615536775], [60,54,-0.704771879913], [61,54,-0.001085157479], [9,55,-0.999999825671], [30,55,-0.707285990185], [36,55,-0.704472239119], [53,55,-0.000108350535], [54,55,0.001060926436], [55,55,2.000000000000], [56,55,0.708844877504], [57,55,0.706575761368], [70,55,0.001551047593], [76,55,-0.002265134457], [9,56,-0.708428255399], [30,56,-0.999997563256], [36,56,0.001257827966], [39,56,0.709219290346], [53,56,0.705287594157], [54,56,0.706116037323], [55,56,0.708844877504], [56,56,2.000000000000], [58,56,0.001880810145], [71,56,0.706716383396], [76,56,0.706968221420], [77,56,-0.705169452991], [78,56,-0.711764336753], [12,57,-0.706117558210], [33,57,0.004316632250], [37,57,-0.702750754062], [41,57,-0.999995722578], [52,57,0.707962396809], [53,57,0.707713956230], [55,57,0.706575761368], [57,57,2.000000000000], [70,57,-0.706540618688], [76,57,0.706035098030], [38,58,0.006268403870], [39,58,0.706320601790], [54,58,0.706766816203], [56,58,0.001880810145], [58,58,2.000000000000], [59,58,0.711404303359], [60,58,0.003777279774], [61,58,0.706679212970], [71,58,-0.706166512844], [76,58,-0.705914389882], [77,58,0.707711272026], [78,58,-0.703755794445], [38,59,-0.698309803322], [43,59,0.999994305263], [54,59,0.005615536775], [58,59,0.711404303359], [59,59,2.000000000000], [60,59,0.705465139602], [61,59,0.999977550233], [62,59,0.708246827881], [79,59,0.004421025176], [80,59,0.008985101597], [38,60,-0.999949542042], [45,60,0.710317662226], [54,60,-0.704771879913], [58,60,0.003777279774], [59,60,0.705465139602], [60,60,2.000000000000], [61,60,0.710198368608], [63,60,0.707123916113], [64,60,0.005881340920], [77,60,0.703823509519], [79,60,0.705618814754], [38,61,-0.703090439643], [54,61,-0.001085157479], [58,61,0.706679212970], [59,61,0.999977550233], [60,61,0.710198368608], [61,61,2.000000000000], [90,61,0.001566323516], [95,61,-0.707612972643], [96,61,-0.999983144884], [97,61,-0.709525062345], [18,62,-0.700473866528], [42,62,0.004009872646], [43,62,0.705860286920], [44,62,-0.700160607909], [59,62,0.708246827881], [62,62,2.000000000000], [63,62,0.706590683779], [79,62,0.709089171277], [80,62,0.712300065591], [18,63,-0.999962957430], [42,63,-0.704783474547], [44,63,-0.999959083954], [45,63,0.999989753101], [60,63,0.707123916113], [62,63,0.706590683779], [63,63,2.000000000000], [64,63,0.711236253386], [77,63,-0.004608284676], [79,63,-0.002077860223], [21,64,-0.707858252833], [45,64,0.708046699829], [60,64,0.005881340920], [63,64,0.711236253386], [64,64,2.000000000000], [65,64,0.709869196482], [77,64,-0.706223166002], [79,64,-0.704429382989], [21,65,-0.999995935876], [64,65,0.709869196482], [65,65,2.000000000000], [80,65,-0.004699201353], [81,65,-0.999997067829], [26,66,0.000218308127], [48,66,0.709093954331], [49,66,0.708921111554], [50,66,0.005858973379], [66,66,2.000000000000], [67,66,-0.006487984691], [68,66,0.704734767268], [69,66,0.708549068635], [49,67,-0.709872408517], [66,67,-0.006487984691], [67,67,2.000000000000], [68,67,0.704883623909], [69,67,0.710243749196], [49,68,-0.000779779051], [51,68,0.708239193429], [66,68,0.704734767268], [67,68,0.704883623909], [68,68,2.000000000000], [72,68,0.000642705341], [82,68,-0.705113786322], [83,68,-0.707341952829], [84,68,-0.999999799238], [26,69,-0.705506847047], [48,69,0.004856020182], [50,69,-0.701498063824], [66,69,0.708549068635], [67,69,0.710243749196], [69,69,2.000000000000], [31,70,-0.002792646179], [55,70,0.001551047593], [57,70,-0.706540618688], [70,70,2.000000000000], [71,70,0.999999935893], [72,70,-0.706102669499], [73,70,-0.000769661086], [74,70,0.709130554343], [75,70,0.000468208366], [76,70,-0.999999745039], [31,71,-0.003150713130], [39,71,0.002440063681], [56,71,0.706716383396], [58,71,-0.706166512844], [70,71,0.999999935893], [71,71,2.000000000000], [72,71,-0.705849072519], [73,71,-0.000411592617], [74,71,0.709382974836], [75,71,0.000826276822], [76,71,0.999999936625], [77,71,-0.999997614849], [78,71,-0.006056672909], [31,72,-0.706134812872], [51,72,0.706427595810], [68,72,0.000642705341], [70,72,-0.706102669499], [71,72,-0.705849072519], [72,72,2.000000000000], [73,72,0.708652719041], [74,72,-0.001447136263], [75,72,0.707778788235], [82,72,0.708640847671], [83,72,0.706416772860], [84,72,-0.000009046447], [31,73,-0.999993654977], [70,73,-0.000769661086], [71,73,-0.000411592617], [72,73,0.708652719041], [73,73,2.000000000000], [74,73,0.704531200217], [75,73,0.999999233840], [82,73,-0.004360527193], [85,73,-0.001905004350], [86,73,-0.710622660411], [87,73,-0.999996942862], [88,73,-0.705740083052], [31,74,-0.707054800571], [70,74,0.709130554343], [71,74,0.709382974836], [72,74,-0.001447136263], [73,74,0.704531200217], [74,74,2.000000000000], [75,74,0.705409142821], [83,74,0.708817657040], [85,74,0.711013862073], [89,74,0.006737612228], [31,75,-0.999997298487], [70,75,0.000468208366], [71,75,0.000826276822], [72,75,0.707778788235], [73,75,0.999999233840], [74,75,0.705409142821], [75,75,2.000000000000], [84,75,0.706440537735], [87,75,0.999999237588], [89,75,0.704031491979], [104,75,-0.003071632885], [107,75,-0.001063058727], [110,75,0.000974699233], [39,76,0.002796082105], [55,76,-0.002265134457], [56,76,0.706968221420], [57,76,0.706035098030], [58,76,-0.705914389882], [70,76,-0.999999745039], [71,76,0.999999936625], [76,76,2.000000000000], [77,76,-0.999996773891], [78,76,-0.006412685633], [39,77,-0.000255963429], [45,77,-0.000081289607], [56,77,-0.705169452991], [58,77,0.707711272026], [60,77,0.703823509519], [63,77,-0.004608284676], [64,77,-0.706223166002], [71,77,-0.999997614849], [76,77,-0.999996773891], [77,77,2.000000000000], [78,77,0.003872597589], [79,77,0.999996798440], [39,78,-0.999993459951], [56,78,-0.711764336753], [58,78,-0.703755794445], [71,78,-0.006056672909], [76,78,-0.006412685633], [77,78,0.003872597589], [78,78,2.000000000000], [92,78,0.999992361026], [95,78,0.704693396829], [114,78,-0.007940047736], [115,78,-0.004372616295], [116,78,-0.999959957498], [117,78,-0.712333235962], [118,78,-0.999971377711], [43,79,0.001046208392], [45,79,0.002449147212], [59,79,0.004421025176], [60,79,0.705618814754], [62,79,0.709089171277], [63,79,-0.002077860223], [64,79,-0.704429382989], [77,79,0.999996798440], [79,79,2.000000000000], [80,79,0.999989584135], [43,80,0.005610362071], [59,80,0.008985101597], [62,80,0.712300065591], [65,80,-0.004699201353], [79,80,0.999989584135], [80,80,2.000000000000], [81,80,0.002277575625], [65,81,-0.999997067829], [80,81,0.002277575625], [81,81,2.000000000000], [100,81,0.706576605629], [102,81,0.999999875385], [51,82,0.001211805053], [68,82,-0.705113786322], [72,82,0.708640847671], [73,82,-0.004360527193], [82,82,2.000000000000], [83,82,0.999995047566], [84,82,0.705562968593], [85,82,-0.999980371528], [86,82,0.706665333179], [87,82,0.001887832849], [88,82,-0.705386708496], [51,83,-0.001935394901], [68,83,-0.707341952829], [72,83,0.706416772860], [74,83,0.708817657040], [82,83,0.999995047566], [83,83,2.000000000000], [84,83,0.707789726255], [85,83,0.999995137966], [89,83,0.710151483297], [51,84,-0.707791705454], [68,84,-0.999999799238], [72,84,-0.000009046447], [75,84,0.706440537735], [82,84,0.705562968593], [83,84,0.707789726255], [84,84,2.000000000000], [87,84,0.707313982810], [89,84,-0.005281455436], [104,84,0.705599132601], [107,84,0.707021009784], [110,84,-0.707083494231], [73,85,-0.001905004350], [74,85,0.711013862073], [82,85,-0.999980371528], [83,85,0.999995137966], [85,85,2.000000000000], [86,85,-0.702218316808], [87,85,0.004377698561], [88,85,0.709813995246], [89,85,0.707952566630], [73,86,-0.710622660411], [82,86,0.706665333179], [85,86,-0.702218316808], [86,86,2.000000000000], [87,86,0.708880758978], [88,86,0.003053703338], [103,86,-0.708046533139], [107,86,0.705206560733], [108,86,0.705175168040], [109,86,-0.005100396401], [73,87,-0.999996942862], [75,87,0.999999237588], [82,87,0.001887832849], [84,87,0.707313982810], [85,87,0.004377698561], [86,87,0.708880758978], [87,87,2.000000000000], [88,87,0.707489764563], [89,87,0.703154012435], [104,87,-0.001836799186], [107,87,0.000171778569], [110,87,-0.000260138106], [73,88,-0.705740083052], [82,88,-0.705386708496], [85,88,0.709813995246], [86,88,0.003053703338], [87,88,0.707489764563], [88,88,2.000000000000], [91,88,0.000283607350], [108,88,0.706876430399], [110,88,0.706907611401], [111,88,-0.708245371096], [112,88,-0.999994152067], [113,88,-0.708028864640], [74,89,0.006737612228], [75,89,0.704031491979], [83,89,0.710151483297], [84,89,-0.005281455436], [85,89,0.707952566630], [87,89,0.703154012435], [89,89,2.000000000000], [104,89,-0.712327929476], [107,89,-0.710916778940], [110,89,0.710854635008], [61,90,0.001566323516], [90,90,2.000000000000], [91,90,-0.706090695962], [92,90,0.009598242854], [93,90,0.706599780817], [94,90,0.003179436205], [95,90,0.705491009491], [96,90,0.004239722584], [97,90,-0.705790682528], [88,91,0.000283607350], [90,91,-0.706090695962], [91,91,2.000000000000], [92,91,0.701311559411], [93,91,0.002152679382], [94,91,0.705872858963], [108,91,-0.707136553161], [110,91,-0.707105382248], [111,91,0.705765462965], [112,91,0.003136311209], [113,91,-0.706384267534], [78,92,0.999992361026], [90,92,0.009598242854], [91,92,0.701311559411], [92,92,2.000000000000], [93,92,0.714362938949], [94,92,0.999979398620], [95,92,0.701914748573], [114,92,-0.011848557861], [115,92,-0.008281239518], [116,92,-0.999917340190], [117,92,-0.715071077759], [118,92,-0.999934165932], [90,93,0.706599780817], [91,93,0.002152679382], [92,93,0.714362938949], [93,93,2.000000000000], [94,93,0.709856430644], [96,93,0.704611271453], [111,93,0.706924631619], [114,93,0.708190435177], [119,93,-0.000857528331], [90,94,0.003179436205], [91,94,0.705872858963], [92,94,0.999979398620], [93,94,0.709856430644], [94,94,2.000000000000], [112,94,0.706121233190], [116,94,0.999979270950], [119,94,0.704954860671], [128,94,-0.001029901496], [130,94,-0.006986750802], [135,94,-0.003036903482], [136,94,-0.705647485046], [137,94,-0.999993221550], [61,95,-0.707612972643], [78,95,0.704693396829], [90,95,0.705491009491], [92,95,0.701914748573], [95,95,2.000000000000], [96,95,0.711703585616], [97,95,0.004141948355], [114,95,0.703894291609], [115,95,0.706423819818], [116,95,-0.711014554052], [117,95,-0.004011657682], [118,95,-0.710041366351], [61,96,-0.999983144884], [90,96,0.004239722584], [93,96,0.704611271453], [95,96,0.711703585616], [96,96,2.000000000000], [97,96,0.705421711069], [111,96,-0.003780541507], [114,96,-0.001989289097], [119,96,-0.710197477952], [61,97,-0.709525062345], [90,97,-0.705790682528], [95,97,0.004141948355], [96,97,0.705421711069], [97,97,2.000000000000], [99,97,0.706063684097], [101,97,0.003869362316], [115,97,0.704857041225], [120,97,-0.712156289616], [98,98,2.000000000000], [99,98,-0.007230668766], [100,98,0.705992641212], [101,98,0.708440032174], [102,98,0.001824663360], [97,99,0.706063684097], [98,99,-0.007230668766], [99,99,2.000000000000], [100,99,0.703095855505], [101,99,0.710875056809], [115,99,-0.004650632175], [120,99,-0.999962667635], [81,100,0.706576605629], [98,100,0.705992641212], [99,100,0.703095855505], [100,100,2.000000000000], [102,100,0.706929790569], [97,101,0.003869362316], [98,101,0.708440032174], [99,101,0.710875056809], [101,101,2.000000000000], [102,101,0.707062501271], [115,101,-0.706616728542], [120,101,-0.704771288879], [81,102,0.999999875385], [98,102,0.001824663360], [100,102,0.706929790569], [101,102,0.707062501271], [102,102,2.000000000000], [86,103,-0.708046533139], [103,103,2.000000000000], [104,103,0.999997989917], [105,103,0.705820894948], [106,103,-0.002182811744], [107,103,-0.999991945461], [108,103,-0.999991766773], [109,103,-0.702545275468], [75,104,-0.003071632885], [84,104,0.705599132601], [87,104,-0.001836799186], [89,104,-0.712327929476], [103,104,0.999997989917], [104,104,2.000000000000], [105,104,0.707239822972], [106,104,-0.000177778020], [107,104,0.999997982806], [110,104,-0.999997801426], [103,105,0.705820894948], [104,105,0.707239822972], [105,105,2.000000000000], [106,105,0.706847971497], [121,105,0.70364344175