{
"N": {
"shape": [192, 140],
"data": [[0,0,0.001166580614], [1,0,-0.999999319545], [3,0,-0.001166580614], [4,0,0.999999319545], [0,1,-0.000424796140], [1,1,-0.999999909774], [6,1,0.000424796140], [7,1,0.999999909774], [0,2,-0.703422922877], [1,2,-0.710771546681], [27,2,0.703422922877], [28,2,0.710771546681], [0,3,-0.999999577940], [1,3,-0.000918760082], [48,3,0.999999577940], [49,3,0.000918760082], [3,4,-0.002027955319], [4,4,-0.999997943696], [6,4,0.002027955319], [7,4,0.999997943696], [3,5,-0.999992237739], [4,5,0.003940109298], [27,5,0.999992237739], [28,5,-0.003940109298], [3,6,-0.999994301320], [4,6,0.003375992844], [51,6,0.999994301320], [52,6,-0.003375992844], [6,7,-0.702965523192], [7,7,0.711223926203], [27,7,0.702965523192], [28,7,-0.711223926203], [6,8,-0.999963916300], [7,8,0.008495063163], [30,8,0.999963916300], [31,8,-0.008495063163], [9,9,-0.000399166849], [10,9,-0.999999920333], [12,9,0.000399166849], [13,9,0.999999920333], [9,10,-0.705155893685], [10,10,0.709052301034], [30,10,0.705155893685], [31,10,-0.709052301034], [9,11,-0.709481015592], [10,11,-0.704724547972], [36,11,0.709481015592], [37,11,0.704724547972], [9,12,-0.999999734510], [10,12,0.000728683070], [57,12,0.999999734510], [58,12,-0.000728683070], [15,13,-0.001520136693], [16,13,-0.999998844592], [18,13,0.001520136693], [19,13,0.999998844592], [15,14,0.000902881705], [16,14,-0.999999592402], [21,14,-0.000902881705], [22,14,0.999999592402], [15,15,-0.999996328018], [16,15,-0.002709972516], [63,15,0.999996328018], [64,15,0.002709972516], [21,16,-0.999989168282], [22,16,-0.004654387043], [45,16,0.999989168282], [46,16,0.004654387043], [24,17,-0.999999008708], [25,17,-0.001408042277], [48,17,0.999999008708], [49,17,0.001408042277], [24,18,-0.708499421602], [25,18,-0.705711392561], [51,18,0.708499421602], [52,18,0.705711392561], [24,19,-0.999989871401], [25,19,-0.004500788326], [72,19,0.999989871401], [73,19,0.004500788326], [27,20,-0.707574104540], [28,20,0.706639148777], [48,20,0.707574104540], [49,20,-0.706639148777], [27,21,-0.999996032697], [28,21,0.002816840359], [51,21,0.999996032697], [52,21,-0.002816840359], [30,22,0.000890475136], [31,22,-0.999999603527], [33,22,-0.000890475136], [34,22,0.999999603527], [30,23,-0.002719984620], [31,23,-0.999996300835], [36,23,0.002719984620], [37,23,0.999996300835], [30,24,-0.707842384199], [31,24,-0.706370412129], [57,24,0.707842384199], [58,24,0.706370412129], [33,25,-0.006319734535], [34,25,-0.999980030278], [36,25,0.006319734535], [37,25,0.999980030278], [33,26,-0.003740783643], [34,26,-0.999993003244], [39,26,0.003740783643], [40,26,0.999993003244], [33,27,-0.710831817096], [34,27,0.703362017601], [54,27,0.710831817096], [55,27,-0.703362017601], [33,28,-0.999994235651], [34,28,-0.003395388856], [57,28,0.999994235651], [58,28,0.003395388856], [36,29,-0.707294724294], [37,29,0.706918788112], [57,29,0.707294724294], [58,29,-0.706918788112], [36,30,-0.999999515521], [37,30,-0.000984356761], [60,30,0.999999515521], [61,30,0.000984356761], [36,31,-0.704464027966], [37,31,-0.709739694044], [63,31,0.704464027966], [64,31,0.709739694044], [36,32,-0.999999486733], [37,32,0.001013179960], [84,32,0.999999486733], [85,32,-0.001013179960], [39,33,-0.708286699011], [40,33,0.705924891191], [60,33,0.708286699011], [61,33,-0.705924891191], [39,34,-0.999973399259], [40,34,-0.007293886138], [63,34,0.999973399259], [64,34,0.007293886138], [39,35,-0.999988730780], [40,35,-0.004747453396], [87,35,0.999988730780], [88,35,0.004747453396], [42,36,0.004814509453], [43,36,-0.999988410182], [45,36,-0.004814509453], [46,36,0.999988410182], [42,37,-0.708649326532], [43,37,0.705560863431], [63,37,0.708649326532], [64,37,-0.705560863431], [42,38,-0.999981704760], [43,38,-0.006048978889], [66,38,0.999981704760], [67,38,0.006048978889], [42,39,-0.704742728824], [43,39,-0.709462956164], [69,39,0.704742728824], [70,39,0.709462956164], [42,40,-0.999997907302], [43,40,-0.002045822905], [90,40,0.999997907302], [91,40,0.002045822905], [48,41,-0.000141694102], [49,41,-0.999999989961], [51,41,0.000141694102], [52,41,0.999999989961], [48,42,-0.999971042373], [49,42,-0.007610152135], [72,42,0.999971042373], [73,42,0.007610152135], [51,43,0.000823378709], [52,43,-0.999999661024], [54,43,-0.000823378709], [55,43,0.999999661024], [51,44,-0.709687207500], [52,44,0.704516903637], [72,44,0.709687207500], [73,44,-0.704516903637], [51,45,-0.704049016288], [52,45,-0.710151380104], [78,45,0.704049016288], [79,45,0.710151380104], [54,46,-0.705988906803], [55,46,0.708222891095], [75,46,0.705988906803], [76,46,-0.708222891095], [54,47,-0.999998356224], [55,47,-0.001813160156], [78,47,0.999998356224], [79,47,0.001813160156], [54,48,-0.707339677794], [55,48,-0.706873807846], [81,48,0.707339677794], [82,48,0.706873807846], [57,49,0.000944246559], [58,49,-0.999999554199], [63,49,-0.000944246559], [64,49,0.999999554199], [60,50,0.003684470128], [61,50,-0.999993212317], [63,50,-0.003684470128], [64,50,0.999993212317], [60,51,0.001363270899], [61,51,-0.999999070746], [66,51,-0.001363270899], [67,51,0.999999070746], [60,52,-0.999995431997], [61,52,0.003022579229], [84,52,0.999995431997], [85,52,-0.003022579229], [60,53,-0.702969700751], [61,53,-0.711219797127], [87,53,0.702969700751], [88,53,0.711219797127], [60,54,-0.999998229893], [61,54,-0.001881544956], [108,54,0.999998229893], [109,54,0.001881544956], [66,55,-0.706590894175], [67,55,0.707622292095], [87,55,0.706590894175], [88,55,-0.707622292095], [66,56,-0.999998074036], [67,56,0.001962632232], [90,56,0.999998074036], [91,56,-0.001962632232], [66,57,-0.999999075278], [67,57,0.001359942098], [114,57,0.999999075278], [115,57,-0.001359942098], [69,58,-0.709430372761], [70,58,0.704775528948], [90,58,0.709430372761], [91,58,-0.704775528948], [69,59,-0.999999909346], [70,59,0.000425801654], [117,59,0.999999909346], [118,59,-0.000425801654], [72,60,0.000150174507], [73,60,-0.999999988724], [78,60,-0.000150174507], [79,60,0.999999988724], [72,61,-0.999997976304], [73,61,0.002011812087], [96,61,0.999997976304], [97,61,-0.002011812087], [75,62,-0.001624898625], [76,62,-0.999998679851], [78,62,0.001624898625], [79,62,0.999998679851], [75,63,-0.001295851796], [76,63,-0.999999160384], [81,63,0.001295851796], [82,63,0.999999160384], [75,64,-0.709295930536], [76,64,0.704910833315], [96,64,0.709295930536], [97,64,-0.704910833315], [75,65,-0.999988921523], [76,65,0.004707104246], [99,65,0.999988921523], [100,65,-0.004707104246], [75,66,-0.999999517497], [76,66,-0.000982346819], [123,66,0.999999517497], [124,66,0.000982346819], [78,67,-0.000965206033], [79,67,-0.999999534189], [81,67,0.000965206033], [82,67,0.999999534189], [78,68,-0.000008994633], [79,68,-0.999999999960], [84,68,0.000008994633], [85,68,0.999999999960], [78,69,-0.704820455427], [79,69,0.709385738235], [99,69,0.704820455427], [100,69,-0.709385738235], [81,70,-0.708234222777], [82,70,0.705977539082], [102,70,0.708234222777], [103,70,-0.705977539082], [81,71,-0.999994290354], [82,71,0.003379239576], [105,71,0.999994290354], [106,71,-0.003379239576], [84,72,-0.709291056760], [85,72,0.704915737376], [105,72,0.709291056760], [106,72,-0.704915737376], [87,73,-0.707312054007], [88,73,0.706901448758], [108,73,0.707312054007], [109,73,-0.706901448758], [87,74,-0.710286687560], [88,74,-0.703912509816], [114,74,0.710286687560], [115,74,0.703912509816], [90,75,0.004917053488], [91,75,-0.999987911219], [93,75,-0.004917053488], [94,75,0.999987911219], [90,76,-0.999999711239], [91,76,0.000759948102], [114,76,0.999999711239], [115,76,-0.000759948102], [90,77,-0.707770459345], [91,77,-0.706442479526], [117,77,0.707770459345], [118,77,0.706442479526], [93,78,-0.709277163228], [94,78,0.704929716868], [114,78,0.709277163228], [115,78,-0.704929716868], [93,79,-0.999989110622], [94,79,0.004666758687], [117,79,0.999989110622], [118,79,-0.004666758687], [93,80,-0.999999967945], [94,80,0.000253200728], [141,80,0.999999967945], [142,80,-0.000253200728], [96,81,0.001714214835], [97,81,-0.999998530733], [99,81,-0.001714214835], [100,81,0.999998530733], [102,82,-0.000155392542], [103,82,-0.999999987927], [105,82,0.000155392542], [106,82,0.999999987927], [102,83,0.000023512665], [103,83,-0.999999999724], [108,83,-0.000023512665], [109,83,0.999999999724], [102,84,-0.999994675507], [103,84,0.003263274081], [150,84,0.999994675507], [151,84,-0.003263274081], [105,85,-0.704605317227], [106,85,-0.709599427096], [132,85,0.704605317227], [133,85,0.709599427096], [108,86,-0.000995482068], [109,86,-0.999999504508], [114,86,0.000995482068], [115,86,0.999999504508], [108,87,-0.706790191148], [109,87,0.707423229543], [129,87,0.706790191148], [130,87,-0.707423229543], [111,88,-0.008994415494], [112,88,-0.999959549427], [114,88,0.008994415494], [115,88,0.999959549427], [111,89,-0.002094933980], [112,89,-0.999997805623], [117,89,0.002094933980], [118,89,0.999997805623], [111,90,-0.707924649768], [112,90,0.706287965529], [132,90,0.707924649768], [133,90,-0.706287965529], [111,91,-0.999995892192], [112,91,0.002866286521], [135,91,0.999995892192], [136,91,-0.002866286521], [111,92,-0.709970656564], [112,92,-0.704231259473], [138,92,0.709970656564], [139,92,0.704231259473], [111,93,-0.999999250743], [112,93,-0.001224138079], [159,93,0.999999250743], [160,93,0.001224138079], [114,94,-0.704337157866], [115,94,-0.709865598581], [141,94,0.704337157866], [142,94,0.709865598581], [114,95,-0.999999154425], [115,95,0.001300441785], [162,95,0.999999154425], [163,95,-0.001300441785], [117,96,-0.999999264846], [118,96,-0.001212561943], [165,96,0.999999264846], [166,96,0.001212561943], [126,97,0.002965736349], [127,97,-0.999995602194], [132,97,-0.002965736349], [133,97,0.999995602194], [126,98,-0.999999309917], [127,98,0.001174804427], [150,98,0.999999309917], [151,98,-0.001174804427], [126,99,-0.999998939207], [127,99,0.001456565840], [174,99,0.999998939207], [175,99,-0.001456565840], [129,100,0.008447177962], [130,100,-0.999964321956], [132,100,-0.008447177962], [133,100,0.999964321956], [129,101,0.003879911771], [130,101,-0.999992473114], [135,101,-0.003879911771], [136,101,0.999992473114], [129,102,-0.703572197591], [130,102,0.710623784275], [150,102,0.703572197591], [151,102,-0.710623784275], [129,103,-0.707112076761], [130,103,-0.707101485573], [156,103,0.707112076761], [157,103,0.707101485573], [129,104,-0.999999470983], [130,104,-0.001028607522], [177,104,0.999999470983], [178,104,0.001028607522], [132,105,-0.003981517694], [133,105,-0.999992073727], [138,105,0.003981517694], [139,105,0.999992073727], [132,106,-0.706544572796], [133,106,0.707668542930], [153,106,0.706544572796], [154,106,-0.707668542930], [132,107,-0.999999989724], [133,107,0.000143362706], [156,107,0.999999989724], [157,107,-0.000143362706], [132,108,-0.708687139682], [133,108,-0.705522882726], [159,108,0.708687139682], [160,108,0.705522882726], [135,109,-0.007227015955], [136,109,-0.999973884779], [138,109,0.007227015955], [139,109,0.999973884779], [135,110,-0.711473239053], [136,110,0.702713191930], [156,110,0.711473239053], [157,110,-0.702713191930], [135,111,-0.999985947455], [136,111,-0.005301404720], [159,111,0.999985947455], [160,111,0.005301404720], [135,112,-0.708289657741], [136,112,-0.705921922551], [162,112,0.708289657741], [163,112,0.705921922551], [135,113,-0.999996945748], [136,113,-0.002471536830], [183,113,0.999996945748], [184,113,0.002471536830], [138,114,0.005767804003], [139,114,-0.999983366080], [141,114,-0.005767804003], [142,114,0.999983366080], [138,115,-0.706866883731], [139,115,0.707346597280], [159,115,0.706866883731], [160,115,-0.707346597280], [138,116,-0.999999907134], [139,116,0.000430967506], [162,116,0.999999907134], [163,116,-0.000430967506], [138,117,-0.999997786705], [139,117,-0.002103945016], [186,117,0.999997786705], [187,117,0.002103945016], [141,118,-0.707316792466], [142,118,0.706896707515], [162,118,0.707316792466], [163,118,-0.706896707515], [141,119,-0.999998449397], [142,119,0.001761023710], [165,119,0.999998449397], [166,119,-0.001761023710], [147,120,-0.707851830107], [148,120,0.706360946411], [168,120,0.707851830107], [169,120,-0.706360946411], [150,121,0.000130255999], [151,121,-0.999999991517], [153,121,-0.000130255999], [154,121,0.999999991517], [150,122,-0.004443000823], [151,122,-0.999990129823], [156,122,0.004443000823], [157,122,0.999990129823], [150,123,-0.707633397797], [151,123,-0.706579772087], [177,123,0.707633397797], [178,123,0.706579772087], [153,124,-0.009012698042], [154,124,-0.999959384812], [156,124,0.009012698042], [157,124,0.999959384812], [153,125,-0.002784440168], [154,125,-0.999996123439], [159,125,0.002784440168], [160,125,0.999996123439], [153,126,-0.999995716631], [154,126,-0.002926895791], [177,126,0.999995716631], [178,126,0.002926895791], [153,127,-0.706775877156], [154,127,-0.707437530437], [180,127,0.706775877156], [181,127,0.707437530437], [156,128,0.003445479131], [157,128,-0.999994064319], [159,128,-0.003445479131], [160,128,0.999994064319], [156,129,-0.706610493214], [157,129,-0.707602721080], [183,129,0.706610493214], [184,129,0.707602721080], [159,130,-0.704972971900], [160,130,0.709234170702], [180,130,0.704972971900], [181,130,-0.709234170702], [159,131,-0.999999933784], [160,131,0.000363911468], [183,131,0.999999933784], [184,131,-0.000363911468], [162,132,0.007624516606], [163,132,-0.999970932951], [165,132,-0.007624516606], [166,132,0.999970932951], [165,133,-0.708402061951], [166,133,0.705809123364], [186,133,0.708402061951], [187,133,-0.705809123364], [171,134,-0.003906127671], [172,134,-0.999992371054], [174,134,0.003906127671], [175,134,0.999992371054], [171,135,-0.002046627254], [172,135,-0.999997905656], [177,135,0.002046627254], [178,135,0.999997905656], [174,136,-0.000200702727], [175,136,-0.999999979859], [177,136,0.000200702727], [178,136,0.999999979859], [180,137,-0.007831830250], [181,137,-0.999969330747], [183,137,0.007831830250], [184,137,0.999969330747], [183,138,0.000064792818], [184,138,-0.999999997901], [189,138,-0.000064792818], [190,138,0.999999997901], [186,139,-0.006965092145], [187,139,-0.999975743452], [189,139,0.006965092145], [190,139,0.999975743452], ]
},
"Q": {
"shape": [140, 140],
"data": [[0,0,2.000000000000], [1,0,0.999998733760], [2,0,0.709950463487], [3,0,-0.000247820665], [4,0,-0.999994897469], [5,0,0.005106678176], [6,0,0.004542564513], [0,1,0.999998733760], [1,1,2.000000000000], [2,1,0.711070293894], [3,1,0.001343555960], [4,1,0.999998714938], [7,1,0.710925244991], [8,1,0.008070281585], [0,2,0.709950463487], [1,2,0.711070293894], [2,2,2.000000000000], [3,2,0.704075654515], [5,2,0.700616945145], [7,2,-0.011035667058], [20,2,0.004535155954], [21,2,-0.701418002206], [0,3,-0.000247820665], [1,3,0.001343555960], [2,3,0.704075654515], [3,3,2.000000000000], [17,3,0.999999880301], [20,3,0.706924574059], [41,3,-0.001060454115], [42,3,-0.999977612229], [0,4,-0.999994897469], [1,4,0.999998714938], [4,4,2.000000000000], [5,4,-0.001912161618], [6,4,-0.001348042139], [7,4,0.709796881039], [8,4,0.006467163552], [0,5,0.005106678176], [2,5,0.700616945145], [4,5,-0.001912161618], [5,5,2.000000000000], [6,5,0.999999840884], [7,5,0.705762366595], [20,5,-0.710352847646], [21,5,-0.999999369126], [0,6,0.004542564513], [4,6,-0.001348042139], [5,6,0.999999840884], [6,6,2.000000000000], [18,6,0.706112907479], [21,6,0.999999843673], [41,6,-0.003234299516], [43,6,0.004199365716], [44,6,-0.712061607245], [45,6,-0.701647538161], [1,7,0.710925244991], [2,7,-0.011035667058], [4,7,0.709796881039], [5,7,0.705762366595], [7,7,2.000000000000], [8,7,0.708982049771], [20,7,-0.999978870397], [21,7,-0.704966138575], [1,8,0.008070281585], [4,8,0.006467163552], [7,8,0.708982049771], [8,8,2.000000000000], [10,8,0.711153893134], [22,8,0.009385502799], [23,8,0.005775145266], [24,8,-0.701816181359], [9,9,2.000000000000], [10,9,-0.708770769690], [11,9,0.705007693130], [12,9,-0.000329516268], [8,10,0.711153893134], [9,10,-0.708770769690], [10,10,2.000000000000], [11,10,0.000608157268], [12,10,0.705672380881], [22,10,0.709679943704], [23,10,0.707131664947], [24,10,0.001714337084], [9,11,0.705007693130], [10,11,0.000608157268], [11,11,2.000000000000], [12,11,0.708967306386], [23,11,0.706651718530], [25,11,0.709194206495], [29,11,-0.003629155909], [30,11,-0.710174372237], [31,11,-0.999974839073], [32,11,-0.708766638650], [9,12,-0.000329516268], [10,12,0.705672380881], [11,12,0.708967306386], [12,12,2.000000000000], [24,12,0.707327476114], [28,12,0.999991496000], [29,12,0.707809656267], [49,12,0.001672929053], [13,13,2.000000000000], [14,13,0.999997064491], [15,13,0.004230100497], [13,14,0.999997064491], [14,14,2.000000000000], [15,14,0.001807093022], [16,14,-0.003751513220], [13,15,0.004230100497], [14,15,0.001807093022], [15,15,2.000000000000], [31,15,0.706384816251], [34,15,0.999989493605], [37,15,0.706734673836], [49,15,0.001765728217], [50,15,-0.000974502477], [14,16,-0.003751513220], [16,16,2.000000000000], [36,16,-0.000160124204], [3,17,0.999999880301], [17,17,2.000000000000], [18,17,0.709492390749], [19,17,0.999995217419], [20,17,0.706578425331], [41,17,-0.001549736225], [42,17,-0.999980766526], [6,18,0.706112907479], [17,18,0.709492390749], [18,18,2.000000000000], [19,18,0.711668503093], [21,18,0.706508734438], [41,18,0.705811775665], [43,18,-0.705127790002], [44,18,-0.005627370884], [45,18,-0.999980240202], [17,19,0.999995217419], [18,19,0.711668503093], [19,19,2.000000000000], [42,19,0.999995165751], [44,19,0.706509137908], [60,19,-0.004350615289], [61,19,-0.999978792985], [2,20,0.004535155954], [3,20,0.706924574059], [5,20,-0.710352847646], [7,20,-0.999978870397], [17,20,0.706578425331], [20,20,2.000000000000], [21,20,0.709561787053], [41,20,0.706538882606], [42,20,-0.702175983447], [2,21,-0.701418002206], [5,21,-0.999999369126], [6,21,0.999999843673], [7,21,-0.704966138575], [18,21,0.706508734438], [20,21,0.709561787053], [21,21,2.000000000000], [41,21,-0.002675146791], [43,21,0.003640214846], [44,21,-0.711668903604], [45,21,-0.702045840044], [8,22,0.009385502799], [10,22,0.709679943704], [22,22,2.000000000000], [23,22,0.999993482285], [24,22,0.705739816029], [25,22,-0.999974006247], [26,22,-0.999989275699], [27,22,0.703994716795], [28,22,-0.002504917507], [8,23,0.005775145266], [10,23,0.707131664947], [11,23,0.706651718530], [22,23,0.999993482285], [23,23,2.000000000000], [24,23,0.708293119546], [25,23,0.999993520768], [29,23,0.704992342332], [30,23,-0.003704336421], [31,23,-0.711653199921], [32,23,-0.001706807011], [8,24,-0.701816181359], [10,24,0.001714337084], [12,24,0.707327476114], [22,24,0.705739816029], [23,24,0.708293119546], [24,24,2.000000000000], [28,24,0.710236706174], [29,24,0.001306668275], [49,24,-0.705701719493], [11,25,0.709194206495], [22,25,-0.999974006247], [23,25,0.999993520768], [25,25,2.000000000000], [26,25,0.999996674422], [27,25,-0.698855703274], [28,25,0.009715019157], [29,25,0.702434756246], [30,25,-0.007304068577], [31,25,-0.714177546386], [32,25,-0.005306571564], [22,26,-0.999989275699], [25,26,0.999996674422], [26,26,2.000000000000], [27,26,-0.700698028314], [28,26,0.007136127179], [33,26,0.703270404709], [34,26,-0.011034519240], [35,26,-0.008488161666], [22,27,0.703994716795], [25,27,-0.698855703274], [26,27,-0.700698028314], [27,27,2.000000000000], [28,27,0.708439532057], [43,27,-0.703947062961], [46,27,-0.999976459064], [47,27,-0.709555340662], [48,27,-0.005611360795], [12,28,0.999991496000], [22,28,-0.002504917507], [24,28,0.710236706174], [25,28,0.009715019157], [26,28,0.007136127179], [27,28,0.708439532057], [28,28,2.000000000000], [29,28,0.704890383024], [49,28,-0.002451146226], [11,29,-0.003629155909], [12,29,0.707809656267], [23,29,0.704992342332], [24,29,0.001306668275], [25,29,0.702434756246], [28,29,0.704890383024], [29,29,2.000000000000], [30,29,0.706598521336], [31,29,-0.003464633954], [32,29,0.708010597212], [49,29,0.707586333577], [11,30,-0.710174372237], [23,30,-0.003704336421], [25,30,-0.007304068577], [29,30,0.706598521336], [30,30,2.000000000000], [31,30,0.705162323734], [32,30,0.999998004924], [33,30,0.707591473922], [50,30,0.002700118264], [51,30,0.000378914393], [52,30,-0.999991972224], [53,30,-0.703669454193], [54,30,-0.999999597526], [11,31,-0.999974839073], [15,31,0.706384816251], [23,31,-0.711653199921], [25,31,-0.714177546386], [29,31,-0.003464633954], [30,31,0.705162323734], [31,31,2.000000000000], [32,31,0.703744572353], [34,31,0.709622049217], [37,31,-0.001546592357], [49,31,0.709074189907], [50,31,0.707139299889], [11,32,-0.708766638650], [23,32,-0.001706807011], [25,32,-0.005306571564], [29,32,0.708010597212], [30,32,0.999998004924], [31,32,0.703744572353], [32,32,2.000000000000], [52,32,0.999997981149], [68,32,-0.001004185331], [72,32,-0.710004899203], [26,33,0.703270404709], [30,33,0.707591473922], [33,33,2.000000000000], [34,33,0.703118922282], [35,33,0.704927371651], [50,33,0.708529760782], [51,33,0.706889821853], [52,33,-0.710417177469], [53,33,0.004163669050], [54,33,-0.706957215850], [15,34,0.999989493605], [26,34,-0.011034519240], [31,34,0.709622049217], [33,34,0.703118922282], [34,34,2.000000000000], [35,34,0.999996757723], [37,34,0.703484195333], [49,34,0.006349661445], [50,34,0.003609464511], [26,35,-0.008488161666], [33,35,0.704927371651], [34,35,0.999996757723], [35,35,2.000000000000], [53,35,0.706338261672], [55,35,0.703223527593], [73,35,-0.703948101468], [74,35,-0.713620475018], [16,36,-0.000160124204], [36,36,2.000000000000], [37,36,-0.708964484990], [38,36,0.001234487413], [39,36,0.706061743088], [40,36,-0.002768700184], [15,37,0.706734673836], [31,37,-0.001546592357], [34,37,0.703484195333], [36,37,-0.708964484990], [37,37,2.000000000000], [38,37,0.704368438855], [39,37,-0.001153835764], [40,37,0.707204390968], [49,37,-0.706229688579], [50,37,-0.708167071582], [36,38,0.001234487413], [37,38,0.704368438855], [38,38,2.000000000000], [39,38,0.709021361832], [40,38,0.999991987240], [51,38,0.004685727311], [55,38,-0.702297574618], [56,38,-0.999967906910], [57,38,-0.999972553794], [36,39,0.706061743088], [37,39,-0.001153835764], [38,39,0.709021361832], [39,39,2.000000000000], [40,39,0.706192689577], [58,39,0.000046233389], [59,39,-0.704440574437], [36,40,-0.002768700184], [37,40,0.707204390968], [38,40,0.999991987240], [39,40,0.706192689577], [40,40,2.000000000000], [56,40,0.999991966144], [58,40,0.707987042218], [75,40,0.002871245025], [76,40,-0.999996063823], [77,40,-0.709214234400], [3,41,-0.001060454115], [6,41,-0.003234299516], [17,41,-0.001549736225], [18,41,0.705811775665], [20,41,0.706538882606], [21,41,-0.002675146791], [41,41,2.000000000000], [42,41,0.007751842057], [43,41,-0.999999534317], [44,41,0.704416338073], [45,41,-0.710251132568], [3,42,-0.999977612229], [17,42,-0.999980766526], [19,42,0.999995165751], [20,42,-0.702175983447], [41,42,0.007751842057], [42,42,2.000000000000], [44,42,0.704305175825], [60,42,-0.007459981891], [61,42,-0.999953708540], [6,43,0.004199365716], [18,43,-0.705127790002], [21,43,0.003640214846], [27,43,-0.703947062961], [41,43,-0.999999534317], [43,43,2.000000000000], [44,43,-0.705101006159], [45,43,0.709571440410], [46,43,0.708803947258], [47,43,-0.000989782186], [48,43,-0.706291159802], [6,44,-0.712061607245], [18,44,-0.005627370884], [19,44,0.706509137908], [21,44,-0.711668903604], [41,44,0.704416338073], [42,44,0.704305175825], [43,44,-0.705101006159], [44,44,2.000000000000], [45,44,-0.000659071111], [60,44,0.704623472619], [61,44,-0.711103126932], [6,45,-0.701647538161], [18,45,-0.999980240202], [21,45,-0.702045840044], [41,45,-0.710251132568], [43,45,0.709571440410], [44,45,-0.000659071111], [45,45,2.000000000000], [47,45,0.705335477177], [60,45,0.710045641882], [62,45,0.711294450877], [67,45,-0.710830601665], [68,45,-0.710157712738], [69,45,0.007543112730], [27,46,-0.999976459064], [43,46,0.708803947258], [46,46,2.000000000000], [47,46,0.704703624788], [48,46,-0.001250245968], [62,46,0.707074795732], [63,46,0.707307439466], [64,46,-0.999989046934], [65,46,-0.709314764500], [66,46,-0.705292845657], [27,47,-0.709555340662], [43,47,-0.000989782186], [45,47,0.705335477177], [46,47,0.704703624788], [47,47,2.000000000000], [48,47,0.708620190509], [60,47,0.001662985875], [62,47,0.003438053716], [67,47,-0.002778363758], [68,47,-0.001822154775], [69,47,-0.703533066904], [27,48,-0.005611360795], [43,48,-0.706291159802], [46,48,-0.001250245968], [47,48,0.708620190509], [48,48,2.000000000000], [63,48,0.707789821735], [67,48,0.707556207101], [70,48,-0.001925135637], [71,48,-0.704946943187], [12,49,0.001672929053], [15,49,0.001765728217], [24,49,-0.705701719493], [28,49,-0.002451146226], [29,49,0.707586333577], [31,49,0.709074189907], [34,49,0.006349661445], [37,49,-0.706229688579], [49,49,2.000000000000], [50,49,0.999996245567], [15,50,-0.000974502477], [30,50,0.002700118264], [31,50,0.707139299889], [33,50,0.708529760782], [34,50,0.003609464511], [37,50,-0.708167071582], [49,50,0.999996245567], [50,50,2.000000000000], [51,50,0.999997306000], [52,50,-0.006707012010], [53,50,0.708624898729], [54,50,-0.001802931422], [30,51,0.000378914393], [33,51,0.706889821853], [38,51,0.004685727311], [50,51,0.999997306000], [51,51,2.000000000000], [52,51,-0.004385841092], [53,51,0.710260798087], [54,51,0.000518274721], [55,51,0.708584909337], [56,51,0.003325898682], [57,51,0.002723210473], [30,52,-0.999991972224], [32,52,0.999997981149], [33,52,-0.710417177469], [50,52,-0.006707012010], [51,52,-0.004385841092], [52,52,2.000000000000], [53,52,0.700816771398], [54,52,0.999987974779], [68,52,-0.003013584637], [72,52,-0.711418480383], [30,53,-0.703669454193], [33,53,0.004163669050], [35,53,0.706338261672], [50,53,0.708624898729], [51,53,0.710260798087], [52,53,0.700816771398], [53,53,2.000000000000], [54,53,0.704306648441], [55,53,-0.006562993595], [73,53,0.005543362032], [74,53,-0.999946532628], [30,54,-0.999999597526], [33,54,-0.706957215850], [50,54,-0.001802931422], [51,54,0.000518274721], [52,54,0.999987974779], [53,54,0.704306648441], [54,54,2.000000000000], [73,54,0.705980735134], [83,54,0.001858032332], [86,54,-0.002877024329], [87,54,-0.705457891444], [35,55,0.703223527593], [38,55,-0.702297574618], [51,55,0.708584909337], [53,55,-0.006562993595], [55,55,2.000000000000], [56,55,0.707978335624], [57,55,0.707552566119], [73,55,-0.999999480157], [74,55,-0.003777922053], [38,56,-0.999967906910], [40,56,0.999991966144], [51,56,0.003325898682], [55,56,0.707978335624], [56,56,2.000000000000], [57,56,0.999999818382], [58,56,0.710812221593], [75,56,0.006879652524], [76,56,-0.999999276774], [77,56,-0.706382609423], [38,57,-0.999972553794], [51,57,0.002723210473], [55,57,0.707552566119], [56,57,0.999999818382], [57,57,2.000000000000], [74,57,0.709328750487], [76,57,0.999999820003], [78,57,0.710235170942], [86,57,-0.000364460277], [88,57,0.007634520089], [94,57,-0.703371130439], [95,57,-0.999999998230], [39,58,0.000046233389], [40,58,0.707987042218], [56,58,0.710812221593], [58,58,2.000000000000], [59,58,0.709730403035], [75,58,0.708255316160], [76,58,-0.709965760731], [77,58,-0.004230488623], [39,59,-0.704440574437], [58,59,0.709730403035], [59,59,2.000000000000], [77,59,0.707469590806], [79,59,0.999991007083], [89,59,0.001669133070], [96,59,-0.999998657882], [19,60,-0.004350615289], [42,60,-0.007459981891], [44,60,0.704623472619], [45,60,0.710045641882], [47,60,0.001662985875], [60,60,2.000000000000], [61,60,-0.002161986268], [62,60,0.999998424557], [67,60,-0.999999377963], [68,60,-0.999999987333], [69,60,0.709491576300], [19,61,-0.999978792985], [42,61,-0.999953708540], [44,61,-0.711103126932], [60,61,-0.002161986268], [61,61,2.000000000000], [64,61,0.710712643272], [81,61,0.003726020498], [45,62,0.711294450877], [46,62,0.707074795732], [47,62,0.003438053716], [60,62,0.999998424557], [62,62,2.000000000000], [63,62,0.999999945864], [64,62,-0.703757368746], [65,62,-0.003082217409], [66,62,0.002607243363], [67,62,-0.999999782402], [68,62,-0.999998694426], [69,62,0.708239539952], [46,63,0.707307439466], [48,63,0.707789821735], [62,63,0.999999945864], [63,63,2.000000000000], [64,63,-0.703991099054], [65,63,-0.003411262854], [66,63,0.002278197165], [67,63,0.999999945337], [70,63,0.705059179741], [71,63,0.002083392342], [46,64,-0.999989046934], [61,64,0.710712643272], [62,64,-0.703757368746], [63,64,-0.703991099054], [64,64,2.000000000000], [65,64,0.712606161395], [66,64,0.708603121384], [81,64,0.706125683219], [46,65,-0.709314764500], [62,65,-0.003082217409], [63,65,-0.003411262854], [64,65,0.712606161395], [65,65,2.000000000000], [66,65,0.999983815017], [69,65,0.708151799711], [81,65,-0.006421293175], [46,66,-0.705292845657], [62,66,0.002607243363], [63,66,0.002278197165], [64,66,0.708603121384], [65,66,0.999983815017], [66,66,2.000000000000], [45,67,-0.710830601665], [47,67,-0.002778363758], [48,67,0.707556207101], [60,67,-0.999999377963], [62,67,-0.999999782402], [63,67,0.999999945337], [67,67,2.000000000000], [68,67,0.999999542830], [69,67,-0.708705110839], [70,67,0.705293618284], [71,67,0.002414037480], [32,68,-0.001004185331], [45,68,-0.710157712738], [47,68,-0.001822154775], [52,68,-0.003013584637], [60,68,-0.999999987333], [62,68,-0.999998694426], [67,68,0.999999542830], [68,68,2.000000000000], [69,68,-0.709379398605], [72,68,0.704909357534], [45,69,0.007543112730], [47,69,-0.703533066904], [60,69,0.709491576300], [62,69,0.708239539952], [65,69,0.708151799711], [67,69,-0.708705110839], [68,69,-0.709379398605], [69,69,2.000000000000], [81,69,-0.710592909638], [48,70,-0.001925135637], [63,70,0.705059179741], [67,70,0.705293618284], [70,70,2.000000000000], [71,70,0.710615846250], [82,70,0.705867476242], [83,70,0.705994191360], [84,70,-0.710534249994], [48,71,-0.704946943187], [63,71,0.002083392342], [67,71,0.002414037480], [70,71,0.710615846250], [71,71,2.000000000000], [72,71,0.711669086117], [82,71,-0.003223847881], [85,71,-0.702203387713], [32,72,-0.710004899203], [52,72,-0.711418480383], [68,72,0.704909357534], [71,72,0.711669086117], [72,72,2.000000000000], [82,72,-0.704805510325], [85,72,0.000437553338], [35,73,-0.703948101468], [53,73,0.005543362032], [54,73,0.705980735134], [55,73,-0.999999480157], [73,73,2.000000000000], [74,73,0.004797562924], [83,73,-0.706918079354], [86,73,0.706196982028], [87,73,-0.999999727702], [35,74,-0.713620475018], [53,74,-0.999946532628], [55,74,-0.003777922053], [57,74,0.709328750487], [73,74,0.004797562924], [74,74,2.000000000000], [76,74,0.709751545481], [78,74,0.007581280586], [86,74,0.704619238693], [88,74,0.710272649739], [94,74,-0.999964581915], [95,74,-0.709370689719], [40,75,0.002871245025], [56,75,0.006879652524], [58,75,0.708255316160], [75,75,2.000000000000], [76,75,-0.005676990983], [77,75,0.702953794293], [78,75,0.708408748877], [79,75,0.009583702215], [80,75,0.005170250997], [40,76,-0.999996063823], [56,76,-0.999999276774], [57,76,0.999999820003], [58,76,-0.709965760731], [74,76,0.709751545481], [75,76,-0.005676990983], [76,76,2.000000000000], [77,76,0.707233395347], [78,76,0.709812668416], [86,76,0.000235534056], [88,76,0.008234495535], [94,76,-0.703797493467], [95,76,-0.999999853933], [40,77,-0.709214234400], [56,77,-0.706382609423], [58,77,-0.004230488623], [59,77,0.707469590806], [75,77,0.702953794293], [76,77,0.707233395347], [77,77,2.000000000000], [79,77,0.704465955587], [89,77,0.707923661710], [96,77,-0.708626544290], [57,78,0.710235170942], [74,78,0.007581280586], [75,78,0.708408748877], [76,78,0.709812668416], [78,78,2.000000000000], [79,78,0.712559176520], [80,78,0.709455629209], [86,78,-0.704223294883], [88,78,-0.698521668551], [94,78,0.000835094135], [95,78,-0.710193283540], [59,79,0.999991007083], [75,79,0.009583702215], [77,79,0.704465955587], [78,79,0.712559176520], [79,79,2.000000000000], [80,79,0.999990260194], [89,79,-0.002571837279], [96,79,-0.999982716743], [75,80,0.005170250997], [78,80,0.709455629209], [79,80,0.999990260194], [80,80,2.000000000000], [94,80,0.704157396802], [114,80,-0.006021000335], [118,80,-0.707495756553], [119,80,-0.999998863234], [61,81,0.003726020498], [64,81,0.706125683219], [65,81,-0.006421293175], [69,81,-0.710592909638], [81,81,2.000000000000], [70,82,0.705867476242], [71,82,-0.003223847881], [72,82,-0.704805510325], [82,82,2.000000000000], [83,82,0.999999983996], [84,82,-0.003107882327], [85,82,-0.709708908940], [54,83,0.001858032332], [70,83,0.705994191360], [73,83,-0.706918079354], [82,83,0.999999983996], [83,83,2.000000000000], [84,83,-0.003286786619], [86,83,-0.999999480825], [87,83,0.707439847868], [70,84,-0.710534249994], [82,84,-0.003107882327], [83,84,-0.003286786619], [84,84,2.000000000000], [98,84,0.999997819137], [102,84,0.705887411602], [121,84,0.003393529359], [122,84,-0.001179735294], [123,84,-0.705323866551], [71,85,-0.702203387713], [72,85,0.000437553338], [82,85,-0.709708908940], [85,85,2.000000000000], [90,85,-0.002374063281], [97,85,0.707506632815], [100,85,0.703622183469], [105,85,-0.712399201155], [106,85,0.004326129787], [107,85,-0.704503579892], [108,85,-0.999983360256], [54,86,-0.002877024329], [57,86,-0.000364460277], [73,86,0.706196982028], [74,86,0.704619238693], [76,86,0.000235534056], [78,86,-0.704223294883], [83,86,-0.999999480825], [86,86,2.000000000000], [87,86,-0.706719282059], [88,86,0.999968007734], [94,86,-0.710566401859], [95,86,0.000304959914], [54,87,-0.705457891444], [73,87,-0.999999727702], [83,87,0.707439847868], [86,87,-0.706719282059], [87,87,2.000000000000], [100,87,0.713368372592], [101,87,0.710160188432], [102,87,-0.999989700483], [103,87,0.000440136642], [104,87,-0.706062156389], [57,88,0.007634520089], [74,88,0.710272649739], [76,88,0.008234495535], [78,88,-0.698521668551], [86,88,0.999968007734], [88,88,2.000000000000], [89,88,0.999976197846], [90,88,-0.699892027337], [91,88,0.006128207968], [92,88,0.710588543988], [93,88,0.010218497317], [94,88,-0.716171985157], [95,88,-0.007694018707], [59,89,0.001669133070], [77,89,0.707923661710], [79,89,-0.002571837279], [88,89,0.999976197846], [89,89,2.000000000000], [90,89,-0.704803360263], [91,89,-0.000771354857], [92,89,0.705717055777], [93,89,0.003319067803], [96,89,-0.003307491721], [85,90,-0.002374063281], [88,90,-0.699892027337], [89,90,-0.704803360263], [90,90,2.000000000000], [91,90,0.709946165426], [92,90,0.005215664879], [93,90,0.707059525357], [97,90,-0.708384377277], [100,90,-0.712242732055], [105,90,0.703463752778], [106,90,-0.999998094697], [107,90,-0.708025897848], [108,90,-0.003394773681], [88,91,0.006128207968], [89,91,-0.000771354857], [90,91,0.709946165426], [91,91,2.000000000000], [92,91,0.707949211574], [93,91,0.999991634208], [101,91,-0.006746160780], [109,91,-0.004360774600], [110,91,-0.713484493808], [111,91,-0.999966644360], [112,91,-0.706263373731], [113,91,-0.999985753820], [88,92,0.710588543988], [89,92,0.705717055777], [90,92,0.005215664879], [91,92,0.707949211574], [92,92,2.000000000000], [93,92,0.710832200914], [105,92,0.707052438275], [109,92,0.709343837580], [114,92,-0.700124573751], [115,92,-0.003719160459], [116,92,-0.709667089842], [117,92,-0.711450749038], [88,93,0.010218497317], [89,93,0.003319067803], [90,93,0.707059525357], [91,93,0.999991634208], [92,93,0.710832200914], [93,93,2.000000000000], [108,93,0.709550266119], [111,93,0.999991687860], [115,93,0.706000464201], [125,93,0.004008571415], [128,93,-0.002221345737], [130,93,-0.704104243138], [131,93,-0.999998739049], [57,94,-0.703371130439], [74,94,-0.999964581915], [76,94,-0.703797493467], [78,94,0.000835094135], [80,94,0.704157396802], [86,94,-0.710566401859], [88,94,-0.716171985157], [94,94,2.000000000000], [95,94,0.703413423410], [114,94,0.705791312055], [118,94,0.003612155100], [119,94,-0.703085975568], [57,95,-0.999999998230], [74,95,-0.709370689719], [76,95,-0.999999853933], [78,95,-0.710193283540], [86,95,0.000304959914], [88,95,-0.007694018707], [94,95,0.703413423410], [95,95,2.000000000000], [112,95,0.707371048464], [116,95,0.999999622007], [118,95,0.708235472392], [132,95,0.008924914144], [59,96,-0.999998657882], [77,96,-0.708626544290], [79,96,-0.999982716743], [89,96,-0.003307491721], [96,96,2.000000000000], [119,96,0.999995578894], [132,96,-0.006411984303], [133,96,-0.707545703884], [85,97,0.707506632815], [90,97,-0.708384377277], [97,97,2.000000000000], [98,97,-0.004140533562], [99,97,-0.004422292637], [100,97,0.999984976410], [105,97,-0.999975867824], [106,97,0.709760855663], [107,97,0.003109098394], [108,97,-0.703418000763], [84,98,0.999997819137], [97,98,-0.004140533562], [98,98,2.000000000000], [99,98,0.999999960305], [102,98,0.704406556036], [121,98,0.001305060326], [122,98,-0.003268204925], [123,98,-0.706802816427], [97,99,-0.004422292637], [98,99,0.999999960305], [99,99,2.000000000000], [134,99,0.002449568799], [136,99,0.001255863296], [85,100,0.703622183469], [87,100,0.713368372592], [90,100,-0.712242732055], [97,100,0.999984976410], [100,100,2.000000000000], [101,100,0.999989569644], [102,100,-0.716541630170], [103,100,0.701103156023], [104,100,-0.007418602670], [105,100,-0.999922763377], [106,100,0.713611602445], [107,100,0.008590535467], [108,100,-0.699511304661], [87,101,0.710160188432], [91,101,-0.006746160780], [100,101,0.999989569644], [101,101,2.000000000000], [102,101,-0.713348233542], [103,101,0.704352630830], [104,101,-0.002851309939], [109,101,-0.999938317905], [110,101,0.705468356083], [111,101,-0.001421507568], [112,101,-0.703168507776], [113,101,0.001408381694], [84,102,0.705887411602], [87,102,-0.999989700483], [98,102,0.704406556036], [100,102,-0.716541630170], [101,102,-0.713348233542], [102,102,2.000000000000], [103,102,-0.004978735754], [104,102,0.702840872420], [121,102,0.710715422746], [122,102,0.707490798439], [123,102,0.004241206755], [87,103,0.000440136642], [100,103,0.701103156023], [101,103,0.704352630830], [102,103,-0.004978735754], [103,103,2.000000000000], [104,103,0.707839032593], [107,103,0.707010697512], [110,103,0.006201777681], [122,103,0.710236205895], [124,103,0.713445754143], [128,103,-0.704660948540], [129,103,-0.999999748588], [87,104,-0.706062156389], [100,104,-0.007418602670], [101,104,-0.002851309939], [102,104,0.702840872420], [103,104,0.707839032593], [104,104,2.000000000000], [123,104,0.708359816715], [126,104,0.999998198244], [135,104,0.003075231539], [136,104,0.001229310122], [85,105,-0.712399201155], [90,105,0.703463752778], [92,105,0.707052438275], [97,105,-0.999975867824], [100,105,-0.999922763377], [105,105,2.000000000000], [106,105,-0.704849814038], [107,105,0.003838156083], [108,105,0.708338940945], [109,105,0.999994733205], [114,105,-0.999952475325], [115,105,0.704526587653], [116,105,-0.003550553234], [117,105,-0.006085437221], [85,106,0.004326129787], [90,106,-0.999998094697], [97,106,0.709760855663], [100,106,0.713611602445], [105,106,-0.704849814038], [106,106,2.000000000000], [107,106,0.706646018813], [108,106,0.001442701930], [121,106,-0.707760568596], [124,106,0.701271927952], [125,106,0.705698468521], [126,106,-0.704470274326], [127,106,0.001262626191], [85,107,-0.704503579892], [90,107,-0.708025897848], [97,107,0.003109098394], [100,107,0.008590535467], [103,107,0.707010697512], [105,107,0.003838156083], [106,107,0.706646018813], [107,107,2.000000000000], [108,107,0.708585986729], [110,107,0.711573974606], [122,107,0.004299639486], [124,107,0.008869341065], [128,107,0.003588840951], [129,107,-0.706509042112], [85,108,-0.999983360256], [90,108,-0.003394773681], [93,108,0.709550266119], [97,108,-0.703418000763], [100,108,-0.699511304661], [105,108,0.708338940945], [106,108,0.001442701930], [107,108,0.708585986729], [108,108,2.000000000000], [111,108,0.712417443164], [115,108,0.001898259568], [125,108,0.707493444661], [128,108,0.703076928216], [130,108,0.000775657632], [131,108,-0.708430344888], [91,109,-0.004360774600], [92,109,0.709343837580], [101,109,-0.999938317905], [105,109,0.999994733205], [109,109,2.000000000000], [110,109,-0.697553011969], [111,109,0.012528180669], [112,109,0.711022307901], [113,109,0.009698466167], [114,109,-0.999915567282], [115,109,0.702219586521], [116,109,-0.006796059033], [117,109,-0.009330890030], [91,110,-0.713484493808], [101,110,0.705468356083], [103,110,0.006201777681],