{
"N": {
"shape": [192, 157],
"data": [[0,0,-0.999977998593], [1,0,0.006633425200], [24,0,0.999977998593], [25,0,-0.006633425200], [0,1,-0.708897444646], [1,1,-0.705311571559], [27,1,0.708897444646], [28,1,0.705311571559], [0,2,-0.999999887833], [1,2,0.000473638504], [48,2,0.999999887833], [49,2,-0.000473638504], [3,3,0.001790882654], [4,3,-0.999998396368], [9,3,-0.001790882654], [10,3,0.999998396368], [3,4,-0.703661918914], [4,4,0.710534942047], [24,4,0.703661918914], [25,4,-0.710534942047], [3,5,-0.999969994745], [4,5,0.007746586919], [27,5,0.999969994745], [28,5,-0.007746586919], [3,6,-0.708059414835], [4,6,-0.706152862391], [30,6,0.708059414835], [31,6,0.706152862391], [6,7,0.002112211305], [7,7,-0.999997769279], [9,7,-0.002112211305], [10,7,0.999997769279], [6,8,-0.999997052089], [7,8,-0.002428129395], [30,8,0.999997052089], [31,8,0.002428129395], [9,9,-0.708944530425], [10,9,0.705264243231], [30,9,0.708944530425], [31,9,-0.705264243231], [12,10,0.000145990471], [13,10,-0.999999989343], [15,10,-0.000145990471], [16,10,0.999999989343], [12,11,-0.002362556632], [13,11,-0.999997209159], [18,11,0.002362556632], [19,11,0.999997209159], [12,12,-0.707337907285], [13,12,-0.706875579517], [39,12,0.707337907285], [40,12,0.706875579517], [15,13,-0.004873092771], [16,13,-0.999988126413], [18,13,0.004873092771], [19,13,0.999988126413], [15,14,0.001183488388], [16,14,-0.999999299677], [21,14,-0.001183488388], [22,14,0.999999299677], [15,15,-0.704834660466], [16,15,-0.709371624331], [42,15,0.704834660466], [43,15,0.709371624331], [15,16,-0.999999703002], [16,16,0.000770711601], [63,16,0.999999703002], [64,16,-0.000770711601], [18,17,0.007254158360], [19,17,-0.999973688247], [21,17,-0.007254158360], [22,17,0.999973688247], [18,18,-0.703673316845], [19,18,0.710523654188], [39,18,0.703673316845], [40,18,-0.710523654188], [18,19,-0.707619501825], [19,19,-0.706593688506], [45,19,0.707619501825], [46,19,0.706593688506], [24,20,-0.001319228952], [25,20,-0.999999129817], [27,20,0.001319228952], [28,20,0.999999129817], [24,21,-0.002920268631], [25,21,-0.999995736006], [30,21,0.002920268631], [31,21,0.999995736006], [24,22,-0.999999990951], [25,22,-0.000134530323], [72,22,0.999999990951], [73,22,0.000134530323], [27,23,-0.004507164846], [28,23,-0.999989842681], [30,23,0.004507164846], [31,23,0.999989842681], [27,24,-0.710078328206], [28,24,0.704122693720], [48,24,0.710078328206], [49,24,-0.704122693720], [30,25,0.000435419918], [31,25,-0.999999905205], [36,25,-0.000435419918], [37,25,0.999999905205], [33,26,0.003165561423], [34,26,-0.999994989598], [36,26,-0.003165561423], [37,26,0.999994989598], [33,27,0.001871859474], [34,27,-0.999998248070], [39,27,-0.001871859474], [40,27,0.999998248070], [33,28,-0.999995360341], [34,28,-0.003046193696], [57,28,0.999995360341], [58,28,0.003046193696], [33,29,-0.707391119655], [34,29,-0.706822328335], [60,29,0.707391119655], [61,29,0.706822328335], [36,30,-0.708458750188], [37,30,0.705752222301], [57,30,0.708458750188], [58,30,-0.705752222301], [36,31,-0.999995383013], [37,31,0.003038741929], [60,31,0.999995383013], [61,31,-0.003038741929], [36,32,-0.999996629007], [37,32,-0.002596531235], [84,32,0.999996629007], [85,32,0.002596531235], [39,33,0.004256243138], [40,33,-0.999990942156], [42,33,-0.004256243138], [43,33,0.999990942156], [39,34,-0.001197642326], [40,34,-0.999999282826], [45,34,0.001197642326], [46,34,0.999999282826], [39,35,-0.707356770809], [40,35,0.706856703151], [60,35,0.707356770809], [61,35,-0.706856703151], [39,36,-0.999998604540], [40,36,-0.001670604078], [63,36,0.999998604540], [64,36,0.001670604078], [39,37,-0.705551730710], [40,37,-0.708658419334], [66,37,0.705551730710], [67,37,0.708658419334], [42,38,-0.006705123336], [43,38,-0.999977520408], [45,38,0.006705123336], [46,38,0.999977520408], [42,39,-0.706921687146], [43,39,0.707291826789], [63,39,0.706921687146], [64,39,-0.707291826789], [42,40,-0.999996828143], [43,40,0.002518671123], [66,40,0.999996828143], [67,40,-0.002518671123], [48,41,-0.000030253957], [49,41,-0.999999999542], [51,41,0.000030253957], [52,41,0.999999999542], [48,42,-0.000828294072], [49,42,-0.999999656964], [54,42,0.000828294072], [55,42,0.999999656964], [48,43,-0.999985475634], [49,43,0.005389668080], [72,43,0.999985475634], [73,43,-0.005389668080], [48,44,-0.709013147903], [49,44,-0.705195260974], [75,44,0.709013147903], [76,44,0.705195260974], [51,45,-0.001629396096], [52,45,-0.999998672533], [54,45,0.001629396096], [55,45,0.999998672533], [51,46,-0.001956890707], [52,46,-0.999998085288], [57,46,0.001956890707], [58,46,0.999998085288], [51,47,-0.704713300330], [52,47,0.709492187651], [72,47,0.704713300330], [73,47,-0.709492187651], [54,48,-0.002282335807], [55,48,-0.999997395468], [57,48,0.002282335807], [58,48,0.999997395468], [57,49,-0.708802561742], [58,49,0.705406924029], [78,49,0.708802561742], [79,49,-0.705406924029], [57,50,-0.707436884075], [58,50,-0.706776524122], [84,50,0.707436884075], [85,50,0.706776524122], [60,51,0.000765537863], [61,51,-0.999999706976], [63,51,-0.000765537863], [64,51,0.999999706976], [60,52,0.000606842491], [61,52,-0.999999815871], [66,52,-0.000606842491], [67,52,0.999999815871], [60,53,-0.999966214086], [61,53,-0.008220139047], [84,53,0.999966214086], [85,53,0.008220139047], [60,54,-0.705061525461], [61,54,-0.709146138193], [87,54,0.705061525461], [88,54,0.709146138193], [63,55,0.000448234378], [64,55,-0.999999899543], [66,55,-0.000448234378], [67,55,0.999999899543], [63,56,0.000539147523], [64,56,-0.999999854660], [69,56,-0.000539147523], [70,56,0.999999854660], [63,57,-0.999999897163], [64,57,-0.000453511988], [111,57,0.999999897163], [112,57,0.000453511988], [66,58,-0.709412203926], [67,58,0.704793817312], [87,58,0.709412203926], [88,58,-0.704793817312], [72,59,-0.004307641499], [73,59,-0.999990722069], [75,59,0.004307641499], [76,59,0.999990722069], [75,60,-0.705444570487], [76,60,0.708765093645], [96,60,0.705444570487], [97,60,-0.708765093645], [75,61,-0.999999936212], [76,61,-0.000357178196], [99,61,0.999999936212], [100,61,0.000357178196], [75,62,-0.999997762971], [76,62,0.002115195573], [123,62,0.999997762971], [124,62,-0.002115195573], [78,63,0.004048786465], [79,63,-0.999991803630], [81,63,-0.004048786465], [82,63,0.999991803630], [78,64,0.000354501167], [79,64,-0.999999937164], [84,64,-0.000354501167], [85,64,0.999999937164], [78,65,-0.706627462839], [79,65,0.707585774844], [99,65,0.706627462839], [100,65,-0.707585774844], [78,66,-0.708910479513], [79,66,-0.705298470179], [105,66,0.708910479513], [106,66,0.705298470179], [81,67,-0.003285414587], [82,67,-0.999994603011], [84,67,0.003285414587], [85,67,0.999994603011], [81,68,-0.705598896459], [82,68,-0.708611457229], [108,68,0.705598896459], [109,68,0.708611457229], [81,69,-0.999996349673], [82,69,-0.002701969613], [129,69,0.999996349673], [130,69,0.002701969613], [87,70,0.004674208950], [88,70,-0.999989075826], [90,70,-0.004674208950], [91,70,0.999989075826], [87,71,-0.000742104878], [88,71,-0.999999724640], [93,71,0.000742104878], [94,71,0.999999724640], [87,72,-0.702467921002], [88,72,0.711715406580], [108,72,0.702467921002], [109,72,-0.711715406580], [87,73,-0.999987782859], [88,73,0.004943089357], [111,73,0.999987782859], [112,73,-0.004943089357], [87,74,-0.999999910564], [88,74,-0.000422933137], [135,74,0.999999910564], [136,74,0.000422933137], [90,75,-0.006111992104], [91,75,-0.999981321602], [93,75,0.006111992104], [94,75,0.999981321602], [90,76,-0.708578661591], [91,76,0.705631830587], [111,76,0.708578661591], [112,76,-0.705631830587], [90,77,-0.999999167619], [91,77,-0.001290256021], [138,77,0.999999167619], [139,77,0.001290256021], [93,78,-0.704216663539], [94,78,0.709985134206], [114,78,0.704216663539], [115,78,-0.709985134206], [93,79,-0.999999413969], [94,79,-0.001082617738], [117,79,0.999999413969], [118,79,0.001082617738], [93,80,-0.999999834666], [94,80,0.000575036565], [141,80,0.999999834666], [142,80,-0.000575036565], [96,81,-0.006917433666], [97,81,-0.999976074270], [99,81,0.006917433666], [100,81,0.999976074270], [96,82,0.000671103031], [97,82,-0.999999774810], [102,82,-0.000671103031], [103,82,0.999999774810], [96,83,-0.709940677626], [97,83,-0.704261481449], [123,83,0.709940677626], [124,83,0.704261481449], [99,84,0.008320185483], [100,84,-0.999965386658], [102,84,-0.008320185483], [103,84,0.999965386658], [99,85,0.000156294671], [100,85,-0.999999987786], [105,85,-0.000156294671], [106,85,0.999999987786], [99,86,-0.999989416226], [100,86,0.004600808153], [123,86,0.999989416226], [124,86,-0.004600808153], [99,87,-0.999996445621], [100,87,0.002666223068], [147,87,0.999996445621], [148,87,-0.002666223068], [102,88,0.000090002761], [103,88,-0.999999995950], [108,88,-0.000090002761], [109,88,0.999999995950], [102,89,-0.709971610078], [103,89,0.704230298186], [123,89,0.709971610078], [124,89,-0.704230298186], [102,90,-0.999999207545], [103,90,-0.001258932229], [126,90,0.999999207545], [127,90,0.001258932229], [102,91,-0.705627507577], [103,91,-0.708582966597], [129,91,0.705627507577], [130,91,0.708582966597], [102,92,-0.999999985135], [103,92,0.000172421989], [150,92,0.999999985135], [151,92,-0.000172421989], [105,93,0.008165632091], [106,93,-0.999966660671], [108,93,-0.008165632091], [109,93,0.999966660671], [105,94,-0.706501587368], [106,94,0.707711457479], [126,94,0.706501587368], [127,94,-0.707711457479], [105,95,-0.999996176470], [106,95,-0.002765329241], [129,95,0.999996176470], [130,95,0.002765329241], [105,96,-0.707377912573], [106,96,-0.706835545799], [132,96,0.707377912573], [133,96,0.706835545799], [105,97,-0.999999853516], [106,97,0.000541264398], [153,97,0.999999853516], [154,97,-0.000541264398], [108,98,-0.999999994239], [109,98,-0.000107345159], [132,98,0.999999994239], [133,98,0.000107345159], [108,99,-0.706150130166], [109,99,-0.708062139693], [135,99,0.706150130166], [136,99,0.708062139693], [111,100,0.002437839041], [112,100,-0.999997028466], [114,100,-0.002437839041], [115,100,0.999997028466], [111,101,-0.707748783224], [112,101,0.706464195728], [132,101,0.707748783224], [133,101,-0.706464195728], [111,102,-0.999983367476], [112,102,-0.005767562018], [135,102,0.999983367476], [136,102,0.005767562018], [114,103,-0.711285121608], [115,103,0.702903603475], [135,103,0.711285121608], [136,103,-0.702903603475], [114,104,-0.999996396364], [115,104,-0.002684634047], [138,104,0.999996396364], [139,104,0.002684634047], [114,105,-0.709010019118], [115,105,-0.705198406684], [141,105,0.709010019118], [142,105,0.705198406684], [117,106,-0.705791152672], [118,106,0.708419966411], [138,106,0.705791152672], [139,106,-0.708419966411], [117,107,-0.999997503759], [118,107,0.002234384837], [141,107,0.999997503759], [142,107,-0.002234384837], [117,108,-0.999999959093], [118,108,-0.000286031536], [165,108,0.999999959093], [166,108,0.000286031536], [120,109,-0.001222456860], [121,109,-0.999999252799], [123,109,0.001222456860], [124,109,0.999999252799], [120,110,-0.000194674015], [121,110,-0.999999981051], [126,110,0.000194674015], [127,110,0.999999981051], [120,111,-0.999989344220], [121,111,0.004616432315], [144,111,0.999989344220], [145,111,-0.004616432315], [120,112,-0.706837554774], [121,112,-0.707375905132], [147,112,0.706837554774], [148,112,0.707375905132], [120,113,-0.999999999743], [121,113,-0.000022655077], [168,113,0.999999999743], [169,113,0.000022655077], [123,114,0.003624370979], [124,114,-0.999993431946], [129,114,-0.003624370979], [130,114,0.999993431946], [123,115,-0.999999739416], [124,115,0.000721920125], [147,115,0.999999739416], [148,115,-0.000721920125], [126,116,0.006412252989], [127,116,-0.999979441294], [129,116,-0.006412252989], [130,116,0.999979441294], [126,117,0.000212883615], [127,117,-0.999999977340], [132,117,-0.000212883615], [133,117,0.999999977340], [126,118,-0.704884817541], [127,118,0.709321784524], [147,118,0.704884817541], [148,118,-0.709321784524], [126,119,-0.999998697536], [127,119,0.001613978289], [150,119,0.999998697536], [151,119,-0.001613978289], [126,120,-0.706802704340], [127,120,-0.707410727327], [153,120,0.706802704340], [154,120,0.707410727327], [126,121,-0.999996070377], [127,121,-0.002803431922], [174,121,0.999996070377], [175,121,0.002803431922], [129,122,-0.001868387346], [130,122,-0.999998254563], [135,122,0.001868387346], [136,122,0.999998254563], [129,123,-0.707530363842], [130,123,0.706682944637], [150,123,0.707530363842], [151,123,-0.706682944637], [129,124,-0.999992756150], [130,124,0.003806264282], [153,124,0.999992756150], [154,124,-0.003806264282], [132,125,0.002252412749], [133,125,-0.999997463315], [135,125,-0.002252412749], [136,125,0.999997463315], [132,126,-0.707860458682], [133,126,-0.706352299518], [159,126,0.707860458682], [160,126,0.706352299518], [138,127,-0.002875122609], [139,127,-0.999995866826], [141,127,0.002875122609], [142,127,0.999995866826], [138,128,-0.706962173533], [139,128,-0.707251359273], [165,128,0.706962173533], [166,128,0.707251359273], [138,129,-0.999999520109], [139,129,0.000979684135], [186,129,0.999999520109], [187,129,-0.000979684135], [141,130,-0.999996048696], [142,130,-0.002811154966], [165,130,0.999996048696], [166,130,0.002811154966], [141,131,-0.999998936622], [142,131,-0.001458339642], [189,131,0.999998936622], [190,131,0.001458339642], [144,132,0.005597088525], [145,132,-0.999984336177], [147,132,-0.005597088525], [148,132,0.999984336177], [144,133,-0.999988970515], [145,133,-0.004696684894], [168,133,0.999988970515], [169,133,0.004696684894], [147,134,-0.708171405489], [148,134,0.706040551561], [168,134,0.708171405489], [169,134,-0.706040551561], [150,135,0.001068368761], [151,135,-0.999999429294], [153,135,-0.001068368761], [154,135,0.999999429294], [150,136,0.000502691675], [151,136,-0.999999873651], [156,136,-0.000502691675], [157,136,0.999999873651], [150,137,-0.999973698507], [151,137,-0.007252743957], [174,137,0.999973698507], [175,137,0.007252743957], [153,138,-0.000061560987], [154,138,-0.999999998105], [156,138,0.000061560987], [157,138,0.999999998105], [153,139,-0.001116675619], [154,139,-0.999999376518], [159,139,0.001116675619], [160,139,0.999999376518], [156,140,-0.002181717372], [157,140,-0.999997620052], [159,140,0.002181717372], [160,140,0.999997620052], [156,141,-0.000444813456], [157,141,-0.999999901070], [162,141,0.000444813456], [163,141,0.999999901070], [156,142,-0.706457944536], [157,142,0.707755023014], [177,142,0.706457944536], [178,142,-0.707755023014], [156,143,-0.999999053555], [157,143,-0.001375822717], [180,143,0.999999053555], [181,143,0.001375822717], [156,144,-0.706336953610], [157,144,-0.707875771563], [183,144,0.706336953610], [184,144,0.707875771563], [159,145,0.001275583132], [160,145,-0.999999186444], [162,145,-0.001275583132], [163,145,0.999999186444], [159,146,-0.706883266411], [160,146,0.707330225332], [180,146,0.706883266411], [181,146,-0.707330225332], [159,147,-0.999996636188], [160,147,-0.002593764336], [183,147,0.999996636188], [184,147,0.002593764336], [162,148,-0.704461500910], [163,148,0.709742202307], [183,148,0.704461500910], [184,148,-0.709742202307], [162,149,-0.999991905596], [163,149,0.004023523675], [186,149,0.999991905596], [187,149,-0.004023523675], [165,150,-0.705136370244], [166,150,0.709071716654], [186,150,0.705136370244], [187,150,-0.709071716654], [165,151,-0.999999993589], [166,151,-0.000113233146], [189,151,0.999999993589], [190,151,0.000113233146], [168,152,0.001183423537], [169,152,-0.999999299754], [174,152,-0.001183423537], [175,152,0.999999299754], [171,153,0.008007372379], [172,153,-0.999967940480], [174,153,-0.008007372379], [175,153,0.999967940480], [177,154,0.000761748450], [178,154,-0.999999709870], [183,154,-0.000761748450], [184,154,0.999999709870], [180,155,-0.000234778276], [181,155,-0.999999972440], [183,155,0.000234778276], [184,155,0.999999972440], [186,156,-0.006035021557], [187,156,-0.999981789092], [189,156,0.006035021557], [190,156,0.999981789092], ]
},
"Q": {
"shape": [157, 157],
"data": [[0,0,2.000000000000], [1,0,0.704203216352], [2,0,0.999981028274], [4,0,0.708359717752], [20,0,0.005314219500], [21,0,0.003713192534], [22,0,-0.999977097147], [0,1,0.704203216352], [1,1,2.000000000000], [2,1,0.708563302414], [5,1,0.703412416603], [20,1,0.706246155842], [23,1,-0.708499525126], [24,1,-0.006746828686], [0,2,0.999981028274], [1,2,0.708563302414], [2,2,2.000000000000], [24,2,0.710411748178], [41,2,0.000443384550], [42,2,-0.000354655638], [43,2,-0.999987916223], [44,2,-0.708679060747], [3,3,2.000000000000], [4,3,-0.711793978535], [5,3,-0.009537403415], [6,3,0.704883678658], [7,3,0.999999948374], [9,3,0.706532748709], [0,4,0.708359717752], [3,4,-0.711793978535], [4,4,2.000000000000], [5,4,0.709145026047], [6,4,-0.003511836607], [20,4,0.709606032576], [21,4,0.708477030502], [22,4,-0.703566324051], [1,5,0.703412416603], [3,5,-0.009537403415], [4,5,0.709145026047], [5,5,2.000000000000], [6,5,0.702567894806], [20,5,-0.006427390810], [23,5,0.003239478627], [24,5,-0.715511569774], [3,6,0.704883678658], [4,6,-0.003511836607], [5,6,0.702567894806], [6,6,2.000000000000], [8,6,0.709771958062], [9,6,0.003950485264], [21,6,0.708217575058], [23,6,0.709337030275], [25,6,-0.705844492279], [3,7,0.999999948374], [7,7,2.000000000000], [8,7,0.000315918900], [9,7,0.706760110635], [6,8,0.709771958062], [7,8,0.000315918900], [8,8,2.000000000000], [9,8,0.707229967680], [21,8,0.005348379064], [23,8,0.006935256291], [25,8,-0.001992710531], [3,9,0.706532748709], [6,9,0.003950485264], [7,9,0.706760110635], [8,9,0.707229967680], [9,9,2.000000000000], [21,9,-0.703190927515], [23,9,-0.702061749771], [25,9,0.705572864944], [10,10,2.000000000000], [11,10,0.999996853592], [12,10,0.706772307390], [13,10,-0.999987404331], [14,10,-0.999999461799], [15,10,-0.709268717627], [16,10,0.000916702021], [10,11,0.999996853592], [11,11,2.000000000000], [12,11,0.708544732604], [13,11,0.999996848563], [17,11,-0.999953759120], [18,11,0.708859203168], [19,11,-0.708263507663], [10,12,0.706772307390], [11,12,0.708544732604], [12,12,2.000000000000], [18,12,-0.004517008466], [27,12,0.705550303957], [33,12,-0.703858574635], [34,12,-0.707722210381], [35,12,-0.000680516292], [36,12,-0.708517829449], [37,12,-0.999996815528], [10,13,-0.999987404331], [11,13,0.999996848563], [13,13,2.000000000000], [14,13,0.999981658850], [15,13,0.712797926234], [16,13,0.004102388873], [17,13,-0.999926464786], [18,13,0.707086152370], [19,13,-0.710033594184], [10,14,-0.999999461799], [13,14,0.999981658850], [14,14,2.000000000000], [15,14,0.708536963906], [16,14,-0.001954199099], [17,14,0.999981573155], [10,15,-0.709268717627], [13,15,0.712797926234], [14,15,0.708536963906], [15,15,2.000000000000], [16,15,0.704287730191], [33,15,0.706365251267], [38,15,-0.714081681276], [39,15,0.003469844709], [40,15,-0.703045751006], [10,16,0.000916702021], [13,16,0.004102388873], [14,16,-0.001954199099], [15,16,0.704287730191], [16,16,2.000000000000], [36,16,0.999997019988], [39,16,0.707466595209], [51,16,-0.001536249011], [55,16,0.001218945769], [56,16,0.001309858852], [57,16,-0.999999250638], [11,17,-0.999953759120], [13,17,-0.999926464786], [14,17,0.999981573155], [17,17,2.000000000000], [18,17,-0.715609516740], [19,17,0.701441912863], [11,18,0.708859203168], [12,18,-0.004517008466], [13,18,0.707086152370], [17,18,-0.715609516740], [18,18,2.000000000000], [19,18,-0.004118567671], [27,18,-0.711839586965], [33,18,0.713512223102], [34,18,0.709680395671], [35,18,-0.999986492818], [36,18,-0.702485331182], [37,18,0.007040643122], [11,19,-0.708263507663], [13,19,-0.710033594184], [17,19,0.701441912863], [18,19,-0.004118567671], [19,19,2.000000000000], [34,19,0.707440656822], [38,19,0.711322480603], [0,20,0.005314219500], [1,20,0.706246155842], [4,20,0.709606032576], [5,20,-0.006427390810], [20,20,2.000000000000], [21,20,0.999998718330], [22,20,0.001453759146], [23,20,-0.999994918489], [24,20,0.703185325116], [0,21,0.003713192534], [4,21,0.708477030502], [6,21,0.708217575058], [8,21,0.005348379064], [9,21,-0.703190927515], [20,21,0.999998718330], [21,21,2.000000000000], [22,21,0.003054798354], [23,21,0.999998740863], [25,21,-0.999994369668], [0,22,-0.999977097147], [4,22,-0.703566324051], [20,22,0.001453759146], [21,22,0.003054798354], [22,22,2.000000000000], [43,22,0.999984741511], [47,22,0.704617845740], [59,22,-0.004442170535], [1,23,-0.708499525126], [5,23,0.003239478627], [6,23,0.709337030275], [8,23,0.006935256291], [9,23,-0.702061749771], [20,23,-0.999994918489], [21,23,0.999998740863], [23,23,2.000000000000], [24,23,-0.700915101642], [25,23,-0.999987785377], [1,24,-0.006746828686], [2,24,0.710411748178], [5,24,-0.715511569774], [20,24,0.703185325116], [23,24,-0.700915101642], [24,24,2.000000000000], [41,24,0.704101210719], [42,24,0.703534298511], [43,24,-0.713863002375], [44,24,-0.006910883984], [6,25,-0.705844492279], [8,25,-0.001992710531], [9,25,0.705572864944], [21,25,-0.999994369668], [23,25,-0.999987785377], [25,25,2.000000000000], [26,25,0.999996273152], [30,25,0.706060632449], [31,25,0.003474159549], [32,25,-0.002161112539], [25,26,0.999996273152], [26,26,2.000000000000], [27,26,0.999999163162], [28,26,-0.000119368303], [29,26,0.704579496831], [30,26,0.707991355888], [31,26,0.006204273512], [32,26,0.000569032527], [12,27,0.705550303957], [18,27,-0.711839586965], [26,27,0.999999163162], [27,27,2.000000000000], [28,27,0.001174337569], [29,27,0.705496953262], [33,27,-0.999997157331], [34,27,-0.999995289079], [35,27,0.708179537261], [36,27,0.000201255711], [37,27,-0.707336484122], [26,28,-0.000119368303], [27,28,0.001174337569], [28,28,2.000000000000], [29,28,0.709540955322], [30,28,0.706305605211], [46,28,0.005003069490], [48,28,0.005328510979], [49,28,-0.706650467015], [50,28,-0.709586580001], [26,29,0.704579496831], [27,29,0.705496953262], [28,29,0.709540955322], [29,29,2.000000000000], [31,29,0.705240002994], [35,29,0.000755797378], [51,29,-0.706280586533], [52,29,-0.706392923199], [53,29,-0.713177397620], [54,29,-0.999994586449], [25,30,0.706060632449], [26,30,0.707991355888], [28,30,0.706305605211], [30,30,2.000000000000], [31,30,0.710600078113], [32,30,0.706623854289], [46,30,-0.704364494644], [48,30,-0.704133443373], [49,30,-0.999999881281], [50,30,-0.002380748160], [25,31,0.003474159549], [26,31,0.006204273512], [29,31,0.705240002994], [30,31,0.710600078113], [31,31,2.000000000000], [32,31,0.999984121847], [35,31,0.709501460054], [51,31,0.003804275367], [52,31,0.003645581059], [53,31,-0.999936618374], [54,31,-0.702903358098], [25,32,-0.002161112539], [26,32,0.000569032527], [30,32,0.706623854289], [31,32,0.999984121847], [32,32,2.000000000000], [50,32,0.709269666631], [53,32,0.999984187055], [64,32,0.002242031099], [67,32,0.005881920733], [12,33,-0.703858574635], [15,33,0.706365251267], [18,33,0.713512223102], [27,33,-0.999997157331], [33,33,2.000000000000], [34,33,0.999985127532], [35,33,-0.709860982955], [36,33,-0.002585648252], [37,33,0.705649000704], [38,33,-0.999939924132], [39,33,0.710294250830], [40,33,0.006774877947], [12,34,-0.707722210381], [18,34,0.709680395671], [19,34,0.707440656822], [27,34,-0.999995289079], [33,34,0.999985127532], [34,34,2.000000000000], [35,34,-0.706009035804], [36,34,0.002868243535], [37,34,0.709502909718], [38,34,0.999984833590], [12,35,-0.000680516292], [18,35,-0.999986492818], [27,35,0.708179537261], [29,35,0.000755797378], [31,35,0.709501460054], [33,35,-0.709860982955], [34,35,-0.706009035804], [35,35,2.000000000000], [36,35,0.706174906030], [37,35,-0.001843160077], [51,35,0.707398004416], [52,35,0.707285827144], [53,35,-0.701522411729], [54,35,0.002534657423], [12,36,-0.708517829449], [16,36,0.999997019988], [18,36,-0.702485331182], [27,36,0.000201255711], [33,36,-0.002585648252], [34,36,0.002868243535], [35,36,0.706174906030], [36,36,2.000000000000], [37,36,0.706734633786], [39,36,0.705739096055], [51,36,0.000905066795], [55,36,-0.001222370158], [56,36,-0.001131457065], [57,36,-0.999999259343], [12,37,-0.999996815528], [18,37,0.007040643122], [27,37,-0.707336484122], [33,37,0.705649000704], [34,37,0.709502909718], [35,37,-0.001843160077], [36,37,0.706734633786], [37,37,2.000000000000], [40,37,0.703764615304], [52,37,0.708230130079], [55,37,0.708342095603], [58,37,-0.001068935734], [15,38,-0.714081681276], [19,38,0.711322480603], [33,38,-0.999939924132], [34,38,0.999984833590], [38,38,2.000000000000], [39,38,-0.702535930056], [40,38,0.004186487564], [15,39,0.003469844709], [16,39,0.707466595209], [33,39,0.710294250830], [36,39,0.705739096055], [38,39,-0.702535930056], [39,39,2.000000000000], [40,39,0.708700880391], [51,39,-0.707832794852], [55,39,0.707608622339], [56,39,0.707672859067], [57,39,-0.706600849127], [15,40,-0.703045751006], [33,40,0.006774877947], [37,40,0.703764615304], [38,40,0.004186487564], [39,40,0.708700880391], [40,40,2.000000000000], [52,40,-0.003125511226], [55,40,-0.002966903826], [58,40,-0.711185097607], [2,41,0.000443384550], [24,41,0.704101210719], [41,41,2.000000000000], [42,41,0.999999681566], [43,41,-0.005359414560], [44,41,0.705216711104], [45,41,-0.999998721371], [46,41,-0.999998144034], [47,41,0.709470866960], [2,42,-0.000354655638], [24,42,0.703534298511], [41,42,0.999999681566], [42,42,2.000000000000], [43,42,-0.004561384189], [44,42,0.705782290454], [45,42,0.999999679117], [48,42,-0.999998942879], [2,43,-0.999987916223], [22,43,0.999984741511], [24,43,-0.713863002375], [41,43,-0.005359414560], [42,43,-0.004561384189], [43,43,2.000000000000], [44,43,0.705202081548], [47,43,0.708526992213], [59,43,0.001082039142], [2,44,-0.708679060747], [24,44,-0.006910883984], [41,44,0.705216711104], [42,44,0.705782290454], [43,44,0.705202081548], [44,44,2.000000000000], [59,44,0.708242892681], [60,44,-0.000351690410], [61,44,-0.709264983048], [62,44,-0.707519935926], [41,45,-0.999998721371], [42,45,0.999999679117], [45,45,2.000000000000], [46,45,0.999999946373], [47,45,-0.708342988723], [48,45,-0.999999786834], [28,46,0.005003069490], [30,46,-0.704364494644], [41,46,-0.999998144034], [45,46,0.999999946373], [46,46,2.000000000000], [47,46,-0.708111782269], [48,46,0.999999947043], [49,46,0.704018524232], [50,46,-0.708159547512], [22,47,0.704617845740], [41,47,0.709470866960], [43,47,0.708526992213], [45,47,-0.708342988723], [46,47,-0.708111782269], [47,47,2.000000000000], [59,47,0.706449952774], [28,48,0.005328510979], [30,48,-0.704133443373], [42,48,-0.999998942879], [45,48,-0.999999786834], [46,48,0.999999947043], [48,48,2.000000000000], [49,48,0.703787361308], [50,48,-0.708389291832], [28,49,-0.706650467015], [30,49,-0.999999881281], [46,49,0.704018524232], [48,49,0.703787361308], [49,49,2.000000000000], [50,49,0.002868021846], [63,49,0.708270932471], [64,49,0.705658151040], [65,49,-0.999995260777], [66,49,-0.004955139553], [28,50,-0.709586580001], [30,50,-0.002380748160], [32,50,0.709269666631], [46,50,-0.708159547512], [48,50,-0.708389291832], [49,50,0.002868021846], [50,50,2.000000000000], [53,50,0.713222783977], [64,50,0.706525692510], [67,50,0.709096933115], [16,51,-0.001536249011], [29,51,-0.706280586533], [31,51,0.003804275367], [35,51,0.707398004416], [36,51,0.000905066795], [39,51,-0.707832794852], [51,51,2.000000000000], [52,51,0.999999987408], [53,51,0.007454624640], [54,51,0.708606179103], [55,51,-0.999999949659], [56,51,-0.999999974374], [57,51,0.000312025929], [29,52,-0.706392923199], [31,52,0.003645581059], [35,52,0.707285827144], [37,52,0.708230130079], [40,52,-0.003125511226], [51,52,0.999999987408], [52,52,2.000000000000], [53,52,0.007613315545], [54,52,0.708718146326], [55,52,0.999999987422], [58,52,0.705224189008], [29,53,-0.713177397620], [31,53,-0.999936618374], [32,53,0.999984187055], [35,53,-0.701522411729], [50,53,0.713222783977], [51,53,0.007454624640], [52,53,0.007613315545], [53,53,2.000000000000], [54,53,0.710866984174], [64,53,0.007865649340], [67,53,0.011505398269], [29,54,-0.999994586449], [31,54,-0.702903358098], [35,54,0.002534657423], [51,54,0.708606179103], [52,54,0.708718146326], [53,54,0.710866984174], [54,54,2.000000000000], [58,54,0.000377436912], [70,54,-0.705842786464], [71,54,-0.709669172520], [72,54,0.009427128099], [73,54,-0.701547538897], [74,54,-0.705361383804], [16,55,0.001218945769], [36,55,-0.001222370158], [37,55,0.708342095603], [39,55,0.707608622339], [40,55,-0.002966903826], [51,55,-0.999999949659], [52,55,0.999999987422], [55,55,2.000000000000], [56,55,0.999999995867], [57,55,0.000005277610], [58,55,0.705111729448], [16,56,0.001309858852], [36,56,-0.001131457065], [39,56,0.707672859067], [51,56,-0.999999974374], [55,56,0.999999995867], [56,56,2.000000000000], [57,56,-0.000085635545], [16,57,-0.999999250638], [36,57,-0.999999259343], [39,57,-0.706600849127], [51,57,0.000312025929], [55,57,0.000005277610], [56,57,-0.000085635545], [57,57,2.000000000000], [73,57,0.999985438274], [76,57,0.708258576229], [100,57,0.001984328150], [101,57,-0.707428320459], [102,57,-0.999985880300], [37,58,-0.001068935734], [40,58,-0.711185097607], [52,58,0.705224189008], [54,58,0.000377436912], [55,58,0.705111729448], [58,58,2.000000000000], [70,58,0.708102058894], [71,58,0.704267164983], [72,58,-0.999951934268], [73,58,-0.712887395755], [74,58,-0.709114059819], [22,59,-0.004442170535], [43,59,0.001082039142], [44,59,0.708242892681], [47,59,0.706449952774], [59,59,2.000000000000], [60,59,0.705719715465], [61,59,-0.004664816107], [62,59,-0.002192455914], [44,60,-0.000351690410], [59,60,0.705719715465], [60,60,2.000000000000], [61,60,0.705191370050], [62,60,0.706942169176], [81,60,0.703868269902], [82,60,0.709238360028], [83,60,-0.001667841550], [44,61,-0.709264983048], [59,61,-0.004664816107], [60,61,0.705191370050], [61,61,2.000000000000], [62,61,0.999996943682], [65,61,0.706374683554], [81,61,0.007274602875], [84,61,0.007963019120], [85,61,-0.000200883531], [86,61,-0.999987709130], [87,61,-0.999995429516], [44,62,-0.707519935926], [59,62,-0.002192455914], [60,62,0.706942169176], [61,62,0.999996943682], [62,62,2.000000000000], [83,62,0.708449438700], [86,62,0.999996910830], [89,62,0.711459606660], [109,62,-0.000892739867], [114,62,0.005739544552], [115,62,-0.999999029390], [49,63,0.708270932471], [63,63,2.000000000000], [64,63,0.999993176095], [65,63,-0.710440958917], [66,63,0.702422462138], [67,63,-0.999973104744], [68,63,-0.705748829926], [69,63,0.001346824219], [32,64,0.002242031099], [49,64,0.705658151040], [50,64,0.706525692510], [53,64,0.007865649340], [63,64,0.999993176095], [64,64,2.000000000000], [65,64,-0.707836230643], [66,64,0.705047116269], [67,64,0.999993375492], [49,65,-0.999995260777], [61,65,0.706374683554], [63,65,-0.710440958917], [64,65,-0.707836230643], [65,65,2.000000000000], [66,65,0.001876449001], [81,65,-0.702680796737], [84,65,0.713440554494], [85,65,0.707696208308], [86,65,-0.709875450455], [87,65,-0.708511532733], [49,66,-0.004955139553], [63,66,0.702422462138], [64,66,0.705047116269], [65,66,0.001876449001], [66,66,2.000000000000], [85,66,0.705187662634], [93,66,-0.699486253840], [94,66,-0.001698570790], [95,66,-0.710858151455], [96,66,-0.999997644319], [97,66,-0.708528622717], [32,67,0.005881920733], [50,67,0.709096933115], [53,67,0.011505398269], [63,67,-0.999973104744], [64,67,0.999993375492], [67,67,2.000000000000], [68,67,0.710925817767], [69,67,0.005987357624], [63,68,-0.705748829926], [67,68,0.710925817767], [68,68,2.000000000000], [69,68,0.707510967417], [72,68,-0.008669101532], [88,68,0.708547948510], [93,68,0.702826171606], [98,68,-0.705674958403], [99,68,-0.999999697196], [63,69,0.001346824219], [67,69,0.005987357624], [68,69,0.707510967417], [69,69,2.000000000000], [91,69,0.707539501450], [95,69,0.999999997993], [114,69,-0.000922405883], [116,69,-0.003710315518], [122,69,-0.004570345423], [123,69,-0.705618345283], [124,69,-0.999978821439], [54,70,-0.705842786464], [58,70,0.708102058894], [70,70,2.000000000000], [71,70,0.999985331716], [72,70,-0.714991113520], [73,70,-0.009617187203], [74,70,-0.004251280016], [75,70,-0.999941828903], [76,70,0.708936166864], [77,70,0.003383963134], [54,71,-0.709669172520], [58,71,0.704267164983], [70,71,0.999985331716], [71,71,2.000000000000], [72,71,-0.711193905731], [73,71,-0.004200992185], [74,71,0.001165037832], [75,71,0.999985581986], [78,71,0.709462336084], [79,71,-0.001824721883], [80,71,-0.000167068349], [54,72,0.009427128099], [58,72,-0.999951934268], [68,72,-0.008669101532], [70,72,-0.714991113520], [71,72,-0.711193905731], [72,72,2.000000000000], [73,72,0.705977411704], [74,72,0.702166850147], [88,72,-0.711778627750], [93,72,-0.717427773064], [98,72,-0.702391517751], [99,72,0.007890919783], [54,73,-0.701547538897], [57,73,0.999985438274], [58,73,-0.712887395755], [70,73,-0.009617187203], [71,73,-0.004200992185], [72,73,0.705977411704], [73,73,2.000000000000], [74,73,0.999985602828], [76,73,0.712058005978], [100,73,0.007380883926], [101,73,-0.711232252204], [102,73,-0.999942640964], [54,74,-0.705361383804], [58,74,-0.709114059819], [70,74,-0.004251280016], [71,74,0.001165037832], [72,74,0.702166850147], [73,74,0.999985602828], [74,74,2.000000000000], [99,74,0.706449529952], [102,74,0.999985717334], [103,74,0.710987776768], [122,74,0.002291319578], [125,74,-0.001829480484], [70,75,-0.999941828903], [71,75,0.999985581986], [75,75,2.000000000000], [76,75,-0.701287823330], [77,75,0.007402218938], [78,75,0.705667706134], [79,75,-0.007194586039], [80,75,-0.005536965270], [57,76,0.708258576229], [70,76,0.708936166864], [73,76,0.712058005978], [75,76,-0.701287823330], [76,76,2.000000000000], [77,76,0.707667626066], [100,76,0.707357134503], [101,76,-0.999999309235], [102,76,-0.704497100795], [70,77,0.003383963134], [75,77,0.007402218938], [76,77,0.707667626066], [77,77,2.000000000000], [104,77,0.999999027851], [106,77,0.704876522058], [127,77,-0.004165370904], [128,77,-0.707874120396], [129,77,-0.999997423686], [71,78,0.709462336084], [75,78,0.705667706134], [78,78,2.000000000000], [79,78,0.703447608346], [80,78,0.704624814521], [100,78,-0.711699791337], [103,78,-0.999949944412], [104,78,-0.702308075534], [105,78,0.001383715333], [71,79,-0.001824721883], [75,79,-0.007194586039], [78,79,0.703447608346], [79,79,2.000000000000], [80,79,0.999998626091], [106,79,-0.705023791035], [107,79,-0.999994498745], [108,79,-0.999999682725], [71,80,-0.000167068349], [75,80,-0.005536965270], [78,80,0.704624814521], [79,80,0.999998626091], [80,80,2.000000000000], [105,80,0.708604387026], [107,80,0.999998623279], [127,80,0.002300087946], [130,80,-0.999994266846], [131,80,-0.999997932690], [60,81,0.703868269902], [61,81,0.007274602875], [65,81,-0.702680796737], [81,81,2.000000000000], [82,81,0.999971206775], [83,81,0.709155599022], [84,81,-0.999883907424], [85,81,-0.999974980898], [86,81,-0.002316662378], [87,81,-0.004251249801], [60,82,0.709238360028], [81,82,0.999971206775], [82,82,2.000000000000], [83,82,0.703784879516], [84,82,0.999970745178], [88,82,-0.999999831161], [89,82,0.704706603700], [90,82,-0.000587829446], [91,82,-0.708109258272], [92,82,0.000843524971], [60,83,-0.001667841550], [62,83,0.708449438700], [81,83,0.709155599022], [82,83,0.703784879516], [83,83,2.000000000000], [86,83,0.706692991809], [89,83,0.008075452872], [109,83,0.705128827076], [114,83,-0.701683767432], [115,83,-0.709432072090], [61,84,0.007963019120], [65,84,0.713440554494], [81,84,-0.999883907424], [82,84,0.999970745178], [84,84,2.000000000000], [85,84,0.999966674845], [86,84,-0.012920746328], [87,84,-0.010986286692], [88,84,-0.999966131447], [89,84,0.710113017906], [90,84,0.007061290237], [91,84,-0.702687488427], [92,84,0.008492601381], [61,85,-0.000200883531], [65,85,0.707696208308], [66,85,0.705187662634], [81,85,-0.999974980898], [84,85,0.999966674845], [85,85,2.000000000000], [86,85,-0.004757101113], [87,85,-0.002822517151], [93,85,-0.999967924702], [94,85,0.707821871268], [95,85,-0.002609035134], [96,85,-0.706724977767], [97,85,0.000697559039], [61,86,-0.999987709130], [62,86,0.999996910830], [65,86,-0.709875450455], [81,86,-0.002316662378], [83,86,0.706692991809], [84,86,-0.012920746328], [85,86,-0.004757101113], [86,86,2.000000000000], [87,86,0.999998128666], [89,86,0.713204124396], [109,86,-0.003378360793], [114,86,0.008225110554], [115,86,-0.999992477061], [61,87,-0.999995429516], [65,87,-0.708511532733], [81,87,-0.004251249801], [84,87,-0.010986286692], [85,87,-0.002822517151], [86,87,0.999998128666], [87,87,2.000000000000], [112,87,0.704949020449], [115,87,0.999998109838], [118,87,0.706773522218], [132,87,-0.008263249936], [134,87,-0.710051349985], [68,88,0.708547948510], [72,88,-0.711778627750], [82,88,-0.999999831161], [84,88,-0.999966131447], [88,88,2.000000000000], [89,88,-0.704294194739], [90,88,0.001168929533], [91,88,0.708519455303], [92,88,-0.000262424748], [93,88,0.999967391550], [98,88,-0.000017342398], [99,88,-0.707998581364], [62,89,0.711459606660], [82,89,0.704706603700], [83,89,0.008075452872], [84,89,0.710113017906], [86,89,0.713204124396], [88,89,-0.704294194739], [89,89,2.000000000000], [90,89,0.709084469238], [91,89,0.001969903813], [92,89,0.710093024313], [109,89,-0.703361862320], [114,89,0.706798873263], [115,89,-0.710479823095], [82,90,-0.000587829446], [84,90,0.007061290237], [88,90,0.001168929533], [89,90,0.709084469238], [90,90,2.000000000000], [91,90,0.706519006332], [92,90,0.999998975612], [94,90,0.705610066734], [110,90,0.001453606066], [116,90,0.005153341561], [117,90,-0.001046048754], [118,90,-0.703991270896], [119,90,-0.999995873192], [120,90,-0.707692726394], [121,90,-0.999998807255], [69,91,0.707539501450], [82,91,-0.708109258272], [84,91,-0.702687488427], [88,91,0.708519455303], [89,91,0.001969903813], [90,91,0.706519006332], [91,91,2.000000000000], [92,91,0.705505321803], [95,91,0.707584274786], [114,91,0.706020856725], [116,91,0.704043736954], [122,91,-0.709900115316], [123,91,0.001490610182], [124,91,-0.702925342080], [82,92,0.000843524971], [84,92,0.008492601381], [88,92,-0.000262424748], [89,92,0.710093024313], [90,92,0.999998975612], [91,92,0.705505321803], [92,92,2.000000000000], [119,92,0.999998960957], [123,92,0.707652201004], [135,92,0.001240790636], [136,92,0.000675113635], [137,92,-0.999972433110], [66,93,-0.699486253840], [68,93,0.702826171606], [72,93,-0.717427773064], [85,93,-0.999967924702], [88,93,0.999967391550], [93,93,2.000000000000], [94,93,-0.713456894887], [95,93,-0.005400363823], [96,93,0.701035792592], [97,93,-0.008706877247], [98,93,0.008058290463], [99,93,-0.702272371213], [66,94,-0.001698570790], [85,94,0.707821871268], [90,94,0.705610066734], [93,94,-0.713456894887], [94,94,2.000000000000], [95,94,0.704541830850], [96,94,-0.000471996214], [97,94,0.706884542893], [110,94,-0.707573906568], [116,94,0.712227174763], [117,94,0.707861844054], [118,94,-0.999997396451], [119,94,-0.707642898102], [120,94,0.001285444301], [121,94,-0.704514790191], [66,95,-0.710858151455], [69,95,0.999999997993], [85,95,-0.002609035134], [91,95,0.707584274786], [93,95,-0.005400363823], [94,95,0.704541830850], [95,95,2.000000000000], [96,95,0.709329840895], [97,95,0.999994533212], [114,95,-0.000859046043], [116,95,-0.003646956082], [122,95,-0.004633704616], [123,95,-0.705573447568], [124,95,-0.999978407073], [66,96,-0.999997644319], [85,96,-0.706724977767], [93,96,0.701035792592], [94,96,-0.000471996214], [95,96,0.709329840895], [96,96,2.000000000000], [97,96,0.706995224037], [98,96,0.707453783871], [101,96,0.001291851528], [117,96,0.706684940615], [125,96,-0.705240445751], [126,96,-0.999999766811], [66,97,-0.708528622717], [85,97,0.000697559039], [93,97,-0.008706877247], [94,97,0.706884542893], [95,97,0.999994533212], [96,97,0.706995224037], [97,97,2.000000000000], [120,97,0.706419704563], [124,97,0.999994669863], [135,97,-0.001609632694], [138,97,0.000479703419], [139,97,-0.000575411395], [68,98,-0.705674958403], [72,98,-0.702391517751], [88,98,-0.000017342398], [93,98,0.008058290463], [96,98,0.707453783871], [98,98,2.000000000000], [99,98,0.706226133140], [101,98,0.707672943634], [117,98,-0.000105538457], [125,98,0.002145067850], [126,98,-0.707936278104], [68,99,-0.999999697196], [72,99,0.007890919783], [74,99,0.706449529952], [88,99,-0.707998581364], [93,99,-0.702272371213],