{
"N": {
"shape": [192, 141],
"data": [[0,0,0.005333070567], [1,0,-0.999985779078], [3,0,-0.005333070567], [4,0,0.999985779078], [0,1,-0.999977362440], [1,1,-0.006728640805], [24,1,0.999977362440], [25,1,0.006728640805], [0,2,-0.704073451798], [1,2,-0.710127153736], [27,2,0.704073451798], [28,2,0.710127153736], [3,3,-0.003733485523], [4,3,-0.999993030519], [9,3,0.003733485523], [10,3,0.999993030519], [3,4,-0.707237462478], [4,4,0.706976075739], [24,4,0.707237462478], [25,4,-0.706976075739], [3,5,-0.999997066816], [4,5,0.002422056663], [27,5,0.999997066816], [28,5,-0.002422056663], [3,6,-0.707114598876], [4,6,-0.707098963411], [30,6,0.707114598876], [31,6,0.707098963411], [6,7,-0.001874370637], [7,7,-0.999998243366], [9,7,0.001874370637], [10,7,0.999998243366], [6,8,-0.000285122357], [7,8,-0.999999959353], [12,8,0.000285122357], [13,8,0.999999959353], [6,9,-0.999976417013], [7,9,-0.006867708352], [30,9,0.999976417013], [31,9,0.006867708352], [6,10,-0.707162784635], [7,10,-0.707050773302], [33,10,0.707162784635], [34,10,0.707050773302], [6,11,-0.999999895669], [7,11,-0.000456796322], [54,11,0.999999895669], [55,11,0.000456796322], [9,12,0.001318917130], [10,12,-0.999999130228], [12,12,-0.001318917130], [13,12,0.999999130228], [9,13,-0.705069910830], [10,13,0.709137801025], [30,13,0.705069910830], [31,13,-0.709137801025], [9,14,-0.999980560726], [10,14,0.006235236124], [33,14,0.999980560726], [34,14,-0.006235236124], [9,15,-0.707560515187], [10,15,-0.706652755849], [36,15,0.707560515187], [37,15,0.706652755849], [12,16,-0.705840043882], [13,16,0.708371253266], [33,16,0.705840043882], [34,16,-0.708371253266], [12,17,-0.999996568778], [13,17,-0.002619624614], [36,17,0.999996568778], [37,17,0.002619624614], [12,18,-0.706156007732], [13,18,-0.708056277950], [39,18,0.706156007732], [40,18,0.708056277950], [15,19,-0.706926461893], [16,19,0.707287054509], [36,19,0.706926461893], [37,19,-0.707287054509], [15,20,-0.999995358641], [16,20,-0.003046751905], [39,20,0.999995358641], [40,20,0.003046751905], [18,21,-0.000550693243], [19,21,-0.999999848368], [21,21,0.000550693243], [22,21,0.999999848368], [18,22,-0.710283578186], [19,22,0.703915647333], [39,22,0.710283578186], [40,22,-0.703915647333], [18,23,-0.999983478287], [19,23,-0.005748317354], [42,23,0.999983478287], [43,23,0.005748317354], [21,24,-0.704377200738], [22,24,0.709825865322], [42,24,0.704377200738], [43,24,-0.709825865322], [24,25,-0.000710110153], [25,25,-0.999999747872], [27,25,0.000710110153], [28,25,0.999999747872], [30,26,-0.003602948926], [31,26,-0.999993509358], [36,26,0.003602948926], [37,26,0.999993509358], [30,27,-0.999982789454], [31,27,0.005866923827], [54,27,0.999982789454], [55,27,-0.005866923827], [33,28,-0.002569381732], [34,28,-0.999996699133], [36,28,0.002569381732], [37,28,0.999996699133], [36,29,-0.706818986995], [37,29,0.707394458293], [57,29,0.706818986995], [58,29,-0.707394458293], [42,30,-0.708685840165], [43,30,-0.705524188069], [69,30,0.708685840165], [70,30,0.705524188069], [45,31,-0.999999243960], [46,31,0.001229666295], [69,31,0.999999243960], [70,31,-0.001229666295], [45,32,-0.999999558435], [46,32,-0.000939749443], [93,32,0.999999558435], [94,32,0.000939749443], [48,33,-0.999997478922], [49,33,-0.002245473107], [72,33,0.999997478922], [73,33,0.002245473107], [48,34,-0.999999915364], [49,34,-0.000411426494], [96,34,0.999999915364], [97,34,0.000411426494], [51,35,-0.006432792541], [52,35,-0.999979309376], [54,35,0.006432792541], [55,35,0.999979309376], [51,36,-0.708154851516], [52,36,0.706057155105], [72,36,0.708154851516], [73,36,-0.706057155105], [51,37,-0.999998524637], [52,37,0.001717767011], [75,37,0.999998524637], [76,37,-0.001717767011], [51,38,-0.707255607308], [52,38,-0.706957923735], [78,38,0.707255607308], [79,38,0.706957923735], [54,39,-0.702669783330], [55,39,-0.711516110566], [81,39,0.702669783330], [82,39,0.711516110566], [54,40,-0.999998751679], [55,40,-0.001580076256], [102,40,0.999998751679], [103,40,0.001580076256], [57,41,-0.999999362012], [58,41,-0.001129590916], [81,41,0.999999362012], [82,41,0.001129590916], [57,42,-0.708092200981], [58,42,-0.706119986199], [84,42,0.708092200981], [85,42,0.706119986199], [57,43,-0.999997636878], [58,43,0.002173991552], [105,43,0.999997636878], [106,43,-0.002173991552], [60,44,-0.000791078619], [61,44,-0.999999687097], [66,44,0.000791078619], [67,44,0.999999687097], [60,45,-0.709171061379], [61,45,0.705036457002], [81,45,0.709171061379], [82,45,-0.705036457002], [60,46,-0.999981052297], [61,46,-0.006155895360], [84,46,0.999981052297], [85,46,0.006155895360], [60,47,-0.706533582384], [61,47,-0.707679515716], [87,47,0.706533582384], [88,47,0.707679515716], [60,48,-0.999999943842], [61,48,-0.000335136790], [108,48,0.999999943842], [109,48,0.000335136790], [63,49,0.003966827709], [64,49,-0.999992132108], [66,49,-0.003966827709], [67,49,0.999992132108], [63,50,0.001454444969], [64,50,-0.999998942294], [69,50,-0.001454444969], [70,50,0.999998942294], [63,51,-0.999990021136], [64,51,-0.004467396248], [87,51,0.999990021136], [88,51,0.004467396248], [63,52,-0.705202222502], [64,52,-0.709006223794], [90,52,0.705202222502], [91,52,0.709006223794], [66,53,-0.001082690787], [67,53,-0.999999413890], [69,53,0.001082690787], [70,53,0.999999413890], [66,54,-0.706782809157], [67,54,0.707430604852], [87,54,0.706782809157], [88,54,-0.707430604852], [66,55,-0.999998489067], [67,55,-0.001738351093], [90,55,0.999998489067], [91,55,0.001738351093], [66,56,-0.708240477638], [67,56,-0.705971264171], [93,56,0.708240477638], [94,56,0.705971264171], [66,57,-0.999999593138], [67,57,-0.000902066552], [114,57,0.999999593138], [115,57,0.000902066552], [69,58,-0.710918133595], [70,58,0.703274773703], [90,58,0.710918133595], [91,58,-0.703274773703], [69,59,-0.999999999832], [70,59,0.000018307220], [117,59,0.999999999832], [118,59,-0.000018307220], [72,60,-0.001440971174], [73,60,-0.999998961800], [78,60,0.001440971174], [79,60,0.999998961800], [75,61,0.004351274209], [76,61,-0.999990533162], [78,61,-0.004351274209], [79,61,0.999990533162], [75,62,0.004671662199], [76,62,-0.999989087727], [81,62,-0.004671662199], [82,62,0.999989087727], [75,63,-0.704332001982], [76,63,-0.709870714274], [102,63,0.704332001982], [103,63,0.709870714274], [78,64,-0.706949152076], [79,64,0.707264375166], [99,64,0.706949152076], [100,64,-0.707264375166], [78,65,-0.999999652266], [79,65,-0.000833947615], [102,65,0.999999652266], [103,65,0.000833947615], [78,66,-0.707926214111], [79,66,-0.706286397558], [105,66,0.707926214111], [106,66,0.706286397558], [81,67,-0.009335556758], [82,67,-0.999956422741], [84,67,0.009335556758], [85,67,0.999956422741], [81,68,-0.709140655853], [82,68,0.705067039519], [102,68,0.709140655853], [103,68,-0.705067039519], [81,69,-0.999985167031], [82,69,0.005446624520], [105,69,0.999985167031], [106,69,-0.005446624520], [81,70,-0.711650197943], [82,70,-0.702533981931], [108,70,0.711650197943], [109,70,0.702533981931], [81,71,-0.999999854423], [82,71,0.000539587038], [129,71,0.999999854423], [130,71,-0.000539587038], [84,72,-0.999984602186], [85,72,0.005549359571], [108,72,0.999984602186], [109,72,-0.005549359571], [84,73,-0.999999994905], [85,73,0.000100946250], [132,73,0.999999994905], [133,73,-0.000100946250], [87,74,-0.000941929648], [88,74,-0.999999556384], [93,74,0.000941929648], [94,74,0.999999556384], [87,75,-0.707153097580], [88,75,0.707060461759], [108,75,0.707153097580], [109,75,-0.707060461759], [87,76,-0.706021463630], [88,76,-0.708190435472], [114,76,0.706021463630], [115,76,0.708190435472], [90,77,0.003827410101], [91,77,-0.999992675439], [93,77,-0.003827410101], [94,77,0.999992675439], [90,78,-0.999999998438], [91,78,-0.000055894819], [114,78,0.999999998438], [115,78,0.000055894819], [90,79,-0.708347530373], [91,79,-0.705863851047], [117,79,0.708347530373], [118,79,0.705863851047], [93,80,-0.707424434711], [94,80,0.706788984898], [114,80,0.707424434711], [115,80,-0.706788984898], [93,81,-0.999995075886], [94,81,0.003138184833], [117,81,0.999995075886], [118,81,-0.003138184833], [93,82,-0.999999948893], [94,82,-0.000319708802], [141,82,0.999999948893], [142,82,0.000319708802], [96,83,-0.999993364158], [97,83,-0.003643026102], [120,83,0.999993364158], [121,83,0.003643026102], [96,84,-0.999999636108], [97,84,-0.000853102966], [144,84,0.999999636108], [145,84,0.000853102966], [99,85,0.001520636730], [100,85,-0.999998843831], [102,85,-0.001520636730], [103,85,0.999998843831], [99,86,0.002313325007], [100,86,-0.999997324260], [105,86,-0.002313325007], [106,86,0.999997324260], [99,87,-0.707805053922], [100,87,0.706407818220], [120,87,0.707805053922], [121,87,-0.706407818220], [99,88,-0.999999994054], [100,88,-0.000109052002], [147,88,0.999999994054], [148,88,0.000109052002], [102,89,0.003113221642], [103,89,-0.999995153914], [105,89,-0.003113221642], [106,89,0.999995153914], [105,90,-0.709406925649], [106,90,0.704799130136], [126,90,0.709406925649], [127,90,-0.704799130136], [105,91,-0.999990306969], [106,91,-0.004402949880], [129,91,0.999990306969], [130,91,0.004402949880], [111,92,0.002444225628], [112,92,-0.999997012876], [114,92,-0.002444225628], [115,92,0.999997012876], [111,93,-0.000442863007], [112,93,-0.999999901936], [117,93,0.000442863007], [118,93,0.999999901936], [111,94,-0.707392225419], [112,94,0.706821221680], [132,94,0.707392225419], [133,94,-0.706821221680], [111,95,-0.708435417758], [112,95,-0.705775643435], [138,95,0.708435417758], [139,95,0.705775643435], [111,96,-0.999995428177], [112,96,0.003023842670], [159,96,0.999995428177], [160,96,-0.003023842670], [114,97,-0.003351098966], [115,97,-0.999994385052], [117,97,0.003351098966], [118,97,0.999994385052], [117,98,-0.705620381098], [118,98,0.708590063280], [138,98,0.705620381098], [139,98,-0.708590063280], [123,99,-0.001079203320], [124,99,-0.999999417660], [126,99,0.001079203320], [127,99,0.999999417660], [123,100,0.003514417271], [124,100,-0.999993824417], [129,100,-0.003514417271], [130,100,0.999993824417], [123,101,-0.706500868764], [124,101,0.707712174854], [144,101,0.706500868764], [145,101,-0.707712174854], [123,102,-0.999987636023], [124,102,0.004972705539], [147,102,0.999987636023], [148,102,-0.004972705539], [123,103,-0.706638352649], [124,103,-0.707574899615], [150,103,0.706638352649], [151,103,0.707574899615], [123,104,-0.999996162866], [124,104,0.002770244376], [171,104,0.999996162866], [172,104,-0.002770244376], [126,105,0.008082422795], [127,105,-0.999967336687], [129,105,-0.008082422795], [130,105,0.999967336687], [126,106,-0.999987132757], [127,106,-0.005072900611], [150,106,0.999987132757], [151,106,0.005072900611], [126,107,-0.999995072456], [127,107,-0.003139277448], [174,107,0.999995072456], [175,107,0.003139277448], [129,108,-0.710729880312], [130,108,0.703465022039], [150,108,0.710729880312], [151,108,-0.703465022039], [132,109,0.001073347366], [133,109,-0.999999423963], [138,109,-0.001073347366], [139,109,0.999999423963], [132,110,-0.999999807141], [133,110,-0.000621061380], [180,110,0.999999807141], [181,110,0.000621061380], [135,111,-0.002492524101], [136,111,-0.999996893657], [138,111,0.002492524101], [139,111,0.999996893657], [135,112,-0.001180589173], [136,112,-0.999999303104], [141,112,0.001180589173], [142,112,0.999999303104], [135,113,-0.999966817676], [136,113,0.008146382467], [159,113,0.999966817676], [160,113,-0.008146382467], [135,114,-0.711582247646], [136,114,-0.702602807307], [162,114,0.711582247646], [163,114,0.702602807307], [138,115,0.000114430218], [139,115,-0.999999993453], [141,115,-0.000114430218], [142,115,0.999999993453], [147,116,-0.706833350889], [148,116,0.707380105793], [168,116,0.706833350889], [169,116,-0.707380105793], [147,117,-0.999999823793], [148,117,0.000593645082], [171,117,0.999999823793], [172,117,-0.000593645082], [150,118,0.001509380532], [151,118,-0.999998860885], [153,118,-0.001509380532], [154,118,0.999998860885], [150,119,0.003155109379], [151,119,-0.999995022630], [156,119,-0.003155109379], [157,119,0.999995022630], [150,120,-0.999999275126], [151,120,-0.001204054637], [174,120,0.999999275126], [175,120,0.001204054637], [150,121,-0.705221385734], [151,121,-0.708987162862], [177,121,0.705221385734], [178,121,0.708987162862], [153,122,-0.709865801150], [154,122,0.704336953707], [174,122,0.709865801150], [175,122,-0.704336953707], [153,123,-0.999987491375], [154,123,-0.005001709124], [177,123,0.999987491375], [178,123,0.005001709124], [153,124,-0.704658598327], [154,124,-0.709546517012], [180,124,0.704658598327], [181,124,0.709546517012], [156,125,-0.003773716521], [157,125,-0.999992879506], [159,125,0.003773716521], [160,125,0.999992879506], [156,126,-0.003667392588], [157,126,-0.999993275093], [162,126,0.003667392588], [163,126,0.999993275093], [156,127,-0.706984859131], [157,127,0.707228682223], [177,127,0.706984859131], [178,127,-0.707228682223], [156,128,-0.999999845903], [157,128,-0.000555153000], [180,128,0.999999845903], [181,128,0.000555153000], [156,129,-0.708813519409], [157,129,-0.705395913444], [183,129,0.708813519409], [184,129,0.705395913444], [159,130,-0.003561956448], [160,130,-0.999993656213], [162,130,0.003561956448], [163,130,0.999993656213], [159,131,-0.709570739031], [160,131,0.704634207451], [180,131,0.709570739031], [181,131,-0.704634207451], [159,132,-0.999991451735], [160,132,-0.004134786292], [183,132,0.999991451735], [184,132,0.004134786292], [159,133,-0.703861251097], [160,133,-0.710337482612], [186,133,0.703861251097], [187,133,0.710337482612], [168,134,-0.005705688895], [169,134,-0.999983722425], [171,134,0.005705688895], [172,134,0.999983722425], [168,135,-0.002968966833], [169,135,-0.999995592608], [174,135,0.002968966833], [175,135,0.999995592608], [174,136,0.000830578119], [175,136,-0.999999655070], [180,136,-0.000830578119], [181,136,0.999999655070], [177,137,-0.003754949947], [178,137,-0.999992950151], [180,137,0.003754949947], [181,137,0.999992950151], [177,138,-0.001287631543], [178,138,-0.999999171002], [183,138,0.001287631543], [184,138,0.999999171002], [180,139,0.000236807899], [181,139,-0.999999971961], [186,139,-0.000236807899], [187,139,0.999999971961], [183,140,-0.000708268832], [184,140,-0.999999749178], [186,140,0.000708268832], [187,140,0.999999749178], ]
},
"Q": {
"shape": [141, 141],
"data": [[0,0,2.000000000000], [1,0,0.001395595278], [2,0,0.706362181670], [3,0,-0.999958898754], [4,0,0.710737769183], [5,0,0.007755077143], [6,0,-0.703317815757], [0,1,0.001395595278], [1,1,2.000000000000], [2,1,0.708835703837], [4,1,0.702464464277], [25,1,-0.007438733186], [0,2,0.706362181670], [1,2,0.708835703837], [2,2,2.000000000000], [5,2,0.702351418417], [25,2,0.710626944399], [0,3,-0.999958898754], [3,3,2.000000000000], [4,3,-0.704330687655], [5,3,0.001311434790], [6,3,0.709734037416], [7,3,0.999998271832], [12,3,-0.999987236595], [13,3,0.706500490397], [14,3,0.002501779720], [15,3,-0.709289497786], [0,4,0.710737769183], [1,4,0.702464464277], [3,4,-0.704330687655], [4,4,2.000000000000], [5,4,0.708947724136], [6,4,0.000195884279], [25,4,0.706473680988], [0,5,0.007755077143], [2,5,0.702351418417], [3,5,0.001311434790], [4,5,0.708947724136], [5,5,2.000000000000], [6,5,0.705399891023], [25,5,-0.001711947982], [0,6,-0.703317815757], [3,6,0.709734037416], [4,6,0.000195884279], [5,6,0.705399891023], [6,6,2.000000000000], [9,6,0.711954072458], [13,6,-0.002865376844], [26,6,-0.709642071670], [27,6,-0.702953933291], [3,7,0.999998271832], [7,7,2.000000000000], [8,7,0.999998737143], [9,7,0.008742022721], [10,7,0.708375016432], [11,7,0.002331165961], [12,7,-0.999994901456], [13,7,0.707814992991], [14,7,0.004360890970], [15,7,-0.707977745172], [7,8,0.999998737143], [8,8,2.000000000000], [9,8,0.007152823705], [10,8,0.707252372482], [11,8,0.000741918631], [12,8,0.999998713528], [16,8,0.708169973696], [17,8,-0.002904745885], [18,8,-0.708257590034], [6,9,0.711954072458], [7,9,0.008742022721], [8,9,0.007152823705], [9,9,2.000000000000], [10,9,0.712001926125], [11,9,0.999979449828], [13,9,0.700183131577], [26,9,-0.010470527734], [27,9,-0.999918914551], [7,10,0.708375016432], [8,10,0.707252372482], [9,10,0.712001926125], [10,10,2.000000000000], [11,10,0.707485689049], [14,10,0.702740409381], [16,10,-0.001710631469], [28,10,-0.708865410563], [7,11,0.002331165961], [8,11,0.000741918631], [9,11,0.999979449828], [10,11,0.707485689049], [11,11,2.000000000000], [27,11,0.999980005135], [35,11,0.006889578741], [39,11,-0.702994727962], [40,11,-0.999999369120], [3,12,-0.999987236595], [7,12,-0.999994901456], [8,12,0.999998713528], [12,12,2.000000000000], [13,12,-0.710067113020], [14,12,-0.007554122192], [15,12,0.705718927538], [16,12,0.709301581669], [17,12,-0.001300709730], [18,12,-0.707124300847], [3,13,0.706500490397], [6,13,-0.002865376844], [7,13,0.707814992991], [9,13,0.700183131577], [12,13,-0.710067113020], [13,13,2.000000000000], [14,13,0.709477846416], [15,13,-0.002234552021], [26,13,0.706592867387], [27,13,-0.709218233654], [3,14,0.002501779720], [7,14,0.004360890970], [10,14,0.702740409381], [12,14,-0.007554122192], [13,14,0.709477846416], [14,14,2.000000000000], [15,14,0.703140613934], [16,14,0.710243184891], [28,14,0.003665883756], [3,15,-0.709289497786], [7,15,-0.707977745172], [12,15,0.705718927538], [13,15,-0.002234552021], [14,15,0.703140613934], [15,15,2.000000000000], [17,15,0.709409252342], [19,15,0.000386905332], [26,15,0.709197473617], [28,15,0.708468416344], [29,15,-0.000234963157], [8,16,0.708169973696], [10,16,-0.001710631469], [12,16,0.709301581669], [14,16,0.710243184891], [16,16,2.000000000000], [17,16,0.703981955217], [18,16,-0.003133525509], [28,16,0.706555342512], [8,17,-0.002904745885], [12,17,-0.001300709730], [15,17,0.709409252342], [16,17,0.703981955217], [17,17,2.000000000000], [18,17,0.708008426407], [19,17,0.705071209694], [26,17,0.006222544174], [28,17,0.005188988883], [29,17,-0.704963453807], [8,18,-0.708257590034], [12,18,-0.707124300847], [16,18,-0.003133525509], [17,18,0.708008426407], [18,18,2.000000000000], [20,18,0.708310002022], [22,18,0.003159122688], [15,19,0.000386905332], [17,19,0.705071209694], [19,19,2.000000000000], [20,19,0.704768252612], [26,19,-0.704735443825], [28,19,-0.705468355911], [29,19,-0.999999988457], [18,20,0.708310002022], [19,20,0.704768252612], [20,20,2.000000000000], [22,20,0.708135625165], [21,21,2.000000000000], [22,21,-0.703524392230], [23,21,0.006299000627], [24,21,0.709437861925], [18,22,0.003159122688], [20,22,0.708135625165], [21,22,-0.703524392230], [22,22,2.000000000000], [23,22,0.706225512553], [21,23,0.006299000627], [22,23,0.706225512553], [23,23,2.000000000000], [24,23,0.700285258881], [30,23,-0.712729708394], [21,24,0.709437861925], [23,24,0.700285258881], [24,24,2.000000000000], [30,24,0.001617169004], [1,25,-0.007438733186], [2,25,0.710626944399], [4,25,0.706473680988], [5,25,-0.001711947982], [25,25,2.000000000000], [6,26,-0.709642071670], [9,26,-0.010470527734], [13,26,0.706592867387], [15,26,0.709197473617], [17,26,0.006222544174], [19,26,-0.704735443825], [26,26,2.000000000000], [27,26,-0.002263998830], [28,26,0.999999465864], [29,26,0.704843234139], [6,27,-0.702953933291], [9,27,-0.999918914551], [11,27,0.999980005135], [13,27,-0.709218233654], [26,27,-0.002263998830], [27,27,2.000000000000], [35,27,0.000565879392], [39,27,-0.698483279177], [40,27,-0.999972270967], [10,28,-0.708865410563], [14,28,0.003665883756], [15,28,0.708468416344], [16,28,0.706555342512], [17,28,0.005188988883], [19,28,-0.705468355911], [26,28,0.999999465864], [28,28,2.000000000000], [29,28,0.705576035485], [15,29,-0.000234963157], [17,29,-0.704963453807], [19,29,-0.999999988457], [26,29,0.704843234139], [28,29,0.705576035485], [29,29,2.000000000000], [41,29,-0.706019469699], [42,29,-0.000987647069], [43,29,-0.708355186271], [23,30,-0.712729708394], [24,30,0.001617169004], [30,30,2.000000000000], [31,30,0.707817745056], [50,30,0.704492697277], [53,30,0.706291062184], [58,30,-0.007640251089], [59,30,-0.708672923859], [30,31,0.707817745056], [31,31,2.000000000000], [32,31,0.999997646818], [50,31,-0.002684108863], [53,31,-0.000146975606], [58,31,-0.711782389397], [59,31,-0.999999266304], [31,32,0.999997646818], [32,32,2.000000000000], [56,32,0.708903601006], [74,32,0.001881678258], [77,32,-0.002887665851], [80,32,-0.706759917783], [81,32,-0.999991685216], [82,32,-0.999999807775], [33,33,2.000000000000], [34,33,0.999998318134], [36,33,0.706567633848], [60,33,-0.003686438317], [33,34,0.999998318134], [34,34,2.000000000000], [83,34,-0.999994778361], [84,34,-0.999999902461], [11,35,0.006889578741], [27,35,0.000565879392], [35,35,2.000000000000], [36,35,-0.701487133095], [37,35,0.004715051581], [38,35,0.711492924929], [39,35,-0.716021517795], [40,35,-0.008012828074], [33,36,0.706567633848], [35,36,-0.701487133095], [36,36,2.000000000000], [37,36,0.709366648419], [38,36,0.001693789166], [60,36,0.705035991349], [35,37,0.004715051581], [36,37,0.709366648419], [37,37,2.000000000000], [38,37,0.706040174850], [61,37,0.006069018538], [62,37,0.006389403572], [63,37,-0.703111570342], [35,38,0.711492924929], [36,38,0.001693789166], [37,38,0.706040174850], [38,38,2.000000000000], [60,38,0.707976324714], [61,38,0.703873767995], [64,38,0.000012402312], [65,38,-0.707844927245], [66,38,-0.999999549670], [11,39,-0.702994727962], [27,39,-0.698483279177], [35,39,-0.716021517795], [39,39,2.000000000000], [40,39,0.703793155884], [41,39,0.703473057170], [45,39,-0.003331721650], [62,39,0.708225710443], [67,39,-0.718044918288], [68,39,0.003374846648], [69,39,-0.698783999556], [70,39,-0.999919336759], [71,39,-0.702285756167], [11,40,-0.999999369120], [27,40,-0.999972270967], [35,40,-0.008012828074], [39,40,0.703793155884], [40,40,2.000000000000], [63,40,0.705452772610], [65,40,0.999999721646], [68,40,0.708025710930], [85,40,0.000059439597], [89,40,0.001533149157], [29,41,-0.706019469699], [39,41,0.703473057170], [41,41,2.000000000000], [42,41,0.708889375949], [43,41,0.999994543170], [45,41,0.708374206159], [62,41,-0.003542080628], [67,41,-0.010465092493], [68,41,-0.708343766107], [69,41,-0.999978376595], [70,41,-0.712443319923], [71,41,-0.999998606922], [29,42,-0.000987647069], [41,42,0.708889375949], [42,42,2.000000000000], [43,42,0.706555428788], [46,42,0.712425585006], [67,42,0.712699650357], [72,42,-0.704162784205], [73,42,-0.708020917209], [29,43,-0.708355186271], [41,43,0.999994543170], [42,43,0.706555428788], [43,43,2.000000000000], [66,43,0.706389080533], [69,43,0.999994644859], [86,43,-0.004487305275], [89,43,-0.005287195302], [90,43,-0.710937476589], [91,43,-0.999978371894], [44,44,2.000000000000], [45,44,-0.704475226330], [46,44,0.006946957063], [47,44,0.708238217892], [48,44,0.001126215260], [49,44,0.999988681135], [53,44,-0.999999957481], [54,44,0.706871262726], [55,44,-0.002529427973], [56,44,-0.706531317170], [57,44,-0.001693144567], [39,45,-0.003331721650], [41,45,0.708374206159], [44,45,-0.704475226330], [45,45,2.000000000000], [46,45,0.704817493562], [47,45,0.002113312066], [48,45,0.708934737898], [62,45,-0.708341771091], [67,45,0.698385226751], [68,45,-0.999999999070], [69,45,-0.713000611121], [70,45,-0.009369656662], [71,45,-0.709551386674], [42,46,0.712425585006], [44,46,0.006946957063], [45,46,0.704817493562], [46,46,2.000000000000], [47,46,0.710876596242], [48,46,0.999983059206], [67,46,0.015491006973], [72,46,-0.999931493497], [73,46,-0.999980425787], [44,47,0.708238217892], [45,47,0.002113312066], [46,47,0.710876596242], [47,47,2.000000000000], [48,47,0.706770712147], [51,47,0.709688016794], [54,47,-0.001268357723], [74,47,-0.708344706707], [75,47,0.000744793832], [76,47,-0.999999738348], [44,48,0.001126215260], [45,48,0.708934737898], [46,48,0.999983059206], [47,48,0.706770712147], [48,48,2.000000000000], [70,48,0.711885602962], [72,48,0.999982686234], [75,48,0.706916095894], [44,49,0.999988681135], [49,49,2.000000000000], [50,49,0.999996843943], [51,49,0.000500572975], [52,49,0.706203229693], [53,49,-0.999987251155], [54,49,0.710228724495], [55,49,0.002228484299], [56,49,-0.703156241715], [57,49,0.003064766640], [30,50,0.704492697277], [31,50,-0.002684108863], [49,50,0.999996843943], [50,50,2.000000000000], [51,50,0.003012961068], [52,50,0.707979796049], [53,50,0.999996781471], [58,50,0.704308021148], [59,50,0.001472752169], [47,51,0.709688016794], [49,51,0.000500572975], [50,51,0.003012961068], [51,51,2.000000000000], [52,51,0.708362597129], [54,51,0.703615383437], [74,51,-0.005409314516], [75,51,-0.703987321741], [76,51,-0.709178185632], [49,52,0.706203229693], [50,52,0.707979796049], [51,52,0.708362597129], [52,52,2.000000000000], [55,52,0.706433658732], [58,52,0.002714856235], [77,52,-0.706301932525], [78,52,-0.705241851175], [79,52,-0.999990116266], [30,53,0.706291062184], [31,53,-0.000146975606], [44,53,-0.999999957481], [49,53,-0.999987251155], [50,53,0.999996781471], [53,53,2.000000000000], [54,53,-0.706664962984], [55,53,0.002821039225], [56,53,0.706737655835], [57,53,0.001984756370], [58,53,0.702504656993], [59,53,-0.001064383578], [44,54,0.706871262726], [47,54,-0.001268357723], [49,54,0.710228724495], [51,54,0.703615383437], [53,54,-0.706664962984], [54,54,2.000000000000], [55,54,0.705551978490], [56,54,0.001146515923], [57,54,0.706144372107], [74,54,0.706764551341], [75,54,-0.999999862940], [76,54,0.001991754726], [44,55,-0.002529427973], [49,55,0.002228484299], [52,55,0.706433658732], [53,55,0.002821039225], [54,55,0.705551978490], [55,55,2.000000000000], [56,55,0.709466633452], [57,55,0.999999650313], [58,55,0.709694520973], [77,55,0.002089065958], [78,55,-0.999998584669], [79,55,-0.709573499304], [32,56,0.708903601006], [44,56,-0.706531317170], [49,56,-0.703156241715], [53,56,0.706737655835], [54,56,0.001146515923], [55,56,0.709466633452], [56,56,2.000000000000], [57,56,0.708877022546], [74,56,0.706638063695], [77,56,0.703255366484], [80,56,-0.002053906361], [81,56,-0.706021521867], [82,56,-0.708466146669], [44,57,-0.001693144567], [49,57,0.003064766640], [53,57,0.001984756370], [54,57,0.706144372107], [55,57,0.999999650313], [56,57,0.708877022546], [57,57,2.000000000000], [76,57,0.706660011281], [78,57,0.999999641997], [80,57,0.706786576184], [92,57,-0.001542160775], [97,57,-0.004253159090], [30,58,-0.007640251089], [31,58,-0.711782389397], [50,58,0.704308021148], [52,58,0.002714856235], [53,58,0.702504656993], [55,58,0.709694520973], [58,58,2.000000000000], [59,58,0.710931008481], [77,58,0.705990597769], [78,58,-0.710878823068], [79,58,-0.007160864119], [30,59,-0.708672923859], [31,59,-0.999999266304], [50,59,0.001472752169], [53,59,-0.001064383578], [58,59,0.710931008481], [59,59,2.000000000000], [79,59,0.708334607849], [81,59,0.999995133170], [93,59,0.000424555789], [97,59,0.003332791848], [98,59,-0.705633353293], [33,60,-0.003686438317], [36,60,0.705035991349], [38,60,0.707976324714], [60,60,2.000000000000], [61,60,0.999983224911], [64,60,0.706244947535], [65,60,-0.002274917422], [66,60,-0.707305765559], [37,61,0.006069018538], [38,61,0.703873767995], [60,61,0.999983224911], [61,61,2.000000000000], [62,61,0.999999948675], [63,61,0.706799252368], [64,61,0.710333809221], [65,61,0.003517332976], [66,61,-0.703199330181], [37,62,0.006389403572], [39,62,0.708225710443], [41,62,-0.003542080628], [45,62,-0.708341771091], [61,62,0.999999948675], [62,62,2.000000000000], [63,62,0.706572566782], [67,62,-0.999901898375], [68,62,0.708372211230], [69,62,0.010118157989], [70,62,-0.699201726360], [71,62,0.005211242668], [37,63,-0.703111570342], [40,63,0.705452772610], [61,63,0.706799252368], [62,63,0.706572566782], [63,63,2.000000000000], [65,63,0.704923752051], [68,63,-0.001035985130], [85,63,0.708798860431], [89,63,-0.707674532547], [38,64,0.000012402312], [60,64,0.706244947535], [61,64,0.710333809221], [64,64,2.000000000000], [65,64,0.706359084806], [66,64,0.000936629140], [85,64,0.708338570297], [86,64,0.708897885863], [87,64,-0.999999266871], [88,64,-0.706872019276], [38,65,-0.707844927245], [40,65,0.999999721646], [60,65,-0.002274917422], [61,65,0.003517332976], [63,65,0.704923752051], [64,65,0.706359084806], [65,65,2.000000000000], [66,65,0.708514973797], [68,65,0.708552420285], [85,65,-0.000686689551], [89,65,0.002279276986], [38,66,-0.999999549670], [43,66,0.706389080533], [60,66,-0.707305765559], [61,66,-0.703199330181], [64,66,0.000936629140], [65,66,0.708514973797], [66,66,2.000000000000], [69,66,0.704068836651], [86,66,0.704646844305], [89,66,0.704079043622], [90,66,-0.004417720513], [91,66,-0.711029095769], [39,67,-0.718044918288], [41,67,-0.010465092493], [42,67,0.712699650357], [45,67,0.698385226751], [46,67,0.015491006973], [62,67,-0.999901898375], [67,67,2.000000000000], [68,67,-0.698416091788], [69,67,0.003889031112], [70,67,0.709147018240], [71,67,0.008795991875], [72,67,-0.003786295266], [73,67,-0.009234614859], [39,68,0.003374846648], [40,68,0.708025710930], [41,68,-0.708343766107], [45,68,-0.999999999070], [62,68,0.708372211230], [63,68,-0.001035985130], [65,68,0.708552420285], [67,68,-0.698416091788], [68,68,2.000000000000], [69,68,0.712970372617], [70,68,0.009326533306], [71,68,0.709520997654], [85,68,-0.706144569671], [89,68,0.707271334741], [39,69,-0.698783999556], [41,69,-0.999978376595], [43,69,0.999994644859], [45,69,-0.713000611121], [62,69,0.010118157989], [66,69,0.704068836651], [67,69,0.003889031112], [68,69,0.712970372617], [69,69,2.000000000000], [70,69,0.707813203245], [71,69,0.999987960384], [86,69,-0.007759900640], [89,69,-0.008559773589], [90,69,-0.713235179262], [91,69,-0.999951492929], [39,70,-0.999919336759], [41,70,-0.712443319923], [45,70,-0.009369656662], [48,70,0.711885602962], [62,70,-0.699201726360], [67,70,0.709147018240], [68,70,0.009326533306], [69,70,0.707813203245], [70,70,2.000000000000], [71,70,0.711271016113], [72,70,0.707740626409], [75,70,0.006511640204], [39,71,-0.702285756167], [41,71,-0.999998606922], [45,71,-0.709551386674], [62,71,0.005211242668], [67,71,0.008795991875], [68,71,0.709520997654], [69,71,0.999987960384], [70,71,0.711271016113], [71,71,2.000000000000], [91,71,0.999987785619], [100,71,-0.004054000465], [105,71,-0.008621991031], [108,71,-0.711109357453], [42,72,-0.704162784205], [46,72,-0.999931493497], [48,72,0.999982686234], [67,72,-0.003786295266], [70,72,0.707740626409], [72,72,2.000000000000], [73,72,0.999985157278], [75,72,0.711065941709], [42,73,-0.708020917209], [46,73,-0.999980425787], [67,73,-0.009234614859], [72,73,0.999985157278], [73,73,2.000000000000], [94,73,0.707463572766], [109,73,0.001174293552], [110,73,-0.999999739352], [32,74,0.001881678258], [47,74,-0.708344706707], [51,74,-0.005409314516], [54,74,0.706764551341], [56,74,0.706638063695], [74,74,2.000000000000], [75,74,-0.706394059627], [76,74,0.708855143856], [77,74,0.999988626676], [80,74,0.706122327306], [81,74,0.002196258430], [82,74,-0.001261638260], [47,75,0.000744793832], [48,75,0.706916095894], [51,75,-0.703987321741], [54,75,-0.999999862940], [70,75,0.006511640204], [72,75,0.711065941709], [74,75,-0.706394059627], [75,75,2.000000000000], [76,75,-0.001468191353], [47,76,-0.999999738348], [51,76,-0.709178185632], [54,76,0.001991754726], [57,76,0.706660011281], [74,76,0.708855143856], [75,76,-0.001468191353], [76,76,2.000000000000], [78,76,0.706061046704], [80,76,-0.001084364199], [92,76,0.706462644264], [97,76,-0.710552406816], [32,77,-0.002887665851], [52,77,-0.706301932525], [55,77,0.002089065958], [56,77,0.703255366484], [58,77,0.705990597769], [74,77,0.999988626676], [77,77,2.000000000000], [78,77,-0.003771515685], [79,77,0.703147544411], [80,77,0.709491411406], [81,77,0.006965553101], [82,77,0.003507703445], [52,78,-0.705241851175], [55,78,-0.999998584669], [57,78,0.999999641997], [58,78,-0.710878823068], [76,78,0.706061046704], [77,78,-0.003771515685], [78,78,2.000000000000], [79,78,0.708386983399], [80,78,0.707384927764], [92,78,-0.002388330972], [97,78,-0.003406993466], [52,79,-0.999990116266], [55,79,-0.709573499304], [58,79,-0.007160864119], [59,79,0.708334607849], [77,79,0.703147544411], [78,79,0.708386983399], [79,79,2.000000000000], [81,79,0.706128911157], [93,79,0.706177482745], [97,79,0.708233630335], [98,79,0.000343656550], [32,80,-0.706759917783], [56,80,-0.002053906361], [57,80,0.706786576184], [74,80,0.706122327306], [76,80,-0.001084364199], [77,80,0.709491411406], [78,80,0.707384927764], [80,80,2.000000000000], [81,80,0.709638985745], [82,80,0.707198431897], [92,80,-0.708515978565], [97,80,0.704414367023], [32,81,-0.999991685216], [56,81,-0.706021521867], [59,81,0.999995133170], [74,81,0.002196258430], [77,81,0.006965553101], [79,81,0.706128911157], [80,81,0.709638985745], [81,81,2.000000000000], [82,81,0.999994021474], [93,81,-0.002695323699], [97,81,0.000212915252], [98,81,-0.707840593132], [32,82,-0.999999807775], [56,82,-0.708466146669], [74,82,-0.001261638260], [77,82,0.003507703445], [80,82,0.707198431897], [81,82,0.999994021474], [82,82,2.000000000000], [112,82,0.001500297691], [115,82,0.000205278588], [34,83,-0.999994778361], [83,83,2.000000000000], [84,83,0.999996108145], [87,83,0.705226894919], [34,84,-0.999999902461], [83,84,0.999996108145], [84,84,2.000000000000], [101,84,0.705896860318], [40,85,0.000059439597], [63,85,0.708798860431], [64,85,0.708338570297], [65,85,-0.000686689551], [68,85,-0.706144569671], [85,85,2.000000000000], [86,85,0.999999685821], [87,85,-0.707483315857], [88,85,-0.001411584845], [89,85,-0.999998731830], [43,86,-0.004487305275], [64,86,0.708897885863], [66,86,0.704646844305], [69,86,-0.007759900640], [85,86,0.999999685821], [86,86,2.000000000000], [87,86,-0.708043311188], [88,86,-0.002204273283], [89,86,0.999999680080], [90,86,0.706438333058], [91,86,-0.002089635515], [64,87,-0.999999266871], [83,87,0.705226894919], [85,87,-0.707483315857], [86,87,-0.708043311188], [87,87,2.000000000000], [88,87,0.707728014526], [64,88,-0.706872019276], [85,88,-0.001411584845], [86,88,-0.002204273283], [87,88,0.707728014526], [88,88,2.000000000000], [102,88,0.999987087794], [116,88,-0.706756205469], [117,88,-0.999999753108], [40,89,0.001533149157], [43,89,-0.005287195302], [63,89,-0.707674532547], [65,89,0.002279276986], [66,89,0.704079043622], [68,89,0.707271334741], [69,89,-0.008559773589], [85,89,-0.999998731830], [86,89,0.999999680080], [89,89,2.000000000000], [90,89,0.707004255613], [91,89,-0.001289737077], [43,90,-0.710937476589], [66,90,-0.004417720513], [69,90,-0.713235179262], [86,90,0.706438333058], [89,90,0.707004255613], [90,90,2.000000000000], [91,90,0.706296854101], [99,90,-0.704033125394], [105,90,0.710509835768], [106,90,-0.705822421600], [107,90,-0.707190870002], [43,91,-0.999978371894], [66,91,-0.711029095769], [69,91,-0.999951492929], [71,91,0.999987785619], [86,91,-0.002089635515], [89,91,-0.001289737077], [90,91,0.706296854101], [91,91,2.000000000000], [100,91,0.000888539483], [105,91,-0.003679538387], [108,91,-0.707625669951], [57,92,-0.001542160775], [76,92,0.706462644264], [78,92,-0.002388330972], [80,92,-0.708515978565], [92,92,2.000000000000], [93,92,0.999995832355], [94,92,-0.708548136524], [95,92,0.704041959192], [96,92,-0.005468048091], [97,92,-0.999983207103], [59,93,0.000424555789], [79,93,0.706177482745], [81,93,-0.002695323699], [92,93,0.999995832355], [93,93,2.000000000000], [94,93,-0.706507874518], [95,93,0.706089314063], [96,93,-0.002580981391], [97,93,0.999995771067], [98,93,0.708277500629], [73,94,0.707463572766], [92,94,-0.708548136524], [93,94,-0.706507874518], [94,94,2.000000000000], [95,94,0.002284504209], [96,94,0.709526307517], [109,94,0.707580092106], [110,94,-0.706953109629], [92,95,0.704041959192], [93,95,0.706089314063], [94,95,0.002284504209], [95,95,2.000000000000], [96,95,0.706298024411], [98,95,-0.000219138382], [109,95,0.705014839592], [111,95,0.707539243406], [115,95,-0.705694572395], [92,96,-0.005468048091], [93,96,-0.002580981391], [94,96,0.709526307517], [95,96,0.706298024411], [96,96,2.000000000000], [113,96,0.999986879384], [125,96,0.000749878130], [130,96,-0.000538116675], [131,96,-0.711698197983], [132,96,-0.999974377008], [133,96,-0.701710084378], [57,97,-0.004253159090], [59,97,0.003332791848], [76,97,-0.710552406816], [78,97,-0.003406993466], [79,97,0.708233630335], [80,97,0.704414367023], [81,97,0.000212915252], [92,97,-0.999983207103], [93,97,0.999995771067], [97,97,2.000000000000], [98,97,0.706221480855], [59,98,-0.705633353293], [79,98,0.000343656550], [81,98,-0.707840593132], [93,98,0.708277500629], [95,98,-0.000219138382], [97,98,0.706221480855], [98,98,2.000000000000], [109,98,-0.709347030883], [111,98,-0.706829086351], [115,98,0.708670802935], [90,99,-0.704033125394], [99,99,2.000000000000], [100,99,0.999989449309], [101,99,-0.706949304641], [102,99,-0.003893512666], [103,99,0.708337094022], [104,99,-0.001691043584], [105,99,-0.999958031789], [106,99,-0.006152087091], [107,99,-0.004218473622], [71,100,-0.004054000465], [91,100,0.000888539483], [99,100,0.999989449309], [100,100,2.000000000000], [101,100,-0.710190743173], [102,100,-0.008487048648], [103,100,0.705087107896], [104,100,-0.006284631054], [105,100,0.999989566312], [108,100,0.705958479098], [84,101,0.705896860318], [99,101,-0.706949304641], [100,101,-0.710190743173], [101,101,2.000000000000], [102,101,0.710011377855], [103,101,-0.001518761030], [104,101,0.708458693498], [88,102,0.999987087794], [99,102,-0.003893512666], [100,102,-0.008487048648], [101,102,0.710011377855], [102,102,2.000000000000], [103,102,0.703111054167], [104,102,0.999997574546], [116,102,-0.710342204588], [117,102,-0.999990411840], [99,103,0.708337094022], [100,103,0.705087107896], [101,103,-0.001518761030], [102,103,0.703111054167], [103,103,2.000000000000], [104,103,0.704675485796], [106,103,0.710218717302], [108,103,0.004474799450], [118,103,-0.706507507433], [119,103,-0.705341856459], [120,103,-0.707489799264], [121,103,-0.999997998859], [99,104,-0.001691043584], [100,104,-0.006284631054], [101,104,0.708458693498], [102,104,0.999997574546], [103,104,0.704675485796], [104,104,2.000000000000], [117,104,0.999997631201], [134,104,0.002935467718], [71,105,-0.008621991031], [90,105,0.710509835768], [91,105,-0.003679538387], [99,105,-0.999958031789], [100,105,0.999989566312], [105,105,2.000000000000], [106,105,-0.003009583883], [107,105,-0.004943208060], [108,105,0.709186463926], [90,106,-0.705822421600], [99,106,-0.006152087091], [103,106,0.710218717302], [105,106,-0.003009583883], [106,106,2.000000000000], [107,106,0.999998130519], [108,106,0.707152127038], [118,106,-0.003563533722], [119,106,-0.001917806580], [120,106,-0.999992515942], [121,106,-0.708808932891], [90,107,-0.707190870002], [99,107,-0.004218473622], [105,107,-0.004943208060], [106,107,0.999998130519], [107,107,2.000000000000], [120,107,0.999998127448], [122,107,0.707651194141], [135,107,0.006108215815], [136,107,-0.002308702338], [71,108,-0.711109357453], [91,108,-0.707625669951], [100,108,0.705958479098], [103,108,0.004474799450], [105,108,0.709186463926], [106,108,0.707152127038], [108,108,2.000000000000], [118,108,0.704536982555], [119,108,0.705703951145], [120,108,-0.709882354800], [121,108,-0.002474240928], [73,109,0.001174293552], [94,109,0.707580092106], [95,109,0.705014839592], [98,109,-0.709347030883], [109,109,2.000000000000], [110,109,-0.000452286136], [111,109,0.999993642277], [115,109,-0.999999540239], [73,110,-0.999999739352], [94,110,-0.706953109629], [109,110,-0.000452286136], [110,110,2.000000000000], [124,110,0.705099134366], [128,110,0.999999997828], [131,110,0.709132981091], [136,110,-0.000209516793], [137,110,0.004376006224], [139,110,-0.000384253510], [95,111,0.707539243406], [98,111,-0.706829086351], [109,111,0.999993642277], [111,111,2.000000000000], [112,111,0.999999139410], [113,111,-0.005653915769], [114,111,0.704374260683], [115,111,-0.999996601890], [82,112,0.001500297691], [111,112,0.999999139410], [112,112,2.000000000000], [113,112,-0.006965826792], [114,112,0.703442403963], [115,112,0.999999161462], [96,113,0.999986879384], [111,113,-0.005653915769], [112,113,-0.006965826792], [113,113,2.000000000000], [114,113,0.705834964502], [125,113,-0.004372733160], [130,113,0.004584492535], [131,113,-0.715287413578], [132,113,-0.99992458