{
"N": {
"shape": [192, 139],
"data": [[0,0,0.003595185814], [1,0,-0.999993537299], [3,0,-0.003595185814], [4,0,0.999993537299], [0,1,-0.001557608230], [1,1,-0.999998786928], [6,1,0.001557608230], [7,1,0.999998786928], [0,2,-0.999973139144], [1,2,-0.007329460500], [24,2,0.999973139144], [25,2,0.007329460500], [0,3,-0.703873073496], [1,3,-0.710325767805], [27,3,0.703873073496], [28,3,0.710325767805], [0,4,-0.999995216237], [1,4,-0.003093137960], [48,4,0.999995216237], [49,4,0.003093137960], [3,5,-0.999980629899], [4,5,-0.006224132590], [27,5,0.999980629899], [28,5,0.006224132590], [6,6,-0.704583685359], [7,6,0.709620906066], [27,6,0.704583685359], [28,6,-0.709620906066], [6,7,-0.999999592700], [7,7,0.000902551997], [54,7,0.999999592700], [55,7,-0.000902551997], [9,8,0.006842436692], [10,8,-0.999976590256], [12,8,-0.006842436692], [13,8,0.999976590256], [9,9,0.000734138361], [10,9,-0.999999730520], [15,9,-0.000734138361], [16,9,0.999999730520], [12,10,-0.005431228852], [13,10,-0.999985250768], [15,10,0.005431228852], [16,10,0.999985250768], [12,11,-0.003734253221], [13,11,-0.999993027652], [18,11,0.003734253221], [19,11,0.999993027652], [18,12,-0.708659137269], [19,12,0.705551009612], [39,12,0.708659137269], [40,12,-0.705551009612], [18,13,-0.999999540495], [19,13,-0.000958649779], [42,13,0.999999540495], [43,13,0.000958649779], [18,14,-0.999999962753], [19,14,-0.000272934396], [66,14,0.999999962753], [67,14,0.000272934396], [21,15,-0.999999269962], [22,15,0.001208335438], [69,15,0.999999269962], [70,15,-0.001208335438], [24,16,-0.999999403697], [25,16,0.001092064949], [48,16,0.999999403697], [49,16,-0.001092064949], [27,17,-0.709455080598], [28,17,0.704750657051], [48,17,0.709455080598], [49,17,-0.704750657051], [30,18,-0.008596379606], [31,18,-0.999963050446], [33,18,0.008596379606], [34,18,0.999963050446], [30,19,-0.001439913736], [31,19,-0.999998963324], [36,19,0.001439913736], [37,19,0.999998963324], [30,20,-0.999999987278], [31,20,-0.000159512877], [54,20,0.999999987278], [55,20,0.000159512877], [30,21,-0.999999868309], [31,21,0.000513207039], [78,21,0.999999868309], [79,21,-0.000513207039], [33,22,0.005775814789], [34,22,-0.999983319843], [36,22,-0.005775814789], [37,22,0.999983319843], [33,23,-0.706190856403], [34,23,0.708021521094], [54,23,0.706190856403], [55,23,-0.708021521094], [33,24,-0.708986673402], [34,24,-0.705221877808], [60,24,0.708986673402], [61,24,0.705221877808], [33,25,-0.999999920158], [34,25,0.000399605305], [81,25,0.999999920158], [82,25,-0.000399605305], [36,26,-0.707196340136], [37,26,0.707017210893], [57,26,0.707196340136], [58,26,-0.707017210893], [36,27,-0.999998572492], [37,27,-0.001689678370], [60,27,0.999998572492], [61,27,0.001689678370], [36,28,-0.704557545691], [37,28,-0.709646859226], [63,28,0.704557545691], [64,28,0.709646859226], [36,29,-0.999993975651], [37,29,-0.003471118108], [84,29,0.999993975651], [85,29,0.003471118108], [39,30,0.000716701705], [40,30,-0.999999743169], [45,30,-0.000716701705], [46,30,0.999999743169], [39,31,-0.704764734103], [40,31,0.709441096613], [60,31,0.704764734103], [61,31,-0.709441096613], [39,32,-0.999987388348], [40,32,0.005022264937], [63,32,0.999987388348], [64,32,-0.005022264937], [39,33,-0.706757471805], [40,33,-0.707455918095], [66,33,0.706757471805], [67,33,0.707455918095], [42,34,-0.001796573619], [43,34,-0.999998386160], [45,34,0.001796573619], [46,34,0.999998386160], [42,35,-0.706013069616], [43,35,-0.708198803678], [69,35,0.706013069616], [70,35,0.708198803678], [45,36,-0.705334836025], [46,36,0.708874297100], [66,36,0.705334836025], [67,36,-0.708874297100], [45,37,-0.999999872300], [46,37,-0.000505371748], [69,37,0.999999872300], [70,37,0.000505371748], [45,38,-0.999999996973], [46,38,-0.000077801615], [93,38,0.999999996973], [94,38,0.000077801615], [48,39,-0.706401114497], [49,39,-0.707811744348], [75,39,0.706401114497], [76,39,0.707811744348], [51,40,-0.999990251710], [52,40,-0.004415482335], [75,40,0.999990251710], [76,40,0.004415482335], [51,41,-0.704326836222], [52,41,-0.709875839692], [78,41,0.704326836222], [79,41,0.709875839692], [51,42,-0.999992637669], [52,42,-0.003837265683], [99,42,0.999992637669], [100,42,0.003837265683], [54,43,-0.000784716908], [55,43,-0.999999692110], [60,43,0.000784716908], [61,43,0.999999692110], [54,44,-0.999999289398], [55,44,0.001192142732], [78,44,0.999999289398], [79,44,-0.001192142732], [54,45,-0.708411152461], [55,45,-0.705799999340], [81,45,0.708411152461], [82,45,0.705799999340], [54,46,-0.999999897273], [55,46,-0.000453269460], [102,46,0.999999897273], [103,46,0.000453269460], [57,47,-0.006465023796], [58,47,-0.999979101515], [60,47,0.006465023796], [61,47,0.999979101515], [57,48,0.000511647536], [58,48,-0.999999869108], [63,48,-0.000511647536], [64,48,0.999999869108], [57,49,-0.709414406866], [58,49,0.704791599929], [78,49,0.709414406866], [79,49,-0.704791599929], [57,50,-0.999986603766], [58,50,-0.005176126699], [81,50,0.999986603766], [82,50,0.005176126699], [57,51,-0.706109889931], [58,51,-0.708102268985], [84,51,0.706109889931], [85,51,0.708102268985], [57,52,-0.999999979349], [58,52,-0.000203227016], [105,52,0.999999979349], [106,52,0.000203227016], [60,53,0.007467119239], [61,53,-0.999972120677], [63,53,-0.007467119239], [64,53,0.999972120677], [60,54,0.003927317335], [61,54,-0.999992288060], [66,54,-0.003927317335], [67,54,0.999992288060], [63,55,-0.709101729992], [64,55,0.705106188118], [84,55,0.709101729992], [85,55,-0.705106188118], [69,56,-0.999999940665], [70,56,0.000344486193], [93,56,0.999999940665], [94,56,-0.000344486193], [72,57,0.002164968732], [73,57,-0.999997656452], [75,57,-0.002164968732], [76,57,0.999997656452], [72,58,-0.999974138399], [73,58,-0.007191837915], [96,58,0.999974138399], [97,58,0.007191837915], [72,59,-0.705479504966], [73,59,-0.708730321118], [99,59,0.705479504966], [100,59,0.708730321118], [72,60,-0.999999924904], [73,60,-0.000387546468], [120,60,0.999999924904], [121,60,0.000387546468], [78,61,-0.006093581165], [79,61,-0.999981433962], [81,61,0.006093581165], [82,61,0.999981433962], [78,62,-0.000204220584], [79,62,-0.999999979147], [84,62,0.000204220584], [85,62,0.999999979147], [78,63,-0.999997798756], [79,63,-0.002098209374], [102,63,0.999997798756], [103,63,0.002098209374], [78,64,-0.710583190108], [79,64,-0.703613196250], [105,64,0.710583190108], [106,64,0.703613196250], [81,65,0.003402811828], [82,65,-0.999994210419], [87,65,-0.003402811828], [88,65,0.999994210419], [81,66,-0.704504417341], [82,66,0.709699602612], [102,66,0.704504417341], [103,66,-0.709699602612], [81,67,-0.999988423548], [82,67,0.004811732627], [105,67,0.999988423548], [106,67,-0.004811732627], [81,68,-0.705805040564], [82,68,-0.708406129784], [108,68,0.705805040564], [109,68,0.708406129784], [81,69,-0.999999669155], [82,69,-0.000813442780], [129,69,0.999999669155], [130,69,0.000813442780], [84,70,0.001113449894], [85,70,-0.999999380114], [87,70,-0.001113449894], [88,70,0.999999380114], [84,71,0.000966857461], [85,71,-0.999999532593], [90,71,-0.000966857461], [91,71,0.999999532593], [84,72,-0.707284834317], [85,72,0.706928683210], [105,72,0.707284834317], [106,72,-0.706928683210], [84,73,-0.999989179139], [85,73,0.004652053890], [108,73,0.999989179139], [109,73,-0.004652053890], [84,74,-0.707970902791], [85,74,-0.706241602287], [111,74,0.707970902791], [112,74,0.706241602287], [84,75,-0.999999987514], [85,75,-0.000158024378], [132,75,0.999999987514], [133,75,0.000158024378], [87,76,0.000819776635], [88,76,-0.999999663983], [90,76,-0.000819776635], [91,76,0.999999663983], [87,77,-0.705403325096], [88,77,0.708806143415], [108,77,0.705403325096], [109,77,-0.708806143415], [87,78,-0.999991712093], [88,78,0.004071332201], [111,78,0.999991712093], [112,78,-0.004071332201], [87,79,-0.999999643146], [88,79,0.000844811915], [135,79,0.999999643146], [136,79,-0.000844811915], [90,80,-0.706948016754], [91,80,0.707265509980], [111,80,0.706948016754], [112,80,-0.707265509980], [90,81,-0.709861029212], [91,81,-0.704341763071], [117,81,0.709861029212], [118,81,0.704341763071], [93,82,-0.999999592161], [94,82,-0.000903149299], [141,82,0.999999592161], [142,82,0.000903149299], [96,83,-0.999979101088], [97,83,0.006465089814], [120,83,0.999979101088], [121,83,-0.006465089814], [102,84,-0.008411883334], [103,84,-0.999964619483], [105,84,0.008411883334], [106,84,0.999964619483], [102,85,-0.000219683091], [103,85,-0.999999975870], [108,85,0.000219683091], [109,85,0.999999975870], [102,86,-0.707945848833], [103,86,-0.706266716701], [129,86,0.707945848833], [130,86,0.706266716701], [105,87,0.007920119606], [106,87,-0.999968635361], [108,87,-0.007920119606], [109,87,0.999968635361], [105,88,0.004131876700], [106,88,-0.999991463761], [111,88,-0.004131876700], [112,88,0.999991463761], [108,89,-0.710076747409], [109,89,0.704124287884], [129,89,0.710076747409], [130,89,-0.704124287884], [111,90,-0.709042647717], [112,90,0.705165600209], [132,90,0.709042647717], [133,90,-0.705165600209], [111,91,-0.999997236049], [112,91,-0.002351147476], [135,91,0.999997236049], [136,91,0.002351147476], [114,92,-0.003288550094], [115,92,-0.999994592705], [117,92,0.003288550094], [118,92,0.999994592705], [114,93,-0.705915615608], [115,93,0.708295943544], [135,93,0.705915615608], [136,93,-0.708295943544], [114,94,-0.999977697349], [115,94,0.006678682799], [138,94,0.999977697349], [139,94,-0.006678682799], [114,95,-0.708513067594], [115,95,-0.705697692393], [141,95,0.708513067594], [142,95,0.705697692393], [114,96,-0.999993643198], [115,96,0.003565608538], [162,96,0.999993643198], [163,96,-0.003565608538], [117,97,-0.706469302463], [118,97,0.707743685721], [138,97,0.706469302463], [139,97,-0.707743685721], [117,98,-0.999988289259], [118,98,-0.004839560482], [141,98,0.999988289259], [142,98,0.004839560482], [120,99,-0.707549819219], [121,99,-0.706663465395], [147,99,0.707549819219], [148,99,0.706663465395], [120,100,-0.999999981234], [121,100,0.000193729745], [168,100,0.999999981234], [169,100,-0.000193729745], [123,101,-0.004570399654], [124,101,-0.999989555669], [126,101,0.004570399654], [127,101,0.999989555669], [123,102,0.000143879051], [124,102,-0.999999989649], [129,102,-0.000143879051], [130,102,0.999999989649], [123,103,-0.999996095924], [124,103,-0.002794304230], [147,103,0.999996095924], [148,103,0.002794304230], [123,104,-0.706663163103], [124,104,-0.707550121132], [150,104,0.706663163103], [151,104,0.707550121132], [126,105,0.004888576322], [127,105,-0.999988050839], [129,105,-0.004888576322], [130,105,0.999988050839], [126,106,-0.999999998248], [127,106,0.000059202417], [150,106,0.999999998248], [151,106,-0.000059202417], [129,107,-0.708995265771], [130,107,0.705213239463], [150,107,0.708995265771], [151,107,-0.705213239463], [132,108,-0.007975609534], [133,108,-0.999968194320], [135,108,0.007975609534], [136,108,0.999968194320], [132,109,-0.707607292649], [133,109,0.706605915195], [153,109,0.707607292649], [154,109,-0.706605915195], [132,110,-0.999983891681], [133,110,0.005675947318], [156,110,0.999983891681], [157,110,-0.005675947318], [132,111,-0.709367764838], [133,111,-0.704838544781], [159,111,0.709367764838], [160,111,0.704838544781], [135,112,0.000551304024], [136,112,-0.999999848032], [141,112,-0.000551304024], [142,112,0.999999848032], [135,113,-0.706235866835], [136,113,0.707976624188], [156,113,0.706235866835], [157,113,-0.707976624188], [138,114,-0.000658448771], [139,114,-0.999999783223], [141,114,0.000658448771], [142,114,0.999999783223], [138,115,-0.706272373728], [139,115,-0.707940205179], [165,115,0.706272373728], [166,115,0.707940205179], [138,116,-0.999994112540], [139,116,-0.003431455420], [186,116,0.999994112540], [187,116,0.003431455420], [141,117,-0.999999871259], [142,117,-0.000507426250], [189,117,0.999999871259], [190,117,0.000507426250], [144,118,-0.002496437681], [145,118,-0.999996883895], [147,118,0.002496437681], [148,118,0.999996883895], [144,119,-0.999999412193], [145,119,0.001084257209], [168,119,0.999999412193], [169,119,-0.001084257209], [153,120,-0.007567759286], [154,120,-0.999971364100], [156,120,0.007567759286], [157,120,0.999971364100], [153,121,-0.003406425300], [154,121,-0.999994198117], [159,121,0.003406425300], [160,121,0.999994198117], [153,122,-0.708226161217], [154,122,0.705985626318], [174,122,0.708226161217], [175,122,-0.705985626318], [153,123,-0.709649323932], [154,123,-0.704555063174], [180,123,0.709649323932], [181,123,0.704555063174], [156,124,0.000700347724], [157,124,-0.999999754757], [159,124,-0.000700347724], [160,124,0.999999754757], [156,125,0.001903209254], [157,125,-0.999998188896], [162,125,-0.001903209254], [163,125,0.999998188896], [156,126,-0.704149121131], [157,126,-0.710052121474], [183,126,0.704149121131], [184,126,0.710052121474], [159,127,-0.999996090182], [160,127,0.002796358546], [183,127,0.999996090182], [184,127,-0.002796358546], [159,128,-0.706133026442], [160,128,-0.708079196819], [186,128,0.706133026442], [187,128,0.708079196819], [162,129,-0.707909050353], [163,129,0.706303600747], [183,129,0.707909050353], [184,129,-0.706303600747], [162,130,-0.999973404195], [163,130,-0.007293209309], [186,130,0.999973404195], [187,130,0.007293209309], [162,131,-0.704225816967], [163,131,-0.709976055031], [189,131,0.704225816967], [190,131,0.709976055031], [165,132,-0.999982159474], [166,132,-0.005973335288], [189,132,0.999982159474], [190,132,0.005973335288], [174,133,0.004987486858], [175,133,-0.999987562410], [177,133,-0.004987486858], [178,133,0.999987562410], [174,134,0.000764240518], [175,134,-0.999999707968], [180,134,-0.000764240518], [181,134,0.999999707968], [177,135,-0.003412087779], [178,135,-0.999994178812], [180,135,0.003412087779], [181,135,0.999994178812], [177,136,-0.000515150340], [178,136,-0.999999867310], [183,136,0.000515150340], [184,136,0.999999867310], [180,137,-0.000101946521], [181,137,-0.999999994803], [186,137,0.000101946521], [187,137,0.999999994803], [183,138,-0.002594309432], [184,138,-0.999996634774], [186,138,0.002594309432], [187,138,0.999996634774], ]
},
"Q": {
"shape": [139, 139],
"data": [[0,0,2.000000000000], [1,0,0.999986724343], [2,0,0.003734323888], [3,0,0.707790622693], [4,0,-0.000502050645], [5,0,-0.002628976191], [0,1,0.999986724343], [1,1,2.000000000000], [2,1,0.008887018000], [3,1,0.711421264621], [4,1,0.004650734987], [6,1,0.708522579898], [7,1,-0.000655056693], [0,2,0.003734323888], [1,2,0.008887018000], [2,2,2.000000000000], [3,2,0.709060471519], [4,2,0.999991026542], [16,2,-0.999964538610], [0,3,0.707790622693], [1,3,0.711421264621], [2,3,0.709060471519], [3,3,2.000000000000], [4,3,0.706066841930], [5,3,0.708280601164], [6,3,-0.008124530804], [17,3,0.001236223494], [0,4,-0.000502050645], [1,4,0.004650734987], [2,4,0.999991026542], [3,4,0.706066841930], [4,4,2.000000000000], [16,4,0.999991242030], [17,4,0.707271795723], [39,4,-0.708587094617], [0,5,-0.002628976191], [3,5,0.708280601164], [5,5,2.000000000000], [6,5,0.700153262893], [17,5,-0.705054876848], [1,6,0.708522579898], [3,6,-0.008124530804], [5,6,0.700153262893], [6,6,2.000000000000], [7,6,0.705223868148], [17,6,-0.999976275091], [1,7,-0.000655056693], [6,7,0.705223868148], [7,7,2.000000000000], [20,7,0.999999436009], [23,7,0.706829595010], [43,7,0.000117835131], [44,7,-0.999999958069], [45,7,-0.707773842726], [46,7,-0.999999080874], [8,8,2.000000000000], [9,8,0.999981344078], [10,8,-0.999924678530], [11,8,-0.999944066680], [8,9,0.999981344078], [9,9,2.000000000000], [10,9,0.999980994019], [8,10,-0.999924678530], [9,10,0.999980994019], [10,10,2.000000000000], [11,10,0.999998560107], [8,11,-0.999944066680], [10,11,0.999998560107], [11,11,2.000000000000], [12,11,0.702899777599], [13,11,-0.004692894600], [14,11,-0.004007185575], [11,12,0.702899777599], [12,12,2.000000000000], [13,12,0.707982435317], [14,12,0.708466541735], [30,12,0.706058725617], [31,12,-0.999984850424], [32,12,-0.712193664003], [33,12,-0.001703902960], [11,13,-0.004692894600], [12,13,0.707982435317], [13,13,2.000000000000], [14,13,0.999999764897], [34,13,-0.002755221025], [35,13,-0.706691659826], [11,14,-0.004007185575], [12,14,0.708466541735], [13,14,0.999999764897], [14,14,2.000000000000], [33,14,0.706950534535], [36,14,0.705141333576], [54,14,-0.003654384897], [15,15,2.000000000000], [35,15,0.705156812489], [37,15,0.999998531604], [56,15,-0.999999626882], [2,16,-0.999964538610], [4,16,0.999991242030], [16,16,2.000000000000], [17,16,0.710224291038], [39,16,-0.705627716871], [3,17,0.001236223494], [4,17,0.707271795723], [5,17,-0.705054876848], [6,17,-0.999976275091], [16,17,0.710224291038], [17,17,2.000000000000], [39,17,-0.002329067721], [18,18,2.000000000000], [19,18,0.999974391853], [20,18,0.008755886480], [21,18,0.008083190397], [22,18,-0.999896719809], [23,18,0.701924675339], [24,18,-0.711290538754], [25,18,-0.008196788380], [18,19,0.999974391853], [19,19,2.000000000000], [20,19,0.001599426429], [21,19,0.000926707039], [22,19,0.999973966509], [26,19,0.705998176221], [27,19,-0.003129588298], [28,19,-0.710660625640], [29,19,-0.004911019570], [7,20,0.999999436009], [18,20,0.008755886480], [19,20,0.001599426429], [20,20,2.000000000000], [21,20,0.999999773724], [23,20,0.706077908869], [43,20,-0.000944229726], [44,20,-0.999999086513], [45,20,-0.708523727637], [46,20,-0.999999956854], [18,21,0.008083190397], [19,21,0.000926707039], [20,21,0.999999773724], [21,21,2.000000000000], [41,21,0.703962430190], [44,21,0.999999769523], [49,21,0.709776017453], [61,21,-0.005580382851], [62,21,0.000308986472], [63,21,-0.999996590250], [64,21,-0.710221997285], [18,22,-0.999896719809], [19,22,0.999973966509], [22,22,2.000000000000], [23,22,-0.712088538776], [24,22,0.701115138882], [25,22,-0.006175412967], [26,22,0.711090052814], [27,22,0.004086156358], [28,22,-0.705565628313], [29,22,0.002304719785], [7,23,0.706829595010], [18,23,0.701924675339], [20,23,0.706077908869], [22,23,-0.712088538776], [23,23,2.000000000000], [24,23,0.001367639433], [25,23,0.706473729175], [43,23,0.707467143196], [44,23,-0.707034417292], [45,23,-0.000551889321], [46,23,-0.705869859326], [18,24,-0.711290538754], [22,24,0.701115138882], [23,24,0.001367639433], [24,24,2.000000000000], [25,24,0.708704806391], [27,24,0.710177259471], [31,24,-0.000644577985], [43,24,0.705778014507], [47,24,0.709790755454], [53,24,-0.699908128670], [54,24,-0.702432023526], [18,25,-0.008196788380], [22,25,-0.006175412967], [23,25,0.706473729175], [24,25,0.708704806391], [25,25,2.000000000000], [45,25,0.708129054476], [50,25,0.999984455518], [61,25,0.005693982793], [65,25,0.003802414548], [66,25,-0.704787960817], [67,25,-0.999990266500], [68,25,-0.705521901363], [69,25,-0.999999264257], [19,26,0.705998176221], [22,26,0.711090052814], [26,26,2.000000000000], [27,26,0.706000698919], [28,26,-0.003472025401], [29,26,0.704737939496], [47,26,0.702430394137], [48,26,0.707378953615], [49,26,-0.999995063418], [50,26,-0.703527255707], [51,26,0.001282161352], [52,26,-0.707052640534], [19,27,-0.003129588298], [22,27,0.004086156358], [24,27,0.710177259471], [26,27,0.706000698919], [27,27,2.000000000000], [28,27,0.705755614878], [29,27,0.999998413226], [31,27,0.703565000771], [43,27,0.002474393638], [47,27,0.008154657625], [53,27,0.005777477317], [54,27,0.002237646389], [19,28,-0.710660625640], [22,28,-0.705565628313], [26,28,-0.003472025401], [27,28,0.705755614878], [28,28,2.000000000000], [29,28,0.707016569254], [32,28,0.700984625518], [48,28,0.709286281207], [53,28,0.704366059547], [55,28,0.000773417290], [19,29,-0.004911019570], [22,29,0.002304719785], [26,29,0.704737939496], [27,29,0.999998413226], [28,29,0.707016569254], [29,29,2.000000000000], [51,29,0.708563542686], [55,29,0.706649951259], [62,29,0.003675337389], [70,29,-0.002357672770], [71,29,-0.002504264849], [72,29,-0.704826740434], [73,29,-0.999967007027], [74,29,-0.710418085742], [75,29,-0.999994511687], [12,30,0.706058725617], [30,30,2.000000000000], [31,30,-0.709946020494], [32,30,-0.005738956313], [33,30,0.706949202113], [34,30,0.999996841723], [36,30,0.709379629719], [37,30,0.000211329995], [38,30,0.000638900108], [12,31,-0.999984850424], [24,31,-0.000644577985], [27,31,0.703565000771], [30,31,-0.709946020494], [31,31,2.000000000000], [32,31,0.708318847000], [33,31,-0.003800560646], [43,31,-0.708887837380], [47,31,-0.704869949593], [53,31,0.714683880181], [54,31,0.712203460203], [12,32,-0.712193664003], [28,32,0.700984625518], [30,32,-0.005738956313], [31,32,0.708318847000], [32,32,2.000000000000], [33,32,0.703195527374], [48,32,-0.005533905363], [53,32,-0.012489149986], [55,32,-0.712634017133], [12,33,-0.001703902960], [14,33,0.706950534535], [30,33,0.706949202113], [31,33,-0.003800560646], [32,33,0.703195527374], [33,33,2.000000000000], [36,33,-0.002996651183], [54,33,0.704674801367], [13,34,-0.002755221025], [30,34,0.999996841723], [34,34,2.000000000000], [35,34,0.709466065214], [36,34,0.707605967132], [37,34,-0.002301944322], [38,34,-0.001874375103], [13,35,-0.706691659826], [15,35,0.705156812489], [34,35,0.709466065214], [35,35,2.000000000000], [37,35,0.706370883126], [56,35,-0.705769063015], [14,36,0.705141333576], [30,36,0.709379629719], [33,36,-0.002996651183], [34,36,0.707605967132], [36,36,2.000000000000], [37,36,0.704976500911], [38,36,0.705279682325], [54,36,-0.711638904032], [15,37,0.999998531604], [30,37,0.000211329995], [34,37,-0.002301944322], [35,37,0.706370883126], [36,37,0.704976500911], [37,37,2.000000000000], [38,37,0.999999908592], [56,37,-0.999999638871], [30,38,0.000638900108], [34,38,-0.001874375103], [36,38,0.705279682325], [37,38,0.999999908592], [38,38,2.000000000000], [56,38,0.999999910837], [82,38,-0.999999659401], [4,39,-0.708587094617], [16,39,-0.705627716871], [17,39,-0.002329067721], [39,39,2.000000000000], [40,39,0.709519558548], [57,39,0.706280749233], [39,40,0.709519558548], [40,40,2.000000000000], [41,40,0.707454414470], [42,40,0.999999832830], [57,40,0.002250524360], [21,41,0.703962430190], [40,41,0.707454414470], [41,41,2.000000000000], [42,41,0.707045632933], [44,41,0.703480062403], [49,41,-0.000654924049], [61,41,-0.714154532853], [62,41,-0.710019662926], [63,41,-0.705814753968], [64,41,-0.999960818667], [40,42,0.999999832830], [41,42,0.707045632933], [42,42,2.000000000000], [59,42,0.708193897532], [7,43,0.000117835131], [20,43,-0.000944229726], [23,43,0.707467143196], [24,43,0.705778014507], [27,43,0.002474393638], [31,43,-0.708887837380], [43,43,2.000000000000], [44,43,-0.000407426014], [45,43,0.706355684241], [46,43,0.001237986148], [47,43,0.999983866845], [53,43,-0.999965953220], [54,43,-0.999988898339], [7,44,-0.999999958069], [20,44,-0.999999086513], [21,44,0.999999769523], [23,44,-0.707034417292], [41,44,0.703480062403], [43,44,-0.000407426014], [44,44,2.000000000000], [45,44,0.707569234723], [46,44,0.999998646309], [49,44,0.710254114938], [61,44,-0.004901456237], [62,44,0.000987922268], [63,44,-0.999994586790], [64,44,-0.709743877808], [7,45,-0.707773842726], [20,45,-0.708523727637], [23,45,-0.000551889321], [25,45,0.708129054476], [43,45,0.706355684241], [44,45,0.707569234723], [45,45,2.000000000000], [46,45,0.708730997273], [50,45,0.712054972640], [61,45,0.710103656286], [65,45,-0.703385323205], [66,45,0.001827192853], [67,45,-0.705006830688], [68,45,-0.999993208132], [69,45,-0.708985046001], [7,46,-0.999999080874], [20,46,-0.999999956854], [23,46,-0.705869859326], [43,46,0.001237986148], [44,46,0.999998646309], [45,46,0.708730997273], [46,46,2.000000000000], [63,46,0.999998647084], [66,46,0.704182659814], [84,46,-0.008865135893], [85,46,-0.000672952517], [86,46,-0.708265905241], [24,47,0.709790755454], [26,47,0.702430394137], [27,47,0.008154657625], [31,47,-0.704869949593], [43,47,0.999983866845], [47,47,2.000000000000], [48,47,0.999975662813], [49,47,-0.700190489831], [50,47,0.011640955715], [51,47,0.712652487962], [52,47,0.006668246432], [53,47,-0.999902947671], [54,47,-0.999945999536], [26,48,0.707378953615], [28,48,0.709286281207], [32,48,-0.005533905363], [47,48,0.999975662813], [48,48,2.000000000000], [49,48,-0.705154477811], [50,48,0.004664485340], [51,48,0.707740896915], [52,48,-0.000308420535], [53,48,0.999975810322], [55,48,0.705468905978], [21,49,0.709776017453], [26,49,-0.999995063418], [41,49,-0.000654924049], [44,49,0.710254114938], [47,49,-0.700190489831], [48,49,-0.705154477811], [49,49,2.000000000000], [50,49,0.705756812768], [51,49,0.001859997676], [52,49,0.709271159522], [61,49,0.700455640474], [62,49,0.704646708208], [63,49,-0.707934044931], [64,49,-0.008197282023], [25,50,0.999984455518], [26,50,-0.703527255707], [45,50,0.712054972640], [47,50,0.011640955715], [48,50,0.004664485340], [49,50,0.705756812768], [50,50,2.000000000000], [51,50,0.709765657778], [52,50,0.999987635045], [61,50,0.011269530133], [65,50,-0.001773330488], [66,50,-0.700821484574], [67,50,-0.999950121331], [68,50,-0.709462385317], [69,50,-0.999990483409], [26,51,0.001282161352], [29,51,0.708563542686], [47,51,0.712652487962], [48,51,0.707740896915], [49,51,0.001859997676], [50,51,0.709765657778], [51,51,2.000000000000], [52,51,0.706253780861], [55,51,0.001416452833], [62,51,0.708246456393], [70,51,-0.707315612061], [71,51,-0.707419230398], [72,51,0.001156988082], [73,51,-0.702808119299], [74,51,-0.999996537275], [75,51,-0.706221778535], [26,52,-0.707052640534], [47,52,0.006668246432], [48,52,-0.000308420535], [49,52,0.709271159522], [50,52,0.999987635045], [51,52,0.706253780861], [52,52,2.000000000000], [64,52,0.710726168644], [67,52,0.999987425023], [72,52,0.707141152704], [84,52,0.008615102987], [87,52,0.007716898801], [88,52,0.003928651333], [24,53,-0.699908128670], [27,53,0.005777477317], [28,53,0.704366059547], [31,53,0.714683880181], [32,53,-0.012489149986], [43,53,-0.999965953220], [47,53,-0.999902947671], [48,53,0.999975810322], [53,53,2.000000000000], [54,53,0.999993734698], [55,53,0.710381477405], [14,54,-0.003654384897], [24,54,-0.702432023526], [27,54,0.002237646389], [31,54,0.712203460203], [33,54,0.704674801367], [36,54,-0.711638904032], [43,54,-0.999988898339], [47,54,-0.999945999536], [53,54,0.999993734698], [54,54,2.000000000000], [28,55,0.000773417290], [29,55,0.706649951259], [32,55,-0.712634017133], [48,55,0.705468905978], [51,55,0.001416452833], [53,55,0.710381477405], [55,55,2.000000000000], [62,55,-0.704961360245], [70,55,0.705895300279], [71,55,0.705791458844], [72,55,-0.999996688701], [73,55,-0.712374248886], [74,55,-0.004048067875], [75,55,-0.708990297171], [15,56,-0.999999626882], [35,56,-0.705769063015], [37,56,-0.999999638871], [38,56,0.999999910837], [56,56,2.000000000000], [82,56,-0.999999221703], [39,57,0.706280749233], [40,57,0.002250524360], [57,57,2.000000000000], [58,57,0.005026908318], [59,57,0.707201319106], [60,57,-0.001777423010], [57,58,0.005026908318], [58,58,2.000000000000], [59,58,0.710558333732], [60,58,0.999976850476], [83,58,-0.999906744150], [42,59,0.708193897532], [57,59,0.707201319106], [58,59,0.710558333732], [59,59,2.000000000000], [60,59,0.705754117920], [57,60,-0.001777423010], [58,60,0.999976850476], [59,60,0.705754117920], [60,60,2.000000000000], [83,60,0.999976520471], [99,60,-0.707823631014], [100,60,-0.999999831059], [21,61,-0.005580382851], [25,61,0.005693982793], [41,61,-0.714154532853], [44,61,-0.004901456237], [45,61,0.710103656286], [49,61,0.700455640474], [50,61,0.011269530133], [61,61,2.000000000000], [62,61,0.999982657544], [63,61,0.008191738170], [64,61,0.707930129284], [65,61,-0.999954909178], [66,61,0.705393471454], [67,61,-0.001281867331], [68,61,-0.712693857790], [69,61,-0.006907006827], [21,62,0.000308986472], [29,62,0.003675337389], [41,62,-0.710019662926], [44,62,0.000987922268], [49,62,0.704646708208], [51,62,0.708246456393], [55,62,-0.704961360245], [61,62,0.999982657544], [62,62,2.000000000000], [63,62,0.002302429464], [64,62,0.703758297291], [70,62,-0.999999131872], [71,62,-0.999999314288], [72,62,0.706784226346], [73,62,0.004447835419], [74,62,-0.706386169791], [75,62,-0.000362244956], [21,63,-0.999996590250], [41,63,-0.705814753968], [44,63,-0.999994586790], [46,63,0.999998647084], [49,63,-0.707934044931], [61,63,0.008191738170], [62,63,0.002302429464], [63,63,2.000000000000], [64,63,0.712057953745], [66,63,0.703013768196], [84,63,-0.010509999956], [85,63,-0.002317891931], [86,63,-0.709426185917], [21,64,-0.710221997285], [41,64,-0.999960818667], [44,64,-0.709743877808], [49,64,-0.008197282023], [52,64,0.710726168644], [61,64,0.707930129284], [62,64,0.703758297291], [63,64,0.712057953745], [64,64,2.000000000000], [67,64,0.707189365502], [72,64,0.005180363570], [84,64,0.709565644946], [87,64,-0.697963223820], [88,64,-0.700671147913], [25,65,0.003802414548], [45,65,-0.703385323205], [50,65,-0.001773330488], [61,65,-0.999954909178], [65,65,2.000000000000], [66,65,-0.712092789713], [67,65,-0.008214477205], [68,65,0.706000306668], [69,65,-0.002589372632], [70,65,0.999997379398], [76,65,-0.999996663950], [77,65,0.711202394503], [78,65,0.007474092256], [79,65,0.004247617638], [25,66,-0.704787960817], [45,66,0.001827192853], [46,66,0.704182659814], [50,66,-0.700821484574], [61,66,0.705393471454], [63,66,0.703013768196], [65,66,-0.712092789713], [66,66,2.000000000000], [67,66,0.707911146412], [68,66,-0.005512779937], [69,66,0.703926884241], [84,66,0.703748284106], [85,66,0.709544817779], [86,66,0.002486230440], [25,67,-0.999990266500], [45,67,-0.705006830688], [50,67,-0.999950121331], [52,67,0.999987425023], [61,67,-0.001281867331], [64,67,0.707189365502], [65,67,-0.008214477205], [66,67,0.707911146412], [67,67,2.000000000000], [68,67,0.702388208958], [69,67,0.999984178638], [72,67,0.710678198278], [84,67,0.003600223570], [87,67,0.012731609628], [88,67,0.008943520420], [25,68,-0.705521901363], [45,68,-0.999993208132], [50,68,-0.709462385317], [61,68,-0.712693857790], [65,68,0.706000306668], [66,68,-0.005512779937], [67,68,0.702388208958], [68,68,2.000000000000], [69,68,0.706381054904], [73,68,0.702501859654], [77,68,-0.004245394340], [85,68,0.708561166122], [87,68,0.702793850541], [89,68,-0.002369785842], [25,69,-0.999999264257], [45,69,-0.708985046001], [50,69,-0.999990483409], [61,69,-0.006907006827], [65,69,-0.002589372632], [66,69,0.703926884241], [67,69,0.999984178638], [68,69,0.706381054904], [69,69,2.000000000000], [86,69,0.708520122174], [89,69,0.709503747666], [102,69,0.000669563768], [105,69,-0.004075141645], [107,69,-0.708421380586], [29,70,-0.002357672770], [51,70,-0.707315612061], [55,70,0.705895300279], [62,70,-0.999999131872], [65,70,0.999997379398], [70,70,2.000000000000], [71,70,0.999999989255], [72,70,-0.707715771219], [73,70,-0.005765488851], [74,70,0.705452874371], [75,70,-0.000955425600], [76,70,-0.999999956878], [77,70,0.709591135294], [78,70,0.005184770343], [79,70,0.001958260888], [29,71,-0.002504264849], [51,71,-0.707419230398], [55,71,0.705791458844], [62,71,-0.999999314288], [70,71,0.999999989255], [71,71,2.000000000000], [72,71,-0.707612196405], [73,71,-0.005618898714], [74,71,0.705556765236], [75,71,-0.000808833144], [76,71,0.999999989184], [80,71,0.707948697364], [81,71,-0.703655099425], [29,72,-0.704826740434], [51,72,0.001156988082], [52,72,0.707141152704], [55,72,-0.999996688701], [62,72,0.706784226346], [64,72,0.005180363570], [67,72,0.710678198278], [70,72,-0.707715771219], [71,72,-0.707612196405], [72,72,2.000000000000], [73,72,0.710565851217], [74,72,0.001474636749], [75,72,0.707173113521], [84,72,-0.700954074197], [87,72,0.712508291130], [88,72,0.709845062425], [29,73,-0.999967007027], [51,73,-0.702808119299], [55,73,-0.712374248886], [62,73,0.004447835419], [68,73,0.702501859654], [70,73,-0.005765488851], [71,73,-0.005618898714], [72,73,0.710565851217], [73,73,2.000000000000], [74,73,0.704677767943], [75,73,0.999988431515], [77,73,0.708693096401], [85,73,-0.004432373064], [87,73,-0.012571941883], [89,73,-0.713344687900], [29,74,-0.710418085742], [51,74,-0.999996537275], [55,74,-0.004048067875], [62,74,-0.706386169791], [70,74,0.705452874371], [71,74,0.705556765236], [72,74,0.001474636749], [73,74,0.704677767943], [74,74,2.000000000000], [75,74,0.708082497342], [78,74,0.705089691017], [80,74,0.000998298637], [88,74,0.703310325163], [90,74,-0.003964280052], [91,74,-0.709629424155], [29,75,-0.999994511687], [51,75,-0.706221778535], [55,75,-0.708990297171], [62,75,-0.000362244956], [70,75,-0.000955425600], [71,75,-0.000808833144], [72,75,0.707173113521], [73,75,0.999988431515], [74,75,0.708082497342], [75,75,2.000000000000], [90,75,0.708931205508], [108,75,-0.008133628787], [109,75,-0.707495622854], [110,75,-0.999982982258], [111,75,-0.709479137653], [65,76,-0.999996663950], [70,76,-0.999999956878], [71,76,0.999999989184], [76,76,2.000000000000], [77,76,-0.709384178409], [78,76,-0.004891100674], [79,76,-0.001664587974], [80,76,0.707844811793], [81,76,-0.703759598914], [65,77,0.711202394503], [68,77,-0.004245394340], [70,77,0.709591135294], [73,77,0.708693096401], [76,77,-0.709384178409], [77,77,2.000000000000], [78,77,0.708283264055], [79,77,0.706001881246], [85,77,-0.708651161129], [87,77,-0.714370790672], [89,77,-0.999978119676], [65,78,0.007474092256], [70,78,0.005184770343], [74,78,0.705089691017], [76,78,-0.004891100674], [77,78,0.708283264055], [78,78,2.000000000000], [79,78,0.999994794752], [80,78,0.709821670480], [88,78,-0.008203139902], [90,78,-0.711907734652], [91,78,-0.999979375862], [65,79,0.004247617638], [70,79,0.001958260888], [76,79,-0.001664587974], [77,79,0.706001881246], [78,79,0.999994794752], [79,79,2.000000000000], [91,79,0.999994892919], [93,79,0.706513740552], [108,79,0.007130821642], [112,79,0.001396115615], [113,79,-0.706833721900], [71,80,0.707948697364], [74,80,0.000998298637], [76,80,0.707844811793], [78,80,0.709821670480], [80,80,2.000000000000], [81,80,0.003678210514], [88,80,-0.710180494631], [90,80,-0.999995601450], [91,80,-0.705283177266], [71,81,-0.703655099425], [76,81,-0.703759598914], [80,81,0.003678210514], [81,81,2.000000000000], [92,81,0.706672368041], [97,81,-0.003001590749], [98,81,-0.713261420776], [38,82,-0.999999659401], [56,82,-0.999999221703], [82,82,2.000000000000], [95,82,0.709150129010], [98,82,0.999992252270], [112,82,0.000351845362], [114,82,0.001561597606], [117,82,-0.999999921702], [58,83,-0.999906744150], [60,83,0.999976520471], [83,83,2.000000000000], [99,83,-0.702966389425], [100,83,-0.999980334803], [46,84,-0.008865135893], [52,84,0.008615102987], [63,84,-0.010509999956], [64,84,0.709565644946], [66,84,0.703748284106], [67,84,0.003600223570], [72,84,-0.700954074197], [84,84,2.000000000000], [85,84,0.999966443303], [86,84,0.712196886508], [87,84,-0.999866632832], [88,84,-0.999921326682], [46,85,-0.000672952517], [63,85,-0.002317891931], [66,85,0.709544817779], [68,85,0.708561166122], [73,85,-0.004432373064], [77,85,-0.708651161129], [84,85,0.999966443303], [85,85,2.000000000000], [86,85,0.706422223391], [87,85,0.999966871315], [89,85,0.703968279039], [46,86,-0.708265905241], [63,86,-0.709426185917], [66,86,0.002486230440], [69,86,0.708520122174], [84,86,0.712196886508], [85,86,0.706422223391], [86,86,2.000000000000], [89,86,0.005396336727], [102,86,0.706164850814], [105,86,0.702797430093], [107,86,-0.003861616035], [52,87,0.007716898801], [64,87,-0.697963223820], [67,87,0.012731609628], [68,87,0.702793850541], [72,87,0.712508291130], [73,87,-0.012571941883], [77,87,-0.714370790672], [84,87,-0.999866632832], [85,87,0.999966871315], [87,87,2.000000000000], [88,87,0.999992824347], [89,87,0.709726096049], [52,88,0.003928651333], [64,88,-0.700671147913], [67,88,0.008943520420], [72,88,0.709845062425], [74,88,0.703310325163], [78,88,-0.008203139902], [80,88,-0.710180494631], [84,88,-0.999921326682], [87,88,0.999992824347], [88,88,2.000000000000], [90,88,0.708089257543], [91,88,0.001780737874], [68,89,-0.002369785842], [69,89,0.709503747666], [73,89,-0.713344687900], [77,89,-0.999978119676], [85,89,0.703968279039], [86,89,0.005396336727], [87,89,0.709726096049], [89,89,2.000000000000], [102,89,-0.704226445765], [105,89,-0.707587138565], [107,89,-0.999998822291], [74,90,-0.003964280052], [75,90,0.708931205508], [78,90,-0.711907734652], [80,90,-0.999995601450], [88,90,0.708089257543], [90,90,2.000000000000], [91,90,0.707382739637], [108,90,0.699488124637], [109,90,-0.999997932624], [110,90,-0.713033709029], [111,90,-0.005944102704], [74,91,-0.709629424155], [78,91,-0.999979375862], [79,91,0.999994892919], [80,91,-0.705283177266], [88,91,0.001780737874], [90,91,0.707382739637], [91,91,2.000000000000], [93,91,0.704248356272], [108,91,0.010326660186], [112,91,-0.001799844618], [113,91,-0.704569357381], [81,92,0.706672368041], [92,92,2.000000000000], [93,92,-0.705970674715], [94,92,-0.003390169935], [95,92,0.708023857192], [96,92,-0.000277060069], [97,92,0.705416599051], [98,92,-0.008128045896], [79,93,0.706513740552], [91,93,0.704248356272], [92,93,-0.705970674715], [93,93,2.000000000000], [94,93,0.710630355754], [95,93,0.000307625386], [96,93,0.708436634306], [108,93,-0.702643308396], [112,93,0.708685010025], [113,93,-0.999999897737], [92,94,-0.003390169935], [93,94,0.710630355754], [94,94,2.000000000000], [95,94,0.703784134835], [96,94,0.999995154257], [97,94,0.711180341904], [114,94,0.006020247265], [115,94,-0.701528513911], [116,94,-0.999948892418], [82,95,0.709150129010], [92,95,0.708023857192], [93,95,0.000307625386], [94,95,0.703784134835], [95,95,2.000000000000], [96,95,0.705992321999], [98,95,0.711920037045], [112,95,0.705306979044], [114,95,0.706164058973], [117,95,-0.708871065913], [92,96,-0.000277060069], [93,96,0.708436634306], [94,96,0.999995154257], [95,96,0.705992321999], [96,96,2.000000000000], [125,96,-0.005468799236], [129,96,-0.710422952465], [130,96,-0.999941042833], [131,96,-0.701689843659], [81,97,-0.003001590749], [92,97,0.705416599051], [94,97,0.711180341904], [97,97,2.000000000000], [98,97,0.703035860810], [114,97,0.707278358454], [115,97,0.002080458867], [116,97,-0.704036552246], [81,98,-0.713261420776], [82,98,0.999992252270], [92,98,-0.008128045896], [95,98,0.711920037045], [97,98,0.703035860810], [98,98,2.000000000000], [112,98,0.004288262179], [114,98,0.005498000494], [117,98,-0.999990616239], [60,99,-0.707823631014], [83,99,-0.702966389425], [99,99,2.000000000000], [100,99,0.707412904208], [103,99,0.709521689601], [118,99,0.708427617387], [60,100,-0.999999831059], [83,100,-0.999980334803], [99,100,0.707412904208], [100,100,2.000000000000], [119,100,0.999999603480], [101,101,2.000000000000], [102,101,0.999988887734], [103,101,0.007364656855], [104,101,0.710772464320], [105,101,-0.999955263886], [106,101,-0.004511197847], [69,102,0.000669563768], [86,102,0.706164850814], [89,102,-0.704226445765], [101,102,0.999988887734], [102,102,2.000000000000], [103,102,0.002650425711], [104,102,0.707448439783], [105,102,0.999988743853], [107,102,0.705315241730], [99,103,0.709521689601], [101,103,0.007364656855], [102,103,0.002650425711], [103,103,2.000000000000], [104,103,0.708637514533], [118,103,0.005290723456], [101,104,0.710772464320], [102,104,0.707448439783], [103,104,0.708637514533], [104,104,2.000000000000], [106,104,0.706621273187], [107,104,0.002047124130], [69,105,-0.004075141645], [86,105,0.702797430093], [89,105,-0.707587138565], [101,105,-0.999955263886], [102,105,0.999988743853], [105,105,2.000000000000], [106,105,-0.004947778024], [107,105,0.708670790226], [101,106,-0.004511197847], [104,106,0.706621273187], [105,106,-0.004947778024], [106,106,2.000000000000], [107,106,0.709037014857], [69,107,-0.708421380586], [86,107,-0.003861616035], [89,107,-0.999998822291], [102,107,0.705315241730], [104,107,0.002047124130], [105,107,0.708670790226], [106,107,0.709037014857], [107,107,2.000000000000], [75,108,-0.008133628787], [79,108,0.007130821642], [90,108,0.699488124637], [91,108,0.010326660186], [93,108,-0.702643308396], [108,108,2.000000000000], [109,108,-0.700939841645], [110,108,0.002299714269], [111,108,0.710473767221], [112,108,-0.999963645372], [113,108,0.702321444997], [75,109,-0.707495622854], [90,109,-0.999997932624], [108,109,-0.700939841645], [109,109,2.000000000000], [110,109,0.711606552235], [111,109,0.003910718569], [120,109,0.701230679239], [121,109,0.704191404166], [1