{
"N": {
"shape": [192, 143],
"data": [[0,0,-0.001556863488], [1,0,-0.999998788087], [6,0,0.001556863488], [7,0,0.999998788087], [0,1,-0.999986508566], [1,1,0.005194486098], [24,1,0.999986508566], [25,1,-0.005194486098], [3,2,0.002965924156], [4,2,-0.999995601637], [6,2,-0.002965924156], [7,2,0.999995601637], [3,3,0.000718499963], [4,3,-0.999999741879], [9,3,-0.000718499963], [10,3,0.999999741879], [3,4,-0.703833178715], [4,4,0.710365297956], [24,4,0.703833178715], [25,4,-0.710365297956], [3,5,-0.999997803249], [4,5,0.002096066913], [27,5,0.999997803249], [28,5,-0.002096066913], [3,6,-0.707328108184], [4,6,-0.706885384892], [30,6,0.707328108184], [31,6,0.706885384892], [3,7,-0.999999591322], [4,7,0.000904077112], [51,7,0.999999591322], [52,7,-0.000904077112], [6,8,-0.001536858451], [7,8,-0.999998819032], [9,8,0.001536858451], [10,8,0.999998819032], [6,9,-0.704166883274], [7,9,0.710034506556], [27,9,0.704166883274], [28,9,-0.710034506556], [6,10,-0.999961265502], [7,10,0.008801562150], [30,10,0.999961265502], [31,10,-0.008801562150], [6,11,-0.709356788476], [7,11,-0.704849591504], [33,11,0.709356788476], [34,11,0.704849591504], [6,12,-0.999994731147], [7,12,0.003246179087], [54,12,0.999994731147], [55,12,-0.003246179087], [12,13,-0.003632103590], [13,13,-0.999993403890], [18,13,0.003632103590], [19,13,0.999993403890], [12,14,-0.709424198387], [13,14,-0.704781744048], [39,14,0.709424198387], [40,14,0.704781744048], [15,15,-0.004730562985], [16,15,-0.999988810824], [18,15,0.004730562985], [19,15,0.999988810824], [15,16,-0.999985928725], [16,16,-0.005304936550], [39,16,0.999985928725], [40,16,0.005304936550], [15,17,-0.707838627723], [16,17,-0.706374176413], [42,17,0.707838627723], [43,17,0.706374176413], [15,18,-0.999999060277], [16,18,-0.001370928371], [63,18,0.999999060277], [64,18,0.001370928371], [18,19,-0.710914983228], [19,19,0.703277958293], [39,19,0.710914983228], [40,19,-0.703277958293], [24,20,0.001324601548], [25,20,-0.999999122715], [27,20,-0.001324601548], [28,20,0.999999122715], [24,21,0.000145102559], [25,21,-0.999999989473], [30,21,-0.000145102559], [31,21,0.999999989473], [24,22,-0.999992678524], [25,22,-0.003826603968], [48,22,0.999992678524], [49,22,0.003826603968], [24,23,-0.707039093092], [25,23,-0.707174462803], [51,23,0.707039093092], [52,23,0.707174462803], [27,24,-0.001041479110], [28,24,-0.999999457660], [30,24,0.001041479110], [31,24,0.999999457660], [27,25,-0.000325702630], [28,25,-0.999999946959], [33,25,0.000325702630], [34,25,0.999999946959], [27,26,-0.709429100714], [28,26,-0.704776809395], [54,26,0.709429100714], [55,26,0.704776809395], [27,27,-0.999999639792], [28,27,0.000848773050], [75,27,0.999999639792], [76,27,-0.000848773050], [30,28,-0.999999666682], [31,28,-0.000816477708], [78,28,0.999999666682], [79,28,0.000816477708], [33,29,-0.004154297813], [34,29,-0.999991370868], [36,29,0.004154297813], [37,29,0.999991370868], [33,30,-0.709552669979], [34,30,0.704652402626], [54,30,0.709552669979], [55,30,-0.704652402626], [33,31,-0.707026704063], [34,31,-0.707186849243], [60,31,0.707026704063], [61,31,0.707186849243], [36,32,0.000439761923], [37,32,-0.999999903305], [42,32,-0.000439761923], [43,32,0.999999903305], [36,33,-0.999991404811], [37,33,0.004146119047], [60,33,0.999991404811], [61,33,-0.004146119047], [39,34,0.002298214349], [40,34,-0.999997359102], [42,34,-0.002298214349], [43,34,0.999997359102], [39,35,-0.999999994769], [40,35,0.000102283006], [87,35,0.999999994769], [88,35,-0.000102283006], [42,36,-0.706922196446], [43,36,0.707291317756], [63,36,0.706922196446], [64,36,-0.707291317756], [42,37,-0.999999836130], [43,37,-0.000572485611], [90,37,0.999999836130], [91,37,0.000572485611], [51,38,-0.001483186581], [52,38,-0.999998900078], [54,38,0.001483186581], [55,38,0.999998900078], [51,39,-0.708157520050], [52,39,0.706054478633], [72,39,0.708157520050], [73,39,-0.706054478633], [51,40,-0.999998043588], [52,40,0.001978084826], [75,40,0.999998043588], [76,40,-0.001978084826], [51,41,-0.708035341012], [52,41,-0.706177000389], [78,41,0.708035341012], [79,41,0.706177000389], [54,42,0.000328137194], [55,42,-0.999999946163], [60,42,-0.000328137194], [61,42,0.999999946163], [54,43,-0.706413709976], [55,43,0.707799173748], [75,43,0.706413709976], [76,43,-0.707799173748], [54,44,-0.999999789169], [55,44,0.000649355485], [78,44,0.999999789169], [79,44,-0.000649355485], [54,45,-0.999998791261], [55,45,0.001554823947], [102,45,0.999998791261], [103,45,-0.001554823947], [57,46,0.002782648204], [58,46,-0.999996128427], [60,46,-0.002782648204], [61,46,0.999996128427], [57,47,-0.705739554598], [58,47,0.708471369271], [78,47,0.705739554598], [79,47,-0.708471369271], [57,48,-0.706377127830], [58,48,-0.707835682400], [84,48,0.706377127830], [85,48,0.707835682400], [57,49,-0.999998608887], [58,49,-0.001667999739], [105,49,0.999998608887], [106,49,0.001667999739], [63,50,0.001075925733], [64,50,-0.999999421192], [69,50,-0.001075925733], [70,50,0.999999421192], [63,51,-0.999997153195], [64,51,-0.002386127008], [87,51,0.999997153195], [88,51,0.002386127008], [63,52,-0.707067634074], [64,52,-0.707145926132], [90,52,0.707067634074], [91,52,0.707145926132], [66,53,0.002458710920], [67,53,-0.999996977366], [69,53,-0.002458710920], [70,53,0.999996977366], [66,54,-0.710068966753], [67,54,0.704132134229], [87,54,0.710068966753], [88,54,-0.704132134229], [66,55,-0.999984368868], [67,55,-0.005591244943], [90,55,0.999984368868], [91,55,0.005591244943], [66,56,-0.999999448957], [67,56,-0.001049802738], [114,56,0.999999448957], [115,56,0.001049802738], [69,57,-0.708800374527], [70,57,0.705409121766], [90,57,0.708800374527], [91,57,-0.705409121766], [69,58,-0.999999994754], [70,58,-0.000102426700], [93,58,0.999999994754], [94,58,0.000102426700], [69,59,-0.999999433009], [70,59,-0.001064885616], [117,59,0.999999433009], [118,59,0.001064885616], [72,60,-0.999995649816], [73,60,0.002949635245], [96,60,0.999995649816], [97,60,-0.002949635245], [72,61,-0.705475279813], [73,61,-0.708734526866], [99,61,0.705475279813], [100,61,0.708734526866], [75,62,-0.002161171712], [76,62,-0.999997664666], [81,62,0.002161171712], [82,62,0.999997664666], [75,63,-0.707540779600], [76,63,-0.706672516236], [102,63,0.707540779600], [103,63,0.706672516236], [78,64,-0.003843472408], [79,64,-0.999992613833], [81,64,0.003843472408], [82,64,0.999992613833], [78,65,-0.000804855870], [79,65,-0.999999676103], [84,65,0.000804855870], [85,65,0.999999676103], [81,66,0.001607618952], [82,66,-0.999998707780], [87,66,-0.001607618952], [88,66,0.999998707780], [81,67,-0.703785598107], [82,67,0.710412437882], [102,67,0.703785598107], [103,67,-0.710412437882], [81,68,-0.999995842569], [82,68,-0.002883547221], [105,68,0.999995842569], [106,68,0.002883547221], [81,69,-0.704176132232], [82,69,-0.710025333910], [108,69,0.704176132232], [109,69,0.710025333910], [81,70,-0.999999319384], [82,70,0.001166718538], [129,70,0.999999319384], [130,70,-0.001166718538], [84,71,0.000982587866], [85,71,-0.999999517260], [87,71,-0.000982587866], [88,71,0.999999517260], [84,72,-0.999999996602], [85,72,0.000082442553], [108,72,0.999999996602], [109,72,-0.000082442553], [84,73,-0.703239308650], [85,73,-0.710953215598], [111,73,0.703239308650], [112,73,0.710953215598], [84,74,-0.999999067875], [85,74,-0.001365375159], [132,74,0.999999067875], [133,74,0.001365375159], [87,75,-0.999999718435], [88,75,0.000750420495], [135,75,0.999999718435], [136,75,-0.000750420495], [93,76,-0.703513794464], [94,76,0.710681603110], [114,76,0.703513794464], [115,76,-0.710681603110], [93,77,-0.999997930251], [94,77,-0.002034574352], [117,77,0.999997930251], [118,77,0.002034574352], [93,78,-0.999999843942], [94,78,-0.000558673133], [141,78,0.999999843942], [142,78,0.000558673133], [96,79,0.009056697651], [97,79,-0.999958987273], [99,79,-0.009056697651], [100,79,0.999958987273], [96,80,0.003073147495], [97,80,-0.999995277871], [102,80,-0.003073147495], [103,80,0.999995277871], [99,81,-0.708941347423], [100,81,0.705267442829], [120,81,0.708941347423], [121,81,-0.705267442829], [99,82,-0.999988944026], [100,82,-0.004702321291], [123,82,0.999988944026], [124,82,0.004702321291], [99,83,-0.708208729431], [100,83,-0.706003112994], [126,83,0.708208729431], [127,83,0.706003112994], [99,84,-0.999999141063], [100,84,-0.001310676678], [147,84,0.999999141063], [148,84,0.001310676678], [102,85,-0.003965446441], [103,85,-0.999992137586], [105,85,0.003965446441], [106,85,0.999992137586], [102,86,-0.999954809222], [103,86,-0.009506814027], [126,86,0.999954809222], [127,86,0.009506814027], [102,87,-0.706733088209], [103,87,-0.707480276778], [129,87,0.706733088209], [130,87,0.707480276778], [105,88,-0.709137664391], [106,88,0.705070048252], [126,88,0.709137664391], [127,88,-0.705070048252], [105,89,-0.999986349185], [106,89,0.005225078271], [129,89,0.999986349185], [130,89,-0.005225078271], [105,90,-0.707844933000], [106,90,-0.706367858007], [132,90,0.707844933000], [133,90,0.706367858007], [105,91,-0.999999835870], [106,91,0.000572939751], [153,91,0.999999835870], [154,91,-0.000572939751], [108,92,-0.002102770631], [109,92,-0.999997789175], [111,92,0.002102770631], [112,92,0.999997789175], [108,93,-0.999996101462], [109,93,-0.002792321784], [132,93,0.999996101462], [133,93,0.002792321784], [108,94,-0.706489005560], [109,94,-0.707724017555], [135,94,0.706489005560], [136,94,0.707724017555], [108,95,-0.999995425435], [109,95,-0.003024749334], [156,95,0.999995425435], [157,95,0.003024749334], [111,96,-0.999999146574], [112,96,0.001306464857], [135,96,0.999999146574], [136,96,-0.001306464857], [114,97,-0.007197533837], [115,97,-0.999974097418], [117,97,0.007197533837], [118,97,0.999974097418], [114,98,-0.706670468430], [115,98,-0.707542824887], [141,98,0.706670468430], [142,98,0.707542824887], [117,99,-0.705930945988], [118,99,0.708280664353], [138,99,0.705930945988], [139,99,-0.708280664353], [120,100,-0.000983435762], [121,100,-0.999999516427], [123,100,0.000983435762], [124,100,0.999999516427], [120,101,-0.004453424847], [121,101,-0.999990083454], [126,101,0.004453424847], [127,101,0.999990083454], [120,102,-0.999999997454], [121,102,-0.000071353528], [144,102,0.999999997454], [145,102,0.000071353528], [120,103,-0.999992934813], [121,103,0.003759032304], [168,103,0.999992934813], [169,103,-0.003759032304], [123,104,-0.000750950134], [124,104,-0.999999718037], [129,104,0.000750950134], [130,104,0.999999718037], [123,105,-0.710048563070], [124,105,0.704152709348], [144,105,0.710048563070], [145,105,-0.704152709348], [123,106,-0.999997816320], [124,106,0.002089821851], [147,106,0.999997816320], [148,106,-0.002089821851], [123,107,-0.709708283548], [124,107,-0.704495672282], [150,107,0.709708283548], [151,107,0.704495672282], [123,108,-0.999996510535], [124,108,0.002641764197], [171,108,0.999996510535], [172,108,-0.002641764197], [126,109,0.006488549211], [127,109,-0.999978949143], [129,109,-0.006488549211], [130,109,0.999978949143], [126,110,0.000333948079], [127,110,-0.999999944239], [132,110,-0.000333948079], [133,110,0.999999944239], [126,111,-0.706833068855], [127,111,-0.707380387608], [153,111,0.706833068855], [154,111,0.707380387608], [129,112,-0.005738613793], [130,112,-0.999983534020], [132,112,0.005738613793], [133,112,0.999983534020], [129,113,-0.711836251488], [130,113,0.702345464190], [150,113,0.711836251488], [151,113,-0.702345464190], [129,114,-0.999991778196], [130,114,-0.004055063530], [153,114,0.999991778196], [154,114,0.004055063530], [132,115,-0.705196752366], [133,115,0.709011664539], [153,115,0.705196752366], [154,115,-0.709011664539], [132,116,-0.999994683985], [133,116,-0.003260675169], [156,116,0.999994683985], [157,116,0.003260675169], [135,117,0.001492643037], [136,117,-0.999998886008], [141,117,-0.001492643037], [142,117,0.999998886008], [135,118,-0.706499717001], [136,118,0.707713324643], [156,118,0.706499717001], [157,118,-0.707713324643], [138,119,0.008358003097], [139,119,-0.999965071282], [141,119,-0.008358003097], [142,119,0.999965071282], [141,120,-0.707875059018], [142,120,0.706337667706], [162,120,0.707875059018], [163,120,-0.706337667706], [141,121,-0.999999964828], [142,121,0.000265225577], [165,121,0.999999964828], [166,121,-0.000265225577], [144,122,0.000307885490], [145,122,-0.999999952603], [150,122,-0.000307885490], [151,122,0.999999952603], [144,123,-0.999970838996], [145,123,0.007636829004], [168,123,0.999970838996], [169,123,-0.007636829004], [144,124,-0.706101368315], [145,124,-0.708110766521], [171,124,0.706101368315], [172,124,0.708110766521], [147,125,-0.008798613802], [148,125,-0.999961291448], [150,125,0.008798613802], [151,125,0.999961291448], [147,126,-0.001938227707], [148,126,-0.999998121635], [153,126,0.001938227707], [154,126,0.999998121635], [147,127,-0.999994904325], [148,127,0.003192385237], [171,127,0.999994904325], [172,127,-0.003192385237], [147,128,-0.705862705325], [148,128,-0.708348672075], [174,128,0.705862705325], [175,128,0.708348672075], [150,129,-0.702444905348], [151,129,0.711738122451], [171,129,0.702444905348], [172,129,-0.711738122451], [150,130,-0.999999027121], [151,130,-0.001394904019], [174,130,0.999999027121], [175,130,0.001394904019], [153,131,-0.001753979227], [154,131,-0.999998461777], [159,131,0.001753979227], [160,131,0.999998461777], [153,132,-0.707428485789], [154,132,0.706784930155], [174,132,0.707428485789], [175,132,-0.706784930155], [156,133,-0.005632825371], [157,133,-0.999984135513], [159,133,0.005632825371], [160,133,0.999984135513], [156,134,-0.002026625584], [157,134,-0.999997946392], [162,134,0.002026625584], [163,134,0.999997946392], [156,135,-0.710432196815], [157,135,-0.703765652564], [183,135,0.710432196815], [184,135,0.703765652564], [159,136,-0.704941491101], [160,136,0.709265460969], [180,136,0.704941491101], [181,136,-0.709265460969], [162,137,-0.999985826931], [163,137,-0.005324090259], [186,137,0.999985826931], [187,137,0.005324090259], [165,138,-0.710044308627], [166,138,0.704156999388], [186,138,0.710044308627], [187,138,-0.704156999388], [165,139,-0.999998834559], [166,139,0.001526722013], [189,139,0.999998834559], [190,139,-0.001526722013], [171,140,0.001019154221], [172,140,-0.999999480662], [174,140,-0.001019154221], [175,140,0.999999480662], [177,141,0.000473915209], [178,141,-0.999999887702], [183,141,-0.000473915209], [184,141,0.999999887702], [180,142,-0.000097544384], [181,142,-0.999999995243], [183,142,0.000097544384], [184,142,0.999999995243], ]
},
"Q": {
"shape": [143, 143],
"data": [[0,0,2.000000000000], [1,0,-0.003637637319], [2,0,0.999989772191], [8,0,-0.999999999800], [9,0,0.708937354346], [10,0,0.007244748300], [11,0,-0.705953108972], [12,0,0.001689319868], [0,1,-0.003637637319], [1,1,2.000000000000], [4,1,0.707513665661], [20,1,0.006519065218], [21,1,0.005339586645], [22,1,-0.999959309948], [23,1,-0.703356146205], [0,2,0.999989772191], [2,2,2.000000000000], [3,2,0.999997474534], [4,2,-0.712449689338], [5,2,-0.005061975335], [6,2,0.704784394231], [7,2,-0.003869996080], [8,2,-0.999989862469], [9,2,0.712119889136], [10,2,0.011767332711], [11,2,-0.702742592885], [12,2,0.006212073339], [2,3,0.999997474534], [3,3,2.000000000000], [4,3,-0.710870818708], [5,3,-0.002814564756], [6,3,0.706376987210], [7,3,-0.001622576548], [8,3,0.999997456679], [1,4,0.707513665661], [2,4,-0.712449689338], [3,4,-0.710870818708], [4,4,2.000000000000], [5,4,0.705320605766], [6,4,-0.004305856282], [7,4,0.704475116081], [20,4,0.711296973281], [21,4,0.710467418473], [22,4,-0.701109738950], [23,4,0.004714625609], [2,5,-0.005061975335], [3,5,-0.002814564756], [4,5,0.705320605766], [5,5,2.000000000000], [6,5,0.705844875294], [7,5,0.999999289579], [9,5,0.705653616231], [20,5,-0.003420663712], [24,5,0.001054588954], [25,5,0.001770364888], [26,5,-0.707950282924], [27,5,-0.999999222127], [2,6,0.704784394231], [3,6,0.706376987210], [4,6,-0.004305856282], [5,6,0.705844875294], [6,6,2.000000000000], [7,6,0.706688740217], [10,6,0.701079014536], [21,6,0.706782742331], [24,6,0.707621668968], [28,6,-0.707905028577], [2,7,-0.003869996080], [3,7,-0.001622576548], [4,7,0.704475116081], [5,7,0.999999289579], [6,7,0.706688740217], [7,7,2.000000000000], [23,7,0.706399463894], [38,7,-0.000579109857], [39,7,-0.708795558335], [40,7,-0.999999423253], [41,7,-0.707396613190], [0,8,-0.999999999800], [2,8,-0.999989862469], [3,8,0.999997456679], [8,8,2.000000000000], [9,8,-0.708951463203], [10,8,-0.007264752835], [11,8,0.705938940074], [12,8,-0.001709324900], [0,9,0.708937354346], [2,9,0.712119889136], [5,9,0.705653616231], [8,9,-0.708951463203], [9,9,2.000000000000], [10,9,0.710389020561], [11,9,-0.000961973030], [12,9,0.706468072288], [20,9,-0.710966624197], [24,9,0.709300746378], [25,9,0.709805119890], [26,9,0.000859375337], [27,9,-0.704769287781], [0,10,0.007244748300], [2,10,0.011767332711], [6,10,0.701079014536], [8,10,-0.007264752835], [9,10,0.710389020561], [10,10,2.000000000000], [11,10,0.703125534410], [12,10,0.999984568300], [21,10,-0.008946658996], [24,10,-0.007760118608], [28,10,-0.999953745917], [0,11,-0.705953108972], [2,11,-0.702742592885], [8,11,0.705938940074], [9,11,-0.000961973030], [10,11,0.703125534410], [11,11,2.000000000000], [12,11,0.707064982975], [25,11,0.705080593489], [29,11,-0.707790388619], [30,11,-0.006652045087], [31,11,-0.999994553966], [0,12,0.001689319868], [2,12,0.006212073339], [8,12,-0.001709324900], [9,12,0.706468072288], [10,12,0.999984568300], [11,12,0.707064982975], [12,12,2.000000000000], [26,12,0.707137531096], [30,12,0.711836359343], [38,12,-0.001762996751], [42,12,0.003574314378], [43,12,-0.708707630862], [44,12,-0.999996628241], [45,12,-0.999998569651], [13,13,2.000000000000], [14,13,0.707353797407], [15,13,0.999999396683], [19,13,0.700691202532], [13,14,0.707353797407], [14,14,2.000000000000], [16,14,0.713153038317], [19,14,0.008682826102], [34,14,-0.703149473919], [35,14,-0.709352107480], [13,15,0.999999396683], [15,15,2.000000000000], [16,15,0.010035373611], [17,15,0.709714747880], [18,15,0.006101471571], [19,15,0.699907061088], [14,16,0.713153038317], [15,16,0.010035373611], [16,16,2.000000000000], [17,16,0.711575937717], [18,16,0.999992261704], [19,16,0.707174134803], [34,16,-0.003006740530], [35,16,-0.999985380889], [15,17,0.709714747880], [16,17,0.711575937717], [17,17,2.000000000000], [18,17,0.708806350950], [32,17,0.706062827634], [34,17,0.704745546060], [36,17,-0.000774515375], [37,17,-0.708242900781], [15,18,0.006101471571], [16,18,0.999992261704], [17,18,0.708806350950], [18,18,2.000000000000], [36,18,0.705951886400], [50,18,-0.000295002856], [51,18,-0.999999484684], [52,18,-0.708036416040], [13,19,0.700691202532], [14,19,0.008682826102], [15,19,0.699907061088], [16,19,0.707174134803], [19,19,2.000000000000], [34,19,0.704909936023], [35,19,-0.710986912894], [1,20,0.006519065218], [4,20,0.711296973281], [5,20,-0.003420663712], [9,20,-0.710966624197], [20,20,2.000000000000], [21,20,0.999999304391], [22,20,0.002502008761], [23,20,0.706237297332], [24,20,-0.999997200831], [25,20,-0.999998638248], [26,20,-0.703836480220], [27,20,0.002173373376], [1,21,0.005339586645], [4,21,0.710467418473], [6,21,0.706782742331], [10,21,-0.008946658996], [20,21,0.999999304391], [21,21,2.000000000000], [22,21,0.003681502431], [23,21,0.707071862176], [24,21,0.999999296012], [28,21,-0.000671375188], [1,22,-0.999959309948], [4,22,-0.701109738950], [20,22,0.002502008761], [21,22,0.003681502431], [22,22,2.000000000000], [23,22,0.709739993128], [1,23,-0.703356146205], [4,23,0.004714625609], [7,23,0.706399463894], [20,23,0.706237297332], [21,23,0.707071862176], [22,23,0.709739993128], [23,23,2.000000000000], [38,23,-0.708222355861], [39,23,-0.001391354106], [40,23,-0.705638858758], [41,23,-0.999999006279], [5,24,0.001054588954], [6,24,0.707621668968], [9,24,0.709300746378], [10,24,-0.007760118608], [20,24,-0.999997200831], [21,24,0.999999296012], [24,24,2.000000000000], [25,24,0.999999743832], [26,24,0.705515282754], [27,24,0.000192706144], [28,24,-0.001857956027], [5,25,0.001770364888], [9,25,0.709805119890], [11,25,0.705080593489], [20,25,-0.999998638248], [24,25,0.999999743832], [25,25,2.000000000000], [26,25,0.705007834936], [27,25,-0.000523070493], [29,25,-0.999992670893], [30,25,0.704421262080], [31,25,-0.707417092190], [5,26,-0.707950282924], [9,26,0.000859375337], [12,26,0.707137531096], [20,26,-0.703836480220], [24,26,0.705515282754], [25,26,0.705007834936], [26,26,2.000000000000], [27,26,0.708830649609], [30,26,0.006754640517], [38,26,0.705828249918], [42,26,-0.704543981377], [43,26,-0.002309999634], [44,26,-0.708971300457], [45,26,-0.708332439338], [5,27,-0.999999222127], [9,27,-0.704769287781], [20,27,0.002173373376], [24,27,0.000192706144], [25,27,-0.000523070493], [26,27,0.708830649609], [27,27,2.000000000000], [40,27,0.999999362326], [43,27,0.707014216384], [62,27,-0.001312399866], [63,27,-0.706940720151], [6,28,-0.707905028577], [10,28,-0.999953745917], [21,28,-0.000671375188], [24,28,-0.001857956027], [28,28,2.000000000000], [41,28,0.708611682789], [44,28,0.999998925667], [47,28,0.705160868283], [64,28,-0.004659942804], [65,28,-0.001621333045], [11,29,-0.707790388619], [25,29,-0.999992670893], [29,29,2.000000000000], [30,29,-0.701698628982], [31,29,0.710117946325], [32,29,-0.999989447271], [33,29,-0.000008178837], [11,30,-0.006652045087], [12,30,0.711836359343], [25,30,0.704421262080], [26,30,0.006754640517], [29,30,-0.701698628982], [30,30,2.000000000000], [31,30,0.003351773189], [38,30,-0.703599228565], [42,30,0.704885195311], [43,30,-0.999990122381], [44,30,-0.710010090285], [45,30,-0.710647422744], [11,31,-0.999994553966], [25,31,-0.707417092190], [29,31,0.710117946325], [30,31,0.003351773189], [31,31,2.000000000000], [33,31,0.704088546170], [42,31,0.706954809412], [46,31,0.705216704729], [17,32,0.706062827634], [29,32,-0.999989447271], [32,32,2.000000000000], [33,32,-0.004585876789], [34,32,0.999998273074], [36,32,0.707602126828], [37,32,-0.000132723705], [29,33,-0.000008178837], [31,33,0.704088546170], [32,33,-0.004585876789], [33,33,2.000000000000], [42,33,-0.004474253197], [46,33,-0.006928727282], [14,34,-0.703149473919], [16,34,-0.003006740530], [17,34,0.704745546060], [19,34,0.704909936023], [32,34,0.999998273074], [34,34,2.000000000000], [35,34,-0.002400497073], [36,34,0.708914108607], [37,34,0.001725729874], [14,35,-0.709352107480], [16,35,-0.999985380889], [19,35,-0.710986912894], [34,35,-0.002400497073], [35,35,2.000000000000], [51,35,0.999996903904], [54,35,0.710140983790], [66,35,-0.001709901817], [71,35,-0.001084870818], [75,35,-0.999999789959], [17,36,-0.000774515375], [18,36,0.705951886400], [32,36,0.707602126828], [34,36,0.708914108607], [36,36,2.000000000000], [37,36,0.706517166500], [50,36,0.708051504152], [51,36,-0.705232497060], [52,36,0.000316369024], [17,37,-0.708242900781], [32,37,-0.000132723705], [34,37,0.001725729874], [36,37,0.706517166500], [37,37,2.000000000000], [52,37,0.707472349075], [55,37,0.999987405908], [57,37,0.708396421804], [7,38,-0.000579109857], [12,38,-0.001762996751], [23,38,-0.708222355861], [26,38,0.705828249918], [30,38,-0.703599228565], [38,38,2.000000000000], [39,38,-0.705003372297], [40,38,-0.000494898971], [41,38,0.707226372166], [42,38,-0.999998359553], [43,38,0.706750651889], [44,38,-0.000833831497], [45,38,0.000071637449], [7,39,-0.708795558335], [23,39,-0.001391354106], [38,39,-0.705003372297], [39,39,2.000000000000], [40,39,0.709552770252], [41,39,0.002801117366], [60,39,-0.710237042609], [61,39,0.000817562247], [7,40,-0.999999423253], [23,40,-0.705638858758], [27,40,0.999999362326], [38,40,-0.000494898971], [39,40,0.709552770252], [40,40,2.000000000000], [41,40,0.706637077794], [43,40,0.707812414745], [62,40,-0.000183087278], [63,40,-0.706141537178], [7,41,-0.707396613190], [23,41,-0.999999006279], [28,41,0.708611682789], [38,41,0.707226372166], [39,41,0.002801117366], [40,41,0.706637077794], [41,41,2.000000000000], [44,41,0.707576631827], [47,41,-0.000617640208], [64,41,-0.708893098744], [65,41,-0.706746638061], [12,42,0.003574314378], [26,42,-0.704543981377], [30,42,0.704885195311], [31,42,0.706954809412], [33,42,-0.004474253197], [38,42,-0.999998359553], [42,42,2.000000000000], [43,42,-0.708030936254], [44,42,-0.000977492575], [45,42,-0.001882960661], [46,42,0.999996987681], [12,43,-0.708707630862], [26,43,-0.002309999634], [27,43,0.707014216384], [30,43,-0.999990122381], [38,43,0.706750651889], [40,43,0.707812414745], [42,43,-0.708030936254], [43,43,2.000000000000], [44,43,0.706873174318], [45,43,0.707513359211], [62,43,0.706270839473], [63,43,0.000365716025], [12,44,-0.999996628241], [26,44,-0.708971300457], [28,44,0.999998925667], [30,44,-0.710010090285], [38,44,-0.000833831497], [41,44,0.707576631827], [42,44,-0.000977492575], [43,44,0.706873174318], [44,44,2.000000000000], [45,44,0.999999590063], [47,44,0.706199455575], [64,44,-0.003194120909], [65,44,-0.000155500426], [12,45,-0.999998569651], [26,45,-0.708332439338], [30,45,-0.710647422744], [38,45,0.000071637449], [42,45,-0.001882960661], [43,45,0.707513359211], [44,45,0.999999590063], [45,45,2.000000000000], [63,45,0.706441173017], [67,45,0.704889313684], [80,45,-0.004627960385], [85,45,-0.002410629925], [86,45,-0.999938819115], [87,45,-0.705632226677], [31,46,0.705216704729], [33,46,-0.006928727282], [42,46,0.999996987681], [46,46,2.000000000000], [47,46,-0.710432451276], [48,46,0.705867342916], [49,46,-0.001114651052], [28,47,0.705160868283], [41,47,-0.000617640208], [44,47,0.706199455575], [46,47,-0.710432451276], [47,47,2.000000000000], [48,47,-0.002963035556], [49,47,0.704556842775], [64,47,0.705753645877], [65,47,0.707903121176], [46,48,0.705867342916], [47,48,-0.002963035556], [48,48,2.000000000000], [49,48,0.707556814914], [65,48,0.708403984912], [71,48,-0.707141263105], [72,48,-0.706318769649], [73,48,-0.999990217539], [74,48,-0.707342930655], [46,49,-0.001114651052], [47,49,0.704556842775], [48,49,0.707556814914], [49,49,2.000000000000], [68,49,0.999999261218], [85,49,0.005633427550], [88,49,-0.707960621244], [89,49,-0.999976242663], [90,49,-0.709022169712], [91,49,-0.999997489094], [18,50,-0.000295002856], [36,50,0.708051504152], [50,50,2.000000000000], [51,50,0.001310202957], [52,50,0.706384764567], [53,50,0.999999043950], [57,50,0.706171330032], [58,50,0.000973499087], [59,50,0.000011040123], [18,51,-0.999999484684], [35,51,0.999996903904], [36,51,-0.705232497060], [50,51,0.001310202957], [51,51,2.000000000000], [52,51,0.708752961183], [54,51,0.708386796623], [66,51,0.000778509549], [71,51,0.001403540787], [75,51,-0.999995081032], [18,52,-0.708036416040], [36,52,0.000316369024], [37,52,0.707472349075], [50,52,0.706384764567], [51,52,0.708752961183], [52,52,2.000000000000], [55,52,0.711010407890], [57,52,0.002342617135], [50,53,0.999999043950], [53,53,2.000000000000], [54,53,-0.705875860217], [55,53,0.003132555555], [56,53,-0.001408910000], [57,53,0.707149724793], [58,53,0.002356284516], [59,53,0.001393827128], [35,54,0.710140983790], [51,54,0.708386796623], [53,54,-0.705875860217], [54,54,2.000000000000], [55,54,0.706120892337], [56,54,0.709329375632], [66,54,-0.705272744663], [71,54,-0.704829499468], [75,54,-0.710597162007], [37,55,0.999987405908], [52,55,0.711010407890], [53,55,0.003132555555], [54,55,0.706120892337], [55,55,2.000000000000], [56,55,0.999989687538], [57,55,0.704845179990], [53,56,-0.001408910000], [54,56,0.709329375632], [55,56,0.999989687538], [56,56,2.000000000000], [76,56,0.702767331305], [97,56,-0.008247305416], [98,56,-0.707412859419], [37,57,0.708396421804], [50,57,0.706171330032], [52,57,0.002342617135], [53,57,0.707149724793], [55,57,0.704845179990], [57,57,2.000000000000], [58,57,0.708728118080], [59,57,0.708048792616], [50,58,0.000973499087], [53,58,0.002356284516], [57,58,0.708728118080], [58,58,2.000000000000], [59,58,0.999999536836], [76,58,-0.703440998002], [77,58,-0.999998133401], [78,58,-0.999999895920], [50,59,0.000011040123], [53,59,0.001393827128], [57,59,0.708048792616], [58,59,0.999999536836], [59,59,2.000000000000], [77,59,0.999999529851], [97,59,0.008262387789], [99,59,-0.705176307839], [39,60,-0.710237042609], [60,60,2.000000000000], [61,60,0.703381702526], [79,60,0.012006172525], [80,60,0.006022755442], [39,61,0.000817562247], [60,61,0.703381702526], [61,61,2.000000000000], [79,61,0.702316183421], [81,61,-0.000293208037], [82,61,-0.708800177552], [83,61,-0.999992533816], [84,61,-0.706403595669], [27,62,-0.001312399866], [40,62,-0.000183087278], [43,62,0.706270839473], [62,62,2.000000000000], [63,62,0.708199983037], [64,62,0.999998584919], [66,62,-0.999992898108], [67,62,0.708889777305], [68,62,-0.005044703214], [69,62,-0.711545521301], [70,62,-0.000994454428], [27,63,-0.706940720151], [40,63,-0.706141537178], [43,63,0.000365716025], [45,63,0.706441173017], [62,63,0.708199983037], [63,63,2.000000000000], [67,63,-0.004071934287], [80,63,0.704494802063], [85,63,-0.709472675150], [86,63,-0.714227009472], [87,63,-0.999999347579], [28,64,-0.004659942804], [41,64,-0.708893098744], [44,64,-0.003194120909], [47,64,0.705753645877], [62,64,0.999998584919], [64,64,2.000000000000], [65,64,0.999995383380], [66,64,-0.999985142783], [67,64,0.707702210130], [68,64,-0.006726982352], [69,64,-0.712726571079], [70,64,-0.002676759872], [28,65,-0.001621333045], [41,65,-0.706746638061], [44,65,-0.000155500426], [47,65,0.707903121176], [48,65,0.708403984912], [64,65,0.999995383380], [65,65,2.000000000000], [71,65,-0.999998402522], [72,65,-0.000722413341], [73,65,-0.711518991609], [74,65,-0.002170229836], [35,66,-0.001709901817], [51,66,0.000778509549], [54,66,-0.705272744663], [62,66,-0.999992898108], [64,66,-0.999985142783], [66,66,2.000000000000], [67,66,-0.711542938938], [68,66,0.001275931227], [69,66,0.708892369506], [70,66,-0.002774334888], [71,66,0.999999804668], [75,66,0.002358038024], [45,67,0.704889313684], [62,67,0.708889777305], [63,67,-0.004071934287], [64,67,0.707702210130], [66,67,-0.711542938938], [67,67,2.000000000000], [68,67,0.701734164356], [69,67,-0.008821808026], [70,67,0.704613970460], [80,67,-0.712571920170], [85,67,0.707616028230], [86,67,-0.697000034559], [87,67,0.005214218992], [49,68,0.999999261218], [62,68,-0.005044703214], [64,68,-0.006726982352], [66,68,0.001275931227], [67,68,0.701734164356], [68,68,2.000000000000], [69,68,0.706220596247], [70,68,0.999991797668], [85,68,0.006848954505], [88,68,-0.707101613422], [89,68,-0.999967125051], [90,68,-0.709878835258], [91,68,-0.999994026341], [62,69,-0.711545521301], [64,69,-0.712726571079], [66,69,0.708892369506], [67,69,-0.008821808026], [68,69,0.706220596247], [69,69,2.000000000000], [70,69,0.703347253239], [72,69,0.704117593538], [92,69,-0.711504485059], [93,69,-0.706156006181], [94,69,-0.999994677280], [95,69,-0.706320559589], [62,70,-0.000994454428], [64,70,-0.002676759872], [66,70,-0.002774334888], [67,70,0.704613970460], [68,70,0.999991797668], [69,70,0.703347253239], [70,70,2.000000000000], [87,70,0.705907176841], [89,70,0.999991764774], [104,70,-0.000415768586], [109,70,-0.007655238772], [112,70,-0.004571910561], [113,70,-0.712655206473], [114,70,-0.999986366468], [35,71,-0.001084870818], [48,71,-0.707141263105], [51,71,0.001403540787], [54,71,-0.704829499468], [65,71,-0.999998402522], [66,71,0.999999804668], [71,71,2.000000000000], [72,71,-0.001065030376], [73,71,0.710261877982], [74,71,0.000382787549], [75,71,0.001733007722], [48,72,-0.706318769649], [65,72,-0.000722413341], [69,72,0.704117593538], [71,72,-0.001065030376], [72,72,2.000000000000], [73,72,0.703180693462], [74,72,0.999998951912], [92,72,-0.002020328253], [93,72,-0.999995867857], [94,72,-0.706430656584], [95,72,-0.999995172669], [48,73,-0.999990217539], [65,73,-0.711518991609], [71,73,0.710261877982], [72,73,0.703180693462], [73,73,2.000000000000], [74,73,0.704209371002], [92,73,0.712430394770], [96,73,-0.702309873096], [48,74,-0.707342930655], [65,74,-0.002170229836], [71,74,0.000382787549], [72,74,0.999998951912], [73,74,0.704209371002], [74,74,2.000000000000], [90,74,0.708808730327], [93,74,0.999998981907], [110,74,0.001031427315], [112,74,0.007103961121], [115,74,-0.704228028121], [116,74,-0.999998203909], [35,75,-0.999999789959], [51,75,-0.999995081032], [54,75,-0.710597162007], [66,75,0.002358038024], [71,75,0.001733007722], [75,75,2.000000000000], [94,75,0.705957716029], [96,75,0.999999845407], [117,75,0.002243062276], [118,75,-0.707030600658], [56,76,0.702767331305], [58,76,-0.703440998002], [76,76,2.000000000000], [77,76,0.702066403805], [78,76,0.703116645957], [97,76,0.705599630281], [98,76,0.005685246379], [58,77,-0.999998133401], [59,77,0.999999529851], [76,77,0.702066403805], [77,77,2.000000000000], [78,77,0.999998910856], [97,77,0.009232040591], [99,77,-0.704488435214], [58,78,-0.999999895920], [76,78,0.703116645957], [77,78,0.999998910856], [78,78,2.000000000000], [98,78,0.707065643315], [117,78,-0.000933970294], [119,78,-0.007799348174], [120,78,-0.707480336671], [121,78,-0.999999660595], [60,79,0.012006172525], [61,79,0.702316183421], [79,79,2.000000000000], [80,79,0.999982097905], [81,79,0.711659185323], [82,79,0.004354469084], [83,79,-0.699560125545], [84,79,0.007746066948], [45,80,-0.004627960385], [60,80,0.006022755442], [63,80,0.704494802063], [67,80,-0.712571920170], [79,80,0.999982097905], [80,80,2.000000000000], [85,80,-0.999975229093], [86,80,-0.006433760518], [87,80,-0.705305040946], [61,81,-0.000293208037], [79,81,0.711659185323], [81,81,2.000000000000], [82,81,0.705617115274], [83,81,0.004157440769], [84,81,0.708016360898], [100,81,0.704569903506], [101,81,0.702103232000], [102,81,-0.708891022298], [103,81,-0.711587461720], [61,82,-0.708800177552], [79,82,0.004354469084], [81,82,0.705617115274], [82,82,2.000000000000], [83,82,0.711520752963], [84,82,0.999994248321], [100,82,0.005685743906], [104,82,-0.005453261797], [105,82,-0.706729560514], [106,82,-0.999976933356], [107,82,-0.713013202031], [108,82,-0.999973032176], [61,83,-0.999992533816], [79,83,-0.699560125545], [81,83,0.004157440769], [82,83,0.711520752963], [83,83,2.000000000000], [84,83,0.709133462939], [86,83,0.714888565225], [88,83,0.004435835345], [101,83,0.709150066235], [109,83,-0.701393003831], [110,83,-0.705766568682], [111,83,-0.999998105336], [61,84,-0.706403595669], [79,84,0.007746066948], [81,84,0.708016360898], [82,84,0.999994248321], [83,84,0.709133462939], [84,84,2.000000000000], [106,84,0.999994218304], [125,84,-0.010109232187], [126,84,-0.003248900258], [127,84,-0.999989861208], [128,84,-0.706790515118], [45,85,-0.002410629925], [49,85,0.005633427550], [63,85,-0.709472675150], [67,85,0.707616028230], [68,85,0.006848954505], [80,85,-0.999975229093], [85,85,2.000000000000], [86,85,0.013472006520], [87,85,0.710277226485], [88,85,0.702252457272], [89,85,0.001259644880], [90,85,-0.709169225421], [91,85,-0.003392510544], [45,86,-0.999938819115], [63,86,-0.714227009472], [67,86,-0.697000034559], [80,86,-0.006433760518], [83,86,0.714888565225], [85,86,0.013472006520], [86,86,2.000000000000], [87,86,0.713427033810], [88,86,0.702402648084], [101,86,0.013959943345], [109,86,-0.003018357912], [110,86,-0.009172880509], [111,86,-0.713526060310], [45,87,-0.705632226677], [63,87,-0.999999347579], [67,87,0.005214218992], [70,87,0.705907176841], [80,87,-0.705305040946], [85,87,0.710277226485], [86,87,0.713427033810], [87,87,2.000000000000], [89,87,0.703026800905], [104,87,0.708010798602], [109,87,0.702879711290], [112,87,-0.711524295670], [113,87,-0.006182668914], [114,87,-0.709596155057], [49,88,-0.707960621244], [68,88,-0.707101613422], [83,88,0.004435835345], [85,88,0.702252457272], [86,88,0.702402648084], [88,88,2.000000000000], [89,88,0.712812030273], [90,88,0.003920682810], [91,88,0.709541510658], [101,88,-0.701904965098], [109,88,0.709656480556], [110,88,0.705306824097], [111,88,-0.002489227539], [49,89,-0.999976242663], [68,89,-0.999967125051], [70,89,0.999991764774], [85,89,0.001259644880], [87,89,0.703026800905], [88,89,0.712812030273], [89,89,2.000000000000], [90,89,0.704144442994], [91,89,0.999989178713], [104,89,-0.004474136915], [109,89,-0.011713428916], [112,89,-0.000513543221], [113,89,-0.715496344367], [114,89,-0.999956939469], [49,90,-0.709022169712], [68,90,-0.709878835258], [74,90,0.708808730327], [85,90,-0.709169225421], [88,90,0.003920682810], [89,90,0.704144442994], [90,90,2.000000000000], [91,90,0.707440110597], [93,90,0.709814579797], [110,90,0.706131435164], [112,90,0.710418275664], [115,90,0.001653102851], [116,90,-0.710144406221], [49,91,-0.999997489094], [68,91,-0.999994026341], [85,91,-0.003392510544], [88,91,0.709541510658], [89,91,0.999989178713], [90,91,0.707440110597], [91,91,2.000000000000], [111,91,0.706427666500], [114,91,0.999989290760], [115,91,0.705602857589], [126,91,0.001365288715], [131,91,-0.001181040070], [132,91,-0.707833314861], [69,92,-0.711504485059], [72,92,-0.002020328253], [73,92,0.712430394770], [92,92,2.000000000000], [93,92,0.004895078043], [94,92,0.709208037233], [95,92,0.005127503658], [96,92,-0.000796306867], [69,93,-0.706156006181], [72,93,-0.999995867857], [74,93,0.999998981907], [90,93,0.709814579797], [92,93,0.004895078043], [93,93,2.000000000000], [94,93,0.708462444476], [95,93,0.999999972988], [110,93,0.002458374851], [112,93,0.008530867226], [115,93,-0.703214214414], [116,93,-0.999999890322], [69,94,-0.999994677280], [72,94,-0.706430656584], [75,94,0.705957716029], [92,94,0.709208037233], [93,94,0.708462444476], [94,94,2.000000000000], [95,94,0.708626461431], [96,94,0.705563786066], [117,94,-0.706668693260], [118,94,0.001731434901], [69,95,-0.706320559589], [72,95,-0.999995172669], [92,95,0.005127503658], [93,95,0.999999972988], [94,95,0.708626461431], [95,95,2.000000000000], [116,95,0.999999972169], [118,95,0.704355829665], [133,95,-0.008657500951], [134,95,-0.005051359435], [135,95,-0.712557661586], [73,96,-0.702309873096], [75,96,0.999999845407], [92,96,-0.000796306867], [94,96,0.705563786066], [96,96,2.000000000000], [117,96,0.002799105166], [118,96,-0.707423716644], [56,97,-0.008247305416], [59,97,0.008262387789], [76,97,0.705599630281], [77,97,0.009232040591], [97,97,2.000000000000], [98,97,0.712610782308], [99,97,0.703181356185], [56,98,-0.707412859419], [76,98,0.005685246379], [78,98,0.707065643315], [97,98,0.712610782308], [98,98,2.000000000000], [117,98,0.706487229935], [119,98,0.701611757359], [120,98,-0.000470250813], [121,98,-0.706482785121], [59,99,-0.705176307839], [77,99,-0.704488435214], [97,99,0.703181356185], [99,99,2.000000000000], [119,99,0.714156098051], [81,100,0.704569903506], [82,100,0.005685743906], [100,100,2.000000000000], [101,100,0.999993979543], [102,100,0.001054789253], [103,100,-0.002775601672], [104,100,-0.999999972975], [105,100,0.703454081689], [106,100,0.001106387226], [107,100,-0.705193284113], [108,100,0.001658330590], [81,101,0.702103232000], [83,101,0.709150066235], [86,101,0.013959943345], [88,101,-0.701904965098], [100,101,0.999993979543], [101,101,2.000000000000], [102,101,0.004524777657], [103,101,0.000694398356], [109,101,-0.999940136540], [110,101,-0.999988540482], [111,101,-0.710521200790], [81,102,-0.708891022298], [100,102,0.001054789253], [101,102,0.004524777657], [102,102,2.000000000000], [103,102,0.999992664047], [105,102,0.709998317482], [122,102,0.000236531964], [123,102,-0.999970291536], [124,102,-0.706151892720], [81,103,-0.711587461720], [100,103,-0.002775601672], [101,103,0.000694398356], [102,103,0.999992664047], [103,103,2.000000000000], [123,103,0.999992481102], [70,104,-0.000415768586], [82,104,-0.005453261797], [87,104,0.708010798602], [89,104,-0.004474136915], [100,104,-0.999999972975], [104,104,2.000000000000], [105,104,-0.703619299740], [106,104,-0.001338872767], [107,104,0.705028429171], [108,104,-0.001890815939], [109,104,0.999973794609], [112,104,-0.999987561475], [113,104,0.701810712626], [114,104,-0.004806006346], [82,105,-0.706729560514], [100,105,0.703454081689], [102,105,0.709998317482], [104,105,-0.703619299740], [105,105,2.000000000000], [106,105,0.711518566269], [107,105,0.007854810570], [108,105,0.711906290797], [122,105,0.704371289624], [123,105,-0.715405351175], [124,105,-0.002748147189], [82,