{
"N": {
"shape": [192, 147],
"data": [[0,0,0.004445779842], [1,0,-0.999990117472], [3,0,-0.004445779842], [4,0,0.999990117472], [0,1,0.002078953077], [1,1,-0.999997838975], [6,1,-0.002078953077], [7,1,0.999997838975], [0,2,-0.999999619427], [1,2,-0.000872436392], [24,2,0.999999619427], [25,2,0.000872436392], [0,3,-0.707933014104], [1,3,-0.706279581711], [27,3,0.707933014104], [28,3,0.706279581711], [0,4,-0.999999959697], [1,4,0.000283913706], [48,4,0.999999959697], [49,4,-0.000283913706], [3,5,-0.706789677778], [4,5,0.707423742453], [24,5,0.706789677778], [25,5,-0.707423742453], [3,6,-0.999999568646], [4,6,0.000928820322], [27,6,0.999999568646], [28,6,-0.000928820322], [6,7,-0.000725415690], [7,7,-0.999999736886], [9,7,0.000725415690], [10,7,0.999999736886], [12,8,0.002238125167], [13,8,-0.999997495395], [15,8,-0.002238125167], [16,8,0.999997495395], [12,9,-0.709013879699], [13,9,-0.705194525216], [39,9,0.709013879699], [40,9,0.705194525216], [15,10,-0.709007342922], [16,10,0.705201097335], [36,10,0.709007342922], [37,10,-0.705201097335], [15,11,-0.999998157143], [16,11,-0.001919820448], [39,11,0.999998157143], [40,11,0.001919820448], [15,12,-0.706465129852], [16,12,-0.707747850794], [42,12,0.706465129852], [43,12,0.707747850794], [15,13,-0.999992361289], [16,13,-0.003908626826], [63,13,0.999992361289], [64,13,0.003908626826], [18,14,-0.004591959161], [19,14,-0.999989456900], [21,14,0.004591959161], [22,14,0.999989456900], [18,15,-0.999994438506], [19,15,-0.003335109708], [42,15,0.999994438506], [43,15,0.003335109708], [18,16,-0.708837637007], [19,16,-0.705371678168], [45,16,0.708837637007], [46,16,0.705371678168], [18,17,-0.999999916530], [19,17,-0.000408582362], [66,17,0.999999916530], [67,17,0.000408582362], [21,18,-0.706869876182], [22,18,0.707343606846], [42,18,0.706869876182], [43,18,-0.707343606846], [24,19,-0.007626487380], [25,19,-0.999970917922], [27,19,0.007626487380], [28,19,0.999970917922], [24,20,0.000139665645], [25,20,-0.999999990247], [30,20,-0.000139665645], [31,20,0.999999990247], [24,21,-0.999998977002], [25,21,0.001430382665], [48,21,0.999998977002], [49,21,-0.001430382665], [27,22,0.007872270722], [28,22,-0.999969013197], [30,22,-0.007872270722], [31,22,0.999969013197], [27,23,-0.705371072731], [28,23,0.708838239483], [48,23,0.705371072731], [49,23,-0.708838239483], [30,24,-0.002854995381], [31,24,-0.999995924492], [33,24,0.002854995381], [34,24,0.999995924492], [30,25,-0.709708237017], [31,25,0.704495719157], [51,25,0.709708237017], [52,25,-0.704495719157], [30,26,-0.999999848000], [31,26,-0.000551362680], [54,26,0.999999848000], [55,26,0.000551362680], [30,27,-0.999989399395], [31,27,-0.004604464897], [78,27,0.999989399395], [79,27,0.004604464897], [33,28,-0.704851198312], [34,28,0.709355191874], [54,28,0.704851198312], [55,28,-0.709355191874], [33,29,-0.999999999915], [34,29,0.000013023648], [81,29,0.999999999915], [82,29,-0.000013023648], [36,30,0.000320256250], [37,30,-0.999999948718], [39,30,-0.000320256250], [40,30,0.999999948718], [36,31,-0.000326914623], [37,31,-0.999999946563], [42,31,0.000326914623], [43,31,0.999999946563], [36,32,-0.999999973172], [37,32,0.000231637911], [60,32,0.999999973172], [61,32,-0.000231637911], [36,33,-0.704038938886], [37,33,-0.710161370769], [63,33,0.704038938886], [64,33,0.710161370769], [36,34,-0.999999982223], [37,34,-0.000188557718], [84,34,0.999999982223], [85,34,0.000188557718], [39,35,-0.705504964273], [40,35,0.708704977678], [60,35,0.705504964273], [61,35,-0.708704977678], [39,36,-0.999982544377], [40,36,-0.005908548146], [63,36,0.999982544377], [64,36,0.005908548146], [39,37,-0.999999911990], [40,37,-0.000419547045], [87,37,0.999999911990], [88,37,0.000419547045], [42,38,0.000955705501], [43,38,-0.999999543313], [45,38,-0.000955705501], [46,38,0.999999543313], [42,39,-0.999996788561], [43,39,0.002534337578], [66,39,0.999996788561], [67,39,-0.002534337578], [45,40,-0.707827174604], [46,40,0.706385653091], [66,40,0.707827174604], [67,40,-0.706385653091], [45,41,-0.999987377933], [46,41,-0.005024338168], [69,41,0.999987377933], [70,41,0.005024338168], [45,42,-0.999998993562], [46,42,-0.001418758563], [93,42,0.999998993562], [94,42,0.001418758563], [48,43,-0.001710814624], [49,43,-0.999998536556], [54,43,0.001710814624], [55,43,0.999998536556], [51,44,0.003514557432], [52,44,-0.999993823924], [54,44,-0.003514557432], [55,44,0.999993823924], [51,45,-0.709580716895], [52,45,0.704624159543], [72,45,0.709580716895], [73,45,-0.704624159543], [51,46,-0.999967621626], [52,46,-0.008047092568], [75,46,0.999967621626], [76,46,0.008047092568], [51,47,-0.703465617312], [52,47,-0.710729291123], [78,47,0.703465617312], [79,47,0.710729291123], [51,48,-0.999997791575], [52,48,-0.002101629085], [99,48,0.999997791575], [100,48,0.002101629085], [54,49,-0.708963060321], [55,49,0.705245616151], [75,49,0.708963060321], [76,49,-0.705245616151], [54,50,-0.999962474032], [55,50,-0.008663170724], [78,50,0.999962474032], [79,50,0.008663170724], [54,51,-0.706163008859], [55,51,-0.708049295543], [81,51,0.706163008859], [82,51,0.708049295543], [54,52,-0.999999789885], [55,52,-0.000648251518], [102,52,0.999999789885], [103,52,0.000648251518], [57,53,0.001721074258], [58,53,-0.999998518951], [63,53,-0.001721074258], [64,53,0.999998518951], [57,54,-0.707245043926], [58,54,0.706968491406], [78,54,0.707245043926], [79,54,-0.706968491406], [57,55,-0.999999934092], [58,55,0.000363064268], [81,55,0.999999934092], [82,55,-0.000363064268], [57,56,-0.709169209942], [58,56,-0.705038319292], [84,56,0.709169209942], [85,56,0.705038319292], [57,57,-0.999996201537], [58,57,0.002756249712], [105,57,0.999996201537], [106,57,-0.002756249712], [60,58,-0.001817023239], [61,58,-0.999998349212], [63,58,0.001817023239], [64,58,0.999998349212], [60,59,-0.999999817267], [61,59,-0.000604538377], [84,59,0.999999817267], [85,59,0.000604538377], [60,60,-0.708021010193], [61,60,-0.706191368628], [87,60,0.708021010193], [88,60,0.706191368628], [66,61,-0.003621353545], [67,61,-0.999993442878], [69,61,0.003621353545], [70,61,0.999993442878], [66,62,-0.706168911302], [67,62,-0.708043408776], [93,62,0.706168911302], [94,62,0.708043408776], [69,63,-0.707419182340], [70,63,0.706794241953], [90,63,0.707419182340], [91,63,-0.706794241953], [69,64,-0.999997535963], [70,64,0.002219925395], [93,64,0.999997535963], [94,64,-0.002219925395], [69,65,-0.999996878199], [70,65,0.002498718202], [117,65,0.999996878199], [118,65,-0.002498718202], [72,66,0.001182622552], [73,66,-0.999999300702], [78,66,-0.001182622552], [79,66,0.999999300702], [72,67,-0.999993602966], [73,67,0.003576874024], [96,67,0.999993602966], [97,67,-0.003576874024], [72,68,-0.705435977738], [73,68,-0.708773646034], [99,68,0.705435977738], [100,68,0.708773646034], [72,69,-0.999999440186], [73,69,0.001058124294], [120,69,0.999999440186], [121,69,-0.001058124294], [75,70,-0.004650262611], [76,70,-0.999989187470], [78,70,0.004650262611], [79,70,0.999989187470], [75,71,-0.003453663992], [76,71,-0.999994036085], [81,71,0.003453663992], [82,71,0.999994036085], [75,72,-0.706190403698], [76,72,0.708021972629], [96,72,0.706190403698], [97,72,-0.708021972629], [75,73,-0.999992760357], [76,73,0.003805158906], [99,73,0.999992760357], [100,73,-0.003805158906], [75,74,-0.711328139389], [76,74,-0.702860070080], [102,74,0.711328139389], [103,74,0.702860070080], [78,75,-0.999998615574], [79,75,0.001663986449], [126,75,0.999998615574], [127,75,-0.001663986449], [81,76,-0.704577788549], [82,76,0.709626760969], [102,76,0.704577788549], [103,76,-0.709626760969], [81,77,-0.999986728821], [82,77,0.005151910442], [105,77,0.999986728821], [106,77,-0.005151910442], [84,78,-0.707586084621], [85,78,0.706627152642], [105,78,0.707586084621], [106,78,-0.706627152642], [87,79,-0.000644194691], [88,79,-0.999999792507], [90,79,0.000644194691], [91,79,0.999999792507], [87,80,0.002034925466], [88,80,-0.999997929537], [93,80,-0.002034925466], [94,80,0.999997929537], [87,81,-0.999997997932], [88,81,-0.002001032531], [135,81,0.999997997932], [136,81,0.002001032531], [90,82,0.004742460758], [91,82,-0.999988754470], [93,82,-0.004742460758], [94,82,0.999988754470], [90,83,-0.705168354142], [91,83,0.709039908832], [111,83,0.705168354142], [112,83,-0.709039908832], [90,84,-0.709203555808], [91,84,-0.705003770507], [117,84,0.709203555808], [118,84,0.705003770507], [90,85,-0.999987984621], [91,85,0.004902103012], [138,85,0.999987984621], [139,85,-0.004902103012], [93,86,-0.705525865736], [94,86,0.708684169979], [114,86,0.705525865736], [115,86,-0.708684169979], [96,87,0.002441126589], [97,87,-0.999997020446], [99,87,-0.002441126589], [100,87,0.999997020446], [96,88,-0.999998942242], [97,88,-0.001454480931], [120,88,0.999998942242], [121,88,0.001454480931], [96,89,-0.999994315370], [97,89,-0.003371828561], [144,89,0.999994315370], [145,89,0.003371828561], [99,90,-0.707291758875], [100,90,0.706921755096], [120,90,0.707291758875], [121,90,-0.706921755096], [99,91,-0.706060462289], [100,91,-0.708151554113], [126,91,0.706060462289], [127,91,0.708151554113], [102,92,-0.001721555742], [103,92,-0.999998518122], [105,92,0.001721555742], [106,92,0.999998518122], [102,93,-0.999991628697], [103,93,-0.004091764441], [126,93,0.999991628697], [127,93,0.004091764441], [108,94,-0.999987118616], [109,94,0.005075687296], [132,94,0.999987118616], [133,94,-0.005075687296], [108,95,-0.705172578944], [109,95,-0.709035707073], [135,95,0.705172578944], [136,95,0.709035707073], [108,96,-0.999997615263], [109,96,0.002183911316], [156,96,0.999997615263], [157,96,-0.002183911316], [111,97,0.004550547541], [112,97,-0.999989646205], [114,97,-0.004550547541], [115,97,0.999989646205], [111,98,0.000963684921], [112,98,-0.999999535656], [117,98,-0.000963684921], [118,98,0.999999535656], [111,99,-0.705040134009], [112,99,0.709167405791], [132,99,0.705040134009], [133,99,-0.709167405791], [111,100,-0.999992051247], [112,100,-0.003987159708], [135,100,0.999992051247], [136,100,0.003987159708], [111,101,-0.706986525824], [112,101,-0.707227016101], [138,101,0.706986525824], [139,101,0.707227016101], [114,102,-0.002601343408], [115,102,-0.999996616501], [117,102,0.002601343408], [118,102,0.999996616501], [114,103,-0.709864113803], [115,103,0.704338654296], [135,103,0.709864113803], [136,103,-0.704338654296], [114,104,-0.999999997941], [115,104,0.000064171722], [138,104,0.999999997941], [139,104,-0.000064171722], [117,105,-0.999998068748], [118,105,-0.001965324636], [165,105,0.999998068748], [166,105,0.001965324636], [120,106,-0.999986052429], [121,106,-0.005281566715], [144,106,0.999986052429], [145,106,0.005281566715], [123,107,0.006192289447], [124,107,-0.999980827592], [126,107,-0.006192289447], [127,107,0.999980827592], [123,108,-0.707106622011], [124,108,0.707106940362], [144,108,0.707106622011], [145,108,-0.707106940362], [123,109,-0.999984199039], [124,109,0.005621536502], [147,109,0.999984199039], [148,109,-0.005621536502], [123,110,-0.999999337294], [124,110,0.001151264941], [171,110,0.999999337294], [172,110,-0.001151264941], [126,111,-0.706939959776], [127,111,0.707273563250], [147,111,0.706939959776], [148,111,-0.707273563250], [129,112,0.000602768792], [130,112,-0.999999818335], [135,112,-0.000602768792], [136,112,0.999999818335], [129,113,-0.999986776149], [130,113,-0.005142715958], [153,113,0.999986776149], [154,113,0.005142715958], [129,114,-0.708848176344], [130,114,-0.705361086887], [156,114,0.708848176344], [157,114,0.705361086887], [129,115,-0.999999642190], [130,115,-0.000845942906], [177,115,0.999999642190], [178,115,0.000845942906], [132,116,-0.000550197513], [133,116,-0.999999848641], [135,116,0.000550197513], [136,116,0.999999848641], [132,117,-0.000434879220], [133,117,-0.999999905440], [138,117,0.000434879220], [139,117,0.999999905440], [135,118,-0.000318101601], [136,118,-0.999999949406], [138,118,0.000318101601], [139,118,0.999999949406], [138,119,-0.706633703858], [139,119,-0.707579542222], [165,119,0.706633703858], [166,119,0.707579542222], [138,120,-0.999999999909], [139,120,-0.000013501442], [186,120,0.999999999909], [187,120,0.000013501442], [141,121,-0.707510457381], [142,121,0.706702874408], [162,121,0.707510457381], [163,121,-0.706702874408], [141,122,-0.999999691730], [142,122,0.000785200493], [165,122,0.999999691730], [166,122,-0.000785200493], [141,123,-0.999999999862], [142,123,-0.000016604220], [189,123,0.999999999862], [190,123,0.000016604220], [147,124,-0.001571085058], [148,124,-0.999998765845], [150,124,0.001571085058], [151,124,0.999998765845], [147,125,-0.001005868814], [148,125,-0.999999494114], [153,125,0.001005868814], [154,125,0.999999494114], [147,126,-0.705893785958], [148,126,-0.708317699162], [174,126,0.705893785958], [175,126,0.708317699162], [150,127,-0.000437706936], [151,127,-0.999999904206], [153,127,0.000437706936], [154,127,0.999999904206], [150,128,-0.705618003710], [151,128,0.708592430696], [171,128,0.705618003710], [172,128,-0.708592430696], [150,129,-0.999999693851], [151,129,-0.000782494225], [174,129,0.999999693851], [175,129,0.000782494225], [153,130,-0.707572227582], [154,130,0.706641028213], [174,130,0.707572227582], [175,130,-0.706641028213], [156,131,0.000083747913], [157,131,-0.999999996493], [159,131,-0.000083747913], [160,131,0.999999996493], [156,132,-0.706720914208], [157,132,-0.707492437713], [183,132,0.706720914208], [184,132,0.707492437713], [159,133,-0.708377512188], [160,133,0.705833762458], [180,133,0.708377512188], [181,133,-0.705833762458], [159,134,-0.999994661995], [160,134,-0.003267412102], [183,134,0.999994661995], [184,134,0.003267412102], [159,135,-0.708204634410], [160,135,-0.706007220785], [186,135,0.708204634410], [187,135,0.706007220785], [162,136,-0.001856986634], [163,136,-0.999998275799], [165,136,0.001856986634], [166,136,0.999998275799], [162,137,-0.999957242824], [163,137,0.009247298223], [186,137,0.999957242824], [187,137,-0.009247298223], [162,138,-0.708729813624], [163,138,-0.705480014799], [189,138,0.708729813624], [190,138,0.705480014799], [165,139,-0.706067351470], [166,139,0.708144685208], [186,139,0.706067351470], [187,139,-0.708144685208], [168,140,0.003559691820], [169,140,-0.999993664277], [171,140,-0.003559691820], [172,140,0.999993664277], [174,141,0.003339530075], [175,141,-0.999994423754], [177,141,-0.003339530075], [178,141,0.999994423754], [174,142,0.000992198891], [175,142,-0.999999507771], [180,142,-0.000992198891], [181,142,0.999999507771], [177,143,-0.001335636958], [178,143,-0.999999108037], [180,143,0.001335636958], [181,143,0.999999108037], [177,144,-0.002532294815], [178,144,-0.999996793736], [183,144,0.002532294815], [184,144,0.999996793736], [180,145,-0.003738928327], [181,145,-0.999993010183], [183,145,0.003738928327], [184,145,0.999993010183], [180,146,-0.002212606957], [181,146,-0.999997552182], [186,146,0.002212606957], [187,146,0.999997552182], ]
},
"Q": {
"shape": [147, 147],
"data": [[0,0,2.000000000000], [1,0,0.999997199036], [2,0,-0.003573350381], [3,0,0.703125287559], [4,0,-0.004729690564], [5,0,0.710558982620], [6,0,0.005374589067], [0,1,0.999997199036], [1,1,2.000000000000], [2,1,-0.001206517780], [3,1,0.704806295905], [4,1,-0.002362866086], [7,1,-0.999996067756], [0,2,-0.003573350381], [1,2,-0.001206517780], [2,2,2.000000000000], [3,2,0.708548928694], [4,2,0.999999331427], [5,2,0.706172226576], [19,2,-0.008498895497], [20,2,-0.000732770791], [21,2,-0.999997348512], [0,3,0.703125287559], [1,3,0.704806295905], [2,3,0.708548928694], [3,3,2.000000000000], [4,3,0.707732463118], [6,3,0.707276701906], [19,3,0.711658083831], [22,3,-0.700684656024], [23,3,0.001282505703], [0,4,-0.004729690564], [1,4,-0.002362866086], [2,4,0.999999331427], [3,4,0.707732463118], [4,4,2.000000000000], [21,4,0.999999342804], [23,4,0.705572293194], [43,4,-0.001426901264], [0,5,0.710558982620], [2,5,0.706172226576], [5,5,2.000000000000], [6,5,0.707446442450], [19,5,0.702012846543], [20,5,0.707522449789], [21,5,-0.707800841392], [0,6,0.005374589067], [3,6,0.707276701906], [5,6,0.707446442450], [6,6,2.000000000000], [19,6,0.006697690781], [22,6,0.008801058867], [23,6,-0.706029151829], [1,7,-0.999996067756], [7,7,2.000000000000], [8,8,2.000000000000], [9,8,0.703605897174], [10,8,0.706786178262], [11,8,0.000318305403], [12,8,-0.706164920778], [13,8,-0.001670508965], [8,9,0.703605897174], [9,9,2.000000000000], [11,9,0.710366419957], [30,9,0.704967422926], [35,9,-0.000437941614], [36,9,-0.713168179225], [37,9,-0.709309679578], [8,10,0.706786178262], [10,10,2.000000000000], [11,10,0.707652176836], [12,10,0.001784403567], [13,10,0.706245559094], [30,10,0.705428125203], [31,10,0.704969274783], [32,10,-0.709170675210], [33,10,0.001637800577], [34,10,-0.708874359209], [8,11,0.000318305403], [9,11,0.710366419957], [10,11,0.707652176836], [11,11,2.000000000000], [12,11,0.707822576734], [13,11,0.999998022308], [30,11,0.001599564691], [35,11,-0.704143077820], [36,11,-0.999992044904], [37,11,-0.999998874588], [8,12,-0.706164920778], [10,12,0.001784403567], [11,12,0.707822576734], [12,12,2.000000000000], [13,12,0.709226055604], [15,12,0.708821617578], [18,12,-0.001241998653], [31,12,0.707978766756], [38,12,-0.707072354964], [39,12,-0.704669189108], [8,13,-0.001670508965], [10,13,0.706245559094], [11,13,0.999998022308], [12,13,0.709226055604], [13,13,2.000000000000], [33,13,0.706809316720], [36,13,0.999998000109], [53,13,0.002187559925], [58,13,0.005725629732], [14,14,2.000000000000], [15,14,0.007927008168], [16,14,0.708619194845], [17,14,0.005000536832], [18,14,0.704090231649], [12,15,0.708821617578], [14,15,0.007927008168], [15,15,2.000000000000], [16,15,0.711186186742], [17,15,0.999995717704], [18,15,0.704506876400], [31,15,0.003662022334], [38,15,-0.002379407998], [39,15,-0.999982774792], [14,16,0.708619194845], [15,16,0.711186186742], [16,16,2.000000000000], [17,16,0.709125780267], [38,16,0.704693916005], [40,16,-0.003470108301], [41,16,-0.712372715856], [42,16,-0.709837675714], [14,17,0.005000536832], [15,17,0.999995717704], [16,17,0.709125780267], [17,17,2.000000000000], [39,17,0.999995669606], [40,17,0.707538498803], [61,17,-0.004029932925], [62,17,-0.706458146406], [12,18,-0.001241998653], [14,18,0.704090231649], [15,18,0.704506876400], [18,18,2.000000000000], [31,18,-0.707112482949], [38,18,0.708018843242], [39,18,-0.708660253596], [2,19,-0.008498895497], [3,19,0.711658083831], [5,19,0.702012846543], [6,19,0.006697690781], [19,19,2.000000000000], [20,19,0.999969843011], [21,19,0.006196138512], [22,19,-0.999879894247], [23,19,0.703438121410], [2,20,-0.000732770791], [5,20,0.707522449789], [19,20,0.999969843011], [20,20,2.000000000000], [21,20,-0.001570048153], [22,20,0.999970102930], [24,20,-0.999995515994], [25,20,0.704594834144], [26,20,-0.000411697051], [27,20,-0.004464800688], [2,21,-0.999997348512], [4,21,0.999999342804], [5,21,-0.707800841392], [19,21,0.006196138512], [20,21,-0.001570048153], [21,21,2.000000000000], [23,21,0.706384261068], [43,21,-0.000280432302], [3,22,-0.700684656024], [6,22,0.008801058867], [19,22,-0.999879894247], [20,22,0.999970102930], [22,22,2.000000000000], [23,22,-0.714369146896], [24,22,-0.999942462519], [25,22,0.710060904462], [26,22,0.007320923931], [27,22,0.003267865052], [3,23,0.001282505703], [4,23,0.705572293194], [6,23,-0.706029151829], [19,23,0.703438121410], [21,23,0.706384261068], [22,23,-0.714369146896], [23,23,2.000000000000], [43,23,0.707630442992], [20,24,-0.999995515994], [22,24,-0.999942462519], [24,24,2.000000000000], [25,24,-0.702466634241], [26,24,0.003406355380], [27,24,0.007459411248], [28,24,0.707339953976], [29,24,-0.002841971786], [20,25,0.704594834144], [22,25,0.710060904462], [24,25,-0.702466634241], [25,25,2.000000000000], [26,25,0.709319696493], [27,25,0.706456887872], [44,25,0.706985678497], [45,25,-0.999999983621], [46,25,-0.704016115553], [47,25,0.001450400011], [48,25,-0.708226080986], [20,26,-0.000411697051], [22,26,0.007320923931], [24,26,0.003406355380], [25,26,0.709319696493], [26,26,2.000000000000], [27,26,0.999991786127], [28,26,0.704459979195], [43,26,0.002262176237], [44,26,-0.002963197623], [49,26,-0.708574106445], [50,26,-0.999967098587], [51,26,-0.706553293479], [52,26,-0.999999995306], [20,27,-0.004464800688], [22,27,0.003267865052], [24,27,0.007459411248], [25,27,0.706456887872], [26,27,0.999991786127], [27,27,2.000000000000], [47,27,0.706730688223], [50,27,0.999991763091], [54,27,0.703982335100], [66,27,0.003421851662], [70,27,0.009254628426], [75,27,-0.999980353216], [24,28,0.707339953976], [26,28,0.704459979195], [28,28,2.000000000000], [29,28,0.704860436645], [43,28,-0.708148284034], [44,28,-0.711828050859], [49,28,-0.999983101989], [50,28,-0.698679482958], [51,28,0.004518600898], [52,28,-0.704391209632], [24,29,-0.002841971786], [28,29,0.704860436645], [29,29,2.000000000000], [51,29,0.706153787414], [55,29,0.999999938736], [71,29,0.003440640421], [76,29,-0.704587030419], [77,29,-0.999986795833], [9,30,0.704967422926], [10,30,0.705428125203], [11,30,0.001599564691], [30,30,2.000000000000], [31,30,0.999999790585], [32,30,-0.000551894141], [33,30,0.709935861480], [34,30,-0.000131698536], [35,30,0.708930883709], [36,30,-0.005588297184], [37,30,-0.000099290802], [10,31,0.704969274783], [12,31,0.707978766756], [15,31,0.003662022334], [18,31,-0.707112482949], [30,31,0.999999790585], [31,31,2.000000000000], [32,31,0.000095276715], [33,31,0.710391493444], [34,31,0.000515472325], [38,31,-0.999999177443], [39,31,0.002207423869], [10,32,-0.709170675210], [30,32,-0.000551894141], [31,32,0.000095276715], [32,32,2.000000000000], [33,32,0.703874419701], [34,32,0.999999911718], [35,32,0.705669108286], [58,32,-0.001585385661], [59,32,-0.999999650405], [60,32,-0.707857410505], [10,33,0.001637800577], [13,33,0.706809316720], [30,33,0.709935861480], [31,33,0.710391493444], [32,33,0.703874419701], [33,33,2.000000000000], [34,33,0.704172832778], [36,33,0.708222672099], [53,33,0.708948615690], [58,33,0.711439453556], [10,34,-0.708874359209], [30,34,-0.000131698536], [31,34,0.000515472325], [32,34,0.999999911718], [33,34,0.704172832778], [34,34,2.000000000000], [56,34,0.709302137751], [59,34,0.999999913480], [78,34,-0.707452832039], [9,35,-0.000437941614], [11,35,-0.704143077820], [30,35,0.708930883709], [32,35,0.705669108286], [35,35,2.000000000000], [36,35,0.701305231762], [37,35,0.705207567102], [58,35,0.707421888842], [59,35,-0.705076395996], [60,35,0.000969000639], [9,36,-0.713168179225], [11,36,-0.999992044904], [13,36,0.999998000109], [30,36,-0.005588297184], [33,36,0.708222672099], [35,36,0.701305231762], [36,36,2.000000000000], [37,36,0.999984935283], [53,36,0.004187495180], [58,36,0.007725529914], [9,37,-0.709309679578], [11,37,-0.999998874588], [30,37,-0.000099290802], [35,37,0.705207567102], [36,37,0.999984935283], [37,37,2.000000000000], [60,37,0.708317228382], [79,37,-0.001063741592], [80,37,0.001615379110], [81,37,-0.999998749450], [12,38,-0.707072354964], [15,38,-0.002379407998], [16,38,0.704693916005], [18,38,0.708018843242], [31,38,-0.999999177443], [38,38,2.000000000000], [39,38,-0.003490038853], [40,38,0.707061804819], [41,38,-0.004068642435], [42,38,-0.000463053375], [12,39,-0.704669189108], [15,39,-0.999982774792], [17,39,0.999995669606], [18,39,-0.708660253596], [31,39,0.002207423869], [38,39,-0.003490038853], [39,39,2.000000000000], [40,39,0.709615121165], [61,39,-0.001087020955], [62,39,-0.704372222466], [16,40,-0.003470108301], [17,40,0.707538498803], [38,40,0.707061804819], [39,40,0.709615121165], [40,40,2.000000000000], [41,40,0.704269119964], [42,40,0.706824271525], [61,40,0.703817728786], [62,40,0.000306160445], [16,41,-0.712372715856], [38,41,-0.004068642435], [40,41,0.704269119964], [41,41,2.000000000000], [42,41,0.999993499830], [61,41,0.008645613058], [63,41,-0.703859079961], [64,41,-0.999973760271], [65,41,-0.999971701766], [16,42,-0.709837675714], [38,42,-0.000463053375], [40,42,0.706824271525], [41,42,0.999993499830], [42,42,2.000000000000], [62,42,0.707172743235], [64,42,0.999993379988], [80,42,-0.000616167793], [82,42,-0.003323713377], [86,42,-0.704519703933], [4,43,-0.001426901264], [21,43,-0.000280432302], [23,43,0.707630442992], [26,43,0.002262176237], [28,43,-0.708148284034], [43,43,2.000000000000], [44,43,0.999986347732], [49,43,0.704031679692], [50,43,-0.010373908469], [51,43,-0.709256373355], [52,43,-0.002359064833], [25,44,0.706985678497], [26,44,-0.002963197623], [28,44,-0.711828050859], [43,44,0.999986347732], [44,44,2.000000000000], [45,44,-0.707113669912], [46,44,0.004532599232], [47,44,0.708252531291], [48,44,-0.001412933565], [49,44,0.707732951893], [50,44,-0.005148691675], [51,44,-0.705563072126], [52,44,0.002866309179], [25,45,-0.999999983621], [44,45,-0.707113669912], [45,45,2.000000000000], [46,45,0.703887565988], [47,45,-0.001631392376], [48,45,0.708098291212], [66,45,0.705462832958], [67,45,-0.712096529536], [68,45,-0.001144732164], [69,45,-0.710325899603], [25,46,-0.704016115553], [44,46,0.004532599232], [45,46,0.703887565988], [46,46,2.000000000000], [47,46,0.709162144636], [48,46,0.999982325277], [49,46,0.703264928494], [70,46,-0.012697117602], [71,46,-0.011500596744], [72,46,-0.700470020047], [73,46,-0.999929761752], [74,46,-0.716961087788], [25,47,0.001450400011], [27,47,0.706730688223], [44,47,0.708252531291], [45,47,-0.001631392376], [46,47,0.709162144636], [47,47,2.000000000000], [48,47,0.704957753111], [50,47,0.709596388272], [54,47,-0.004940643327], [66,47,0.709896859807], [70,47,0.713992906199], [75,47,-0.702281999506], [25,48,-0.708226080986], [44,48,-0.001412933565], [45,48,0.708098291212], [46,48,0.999982325277], [47,48,0.704957753111], [48,48,2.000000000000], [68,48,0.706923999145], [73,48,0.999982554915], [87,48,-0.000339498375], [90,48,-0.705804509553], [91,48,-0.707547174910], [26,49,-0.708574106445], [28,49,-0.999983101989], [43,49,0.704031679692], [44,49,0.707732951893], [46,49,0.703264928494], [49,49,2.000000000000], [50,49,0.702826792621], [51,49,0.001294826145], [52,49,0.708505734816], [70,49,0.701941126250], [71,49,0.702792889933], [72,49,-0.999992302110], [73,49,-0.711641499319], [74,49,-0.008616391403], [26,50,-0.999967098587], [27,50,0.999991763091], [28,50,-0.698679482958], [43,50,-0.010373908469], [44,50,-0.005148691675], [47,50,0.709596388272], [49,50,0.702826792621], [50,50,2.000000000000], [51,50,0.712270461337], [52,50,0.999967879839], [54,50,0.701093915135], [66,50,0.007480586493], [70,50,0.013313165158], [75,50,-0.999946674259], [26,51,-0.706553293479], [28,51,0.004518600898], [29,51,0.706153787414], [43,51,-0.709256373355], [44,51,-0.705563072126], [49,51,0.001294826145], [50,51,0.712270461337], [51,51,2.000000000000], [52,51,0.706621854514], [55,51,0.705905894918], [71,51,0.710483922553], [76,51,0.004903957066], [77,51,-0.702505830685], [26,52,-0.999999995306], [28,52,-0.704391209632], [43,52,-0.002359064833], [44,52,0.002866309179], [49,52,0.708505734816], [50,52,0.999967879839], [51,52,0.706621854514], [52,52,2.000000000000], [74,52,0.711783620036], [76,52,0.704117623882], [92,52,-0.002369805938], [93,52,-0.999994071076], [13,53,0.002187559925], [33,53,0.708948615690], [36,53,0.004187495180], [53,53,2.000000000000], [54,53,-0.708184665591], [55,53,-0.002084137875], [56,53,0.703816742224], [57,53,-0.004477313351], [58,53,0.999993740933], [27,54,0.703982335100], [47,54,-0.004940643327], [50,54,0.701093915135], [53,54,-0.708184665591], [54,54,2.000000000000], [55,54,0.707501672311], [56,54,0.003116532063], [57,54,0.709190939183], [66,54,-0.707804400963], [70,54,-0.703671972104], [75,54,-0.708420450787], [29,55,0.999999938736], [51,55,0.705905894918], [53,55,-0.002084137875], [54,55,0.707501672311], [55,55,2.000000000000], [56,55,0.708913188981], [57,55,0.999997136325], [71,55,0.003090601662], [76,55,-0.704835382232], [77,55,-0.999988533389], [34,56,0.709302137751], [53,56,0.703816742224], [54,56,0.003116532063], [55,56,0.708913188981], [56,56,2.000000000000], [57,56,0.707223254524], [59,56,0.709595303075], [78,56,-0.003599044531], [53,57,-0.004477313351], [54,57,0.709190939183], [55,57,0.999997136325], [56,57,0.707223254524], [57,57,2.000000000000], [77,57,0.999997130360], [78,57,0.709531037767], [92,57,-0.001034696425], [13,58,0.005725629732], [32,58,-0.001585385661], [33,58,0.711439453556], [35,58,0.707421888842], [36,58,0.007725529914], [53,58,0.999993740933], [58,58,2.000000000000], [59,58,0.002421560286], [60,58,0.707476693485], [32,59,-0.999999650405], [34,59,0.999999913480], [35,59,-0.705076395996], [56,59,0.709595303075], [58,59,0.002421560286], [59,59,2.000000000000], [60,59,0.708447800598], [78,59,-0.707158772089], [32,60,-0.707857410505], [35,60,0.000969000639], [37,60,0.708317228382], [58,60,0.707476693485], [59,60,0.708447800598], [60,60,2.000000000000], [79,60,-0.706647325474], [80,60,-0.704749136501], [81,60,-0.709432704589], [17,61,-0.004029932925], [39,61,-0.001087020955], [40,61,0.703817728786], [41,61,0.008645613058], [61,61,2.000000000000], [62,61,0.710596053339], [63,61,0.704227792453], [64,61,-0.001401433783], [65,61,-0.001122640422], [17,62,-0.706458146406], [39,62,-0.704372222466], [40,62,0.000306160445], [42,62,0.707172743235], [61,62,0.710596053339], [62,62,2.000000000000], [64,62,0.704595367731], [80,62,0.706604941698], [82,62,0.704686468102], [86,62,0.003558722955], [41,63,-0.703859079961], [61,63,0.704227792453], [63,63,2.000000000000], [64,63,0.708986469719], [65,63,0.709183053555], [79,63,-0.706338379616], [82,63,0.710141201388], [83,63,-0.999994945376], [84,63,-0.003411594013], [85,63,-0.710875460613], [41,64,-0.999973760271], [42,64,0.999993379988], [61,64,-0.001401433783], [62,64,0.704595367731], [63,64,0.708986469719], [64,64,2.000000000000], [65,64,0.999999961137], [80,64,-0.004254841250], [82,64,-0.006962349502], [86,64,-0.707097353279], [41,65,-0.999971701766], [61,65,-0.001122640422], [63,65,0.709183053555], [64,65,0.999999961137], [65,65,2.000000000000], [84,65,0.707439736062], [98,65,-0.003462398954], [102,65,0.000102625539], [105,65,-0.999990036160], [27,66,0.003421851662], [45,66,0.705462832958], [47,66,0.709896859807], [50,66,0.007480586493], [54,66,-0.707804400963], [66,66,2.000000000000], [67,66,-0.004759486510], [68,66,0.707938885894], [69,66,-0.002240745443], [70,66,0.999982988674], [75,66,0.002846606200], [45,67,-0.712096529536], [66,67,-0.004759486510], [67,67,2.000000000000], [68,67,0.702896270997], [69,67,0.999996827933], [72,67,0.708718391576], [87,67,0.006017974340], [88,67,-0.999987342719], [89,67,-0.999975857766], [45,68,-0.001144732164], [48,68,0.706923999145], [66,68,0.707938885894], [67,68,0.702896270997], [68,68,2.000000000000], [69,68,0.704685612212], [73,68,0.702733874282], [87,68,0.707049475683], [90,68,0.002098456352], [91,68,-0.999999611510], [45,69,-0.710325899603], [66,69,-0.002240745443], [67,69,0.999996827933], [68,69,0.704685612212], [69,69,2.000000000000], [88,69,0.999996843407], [90,69,0.708039374006], [106,69,-0.999979904069], [27,70,0.009254628426], [46,70,-0.012697117602], [47,70,0.713992906199], [49,70,0.701941126250], [50,70,0.013313165158], [54,70,-0.703671972104], [66,70,0.999982988674], [70,70,2.000000000000], [71,70,0.999999284064], [72,70,-0.704730346290], [73,70,0.000845111182], [74,70,0.706160333035], [75,70,-0.002986287716], [29,71,0.003440640421], [46,71,-0.011500596744], [49,71,0.702792889933], [51,71,0.710483922553], [55,71,0.003090601662], [70,71,0.999999284064], [71,71,2.000000000000], [72,71,-0.705578805677], [73,71,-0.000351497224], [74,71,0.705312566663], [76,71,0.707189153877], [77,71,0.001698261558], [46,72,-0.700470020047], [49,72,-0.999992302110], [67,72,0.708718391576], [70,72,-0.704730346290], [71,72,-0.705578805677], [72,72,2.000000000000], [73,72,0.708879427246], [74,72,0.004692732617], [87,72,0.709743763210], [88,72,-0.705159852262], [89,72,-0.703799060558], [46,73,-0.999929761752], [48,73,0.999982554915], [49,73,-0.711641499319], [68,73,0.702733874282], [70,73,0.000845111182], [71,73,-0.000351497224], [72,73,0.708879427246], [73,73,2.000000000000], [74,73,0.708648495372], [87,73,-0.006246256484], [90,73,-0.709976587947], [91,73,-0.703360721470], [46,74,-0.716961087788], [49,74,-0.008616391403], [52,74,0.711783620036], [70,74,0.706160333035], [71,74,0.705312566663], [72,74,0.004692732617], [73,74,0.708648495372], [74,74,2.000000000000], [76,74,0.002417692439], [92,74,-0.704083619570], [93,74,-0.714198122488], [27,75,-0.999980353216], [47,75,-0.702281999506], [50,75,-0.999946674259], [54,75,-0.708420450787], [66,75,0.002846606200], [70,75,-0.002986287716], [75,75,2.000000000000], [91,75,0.704881130211], [93,75,0.999983435641], [107,75,-0.007856235420], [111,75,-0.708115874695], [29,76,-0.704587030419], [51,76,0.004903957066], [52,76,0.704117623882], [55,76,-0.704835382232], [71,76,0.707189153877], [74,76,0.002417692439], [76,76,2.000000000000], [77,76,0.708224371491], [92,76,0.708412739451], [93,76,-0.701668264768], [29,77,-0.999986795833], [51,77,-0.702505830685], [55,77,-0.999988533389], [57,77,0.999997130360], [71,77,0.001698261558], [76,77,0.708224371491], [77,77,2.000000000000], [78,77,0.711217173925], [92,77,-0.003430369912], [34,78,-0.707452832039], [56,78,-0.003599044531], [57,78,0.709531037767], [59,78,-0.707158772089], [77,78,0.711217173925], [78,78,2.000000000000], [92,78,-0.705407956620], [37,79,-0.001063741592], [60,79,-0.706647325474], [63,79,-0.706338379616], [79,79,2.000000000000], [80,79,0.999996411156], [81,79,0.002645225517], [82,79,-0.999985491911], [83,79,0.708585496001], [84,79,-0.705460489388], [85,79,0.004257915045], [37,80,0.001615379110], [42,80,-0.000616167793], [60,80,-0.704749136501], [62,80,0.706604941698], [64,80,-0.004254841250], [79,80,0.999996411156], [80,80,2.000000000000], [81,80,-0.000033893004], [82,80,0.999996334584], [86,80,0.710118395225], [37,81,-0.999998749450], [60,81,-0.709432704589], [79,81,0.002645225517], [80,81,-0.000033893004], [81,81,2.000000000000], [95,81,0.706589970656], [100,81,0.999998027632], [103,81,0.708453288047], [112,81,0.001398264582], [116,81,0.002551228639], [118,81,-0.002319133394], [42,82,-0.003323713377], [62,82,0.704686468102], [63,82,0.710141201388], [64,82,-0.006962349502], [79,82,-0.999985491911], [80,82,0.999996334584], [82,82,2.000000000000], [83,82,-0.712376168550], [84,82,0.701632472333], [85,82,-0.009644451661], [86,82,0.712022129181], [63,83,-0.999994945376], [79,83,0.708585496001], [82,83,-0.712376168550], [83,83,2.000000000000], [84,83,0.000232095034], [85,83,0.708635667950], [97,83,0.712241469699], [98,83,0.709719139703], [99,83,-0.999999983652], [100,83,-0.702335693577], [101,83,0.002907654204], [63,84,-0.003411594013], [65,84,0.707439736062], [79,84,-0.705460489388], [82,84,0.701632472333], [83,84,0.000232095034], [84,84,2.000000000000], [85,84,0.705739033352], [98,84,0.704319994370], [102,84,0.706846267122], [105,84,-0.710587747436], [63,85,-0.710875460613], [79,85,0.004257915045], [82,85,-0.009644451661], [83,85,0.708635667950], [84,85,0.705739033352], [85,85,2.000000000000], [101,85,0.703511131427], [104,85,0.999988297138], [117,85,-0.004467228554], [118,85,-0.004584004985], [119,85,-0.703156585581], [120,85,-0.999987918344], [42,86,-0.704519703933], [62,86,0.003558722955], [64,86,-0.707097353279], [80,86,0.710118395225], [82,86,0.712022129181], [86,86,2.000000000000], [97,86,-0.711887361401], [102,86,0.706846457086], [103,86,-0.999981148049], [104,86,-0.705571341766], [48,87,-0.000339498375], [67,87,0.006017974340], [68,87,0.707049475683], [72,87,0.709743763210], [73,87,-0.006246256484], [87,87,2.000000000000], [88,87,-0.000986647410], [89,87,0.000930705803], [90,87,0.708646237503], [91,87,-0.706425861169], [67,88,-0.999987342719], [69,88,0.999996843407], [72,88,-0.705159852262], [87,88,-0.000986647410], [88,88,2.000000000000], [89,88,0.999998161878], [90,88,0.706262806519], [106,88,-0.999992676624], [67,89,-0.999975857766], [72,89,-0.703799060558], [87,89,0.000930705803], [88,89,0.999998161878], [89,89,2.000000000000], [106,89,0.999998176416], [108,89,0.704718358994], [48,90,-0.705804509553], [68,90,0.002098456352], [69,90,0.708039374006], [73,90,-0.709976587947], [87,90,0.708646237503], [88,90,0.706262806519], [90,90,2.000000000000], [91,90,-0.001216993263], [106,90,-0.703548239461], [48,91,-0.707547174910], [68,91,-0.999999611510], [73,91,-0.703360721470], [75,91,0.704881130211], [87,91,-0.706425861169], [90,91,-0.001216993263], [91,91,2.000000000000], [93,91,0.708952140991], [107,91,0.703765846392], [111,91,0.001714518188], [52,92,-0.002369805938], [57,92,-0.001034696425], [74,92,-0.704083619570], [76,92,0.708412739451], [77,92,-0.003430369912], [78,92,-0.705407956620], [92,92,2.000000000000], [93,92,0.005813299708], [52,93,-0.999994071076], [74,93,-0.714198122488], [75,93,0.999983435641], [76,93,-0.701668264768], [91,93,0.708952140991], [92,93,0.005813299708], [93,93,2.000000000000], [107,93,-0.002100551617], [111,93,-0.704040044951], [94,94,2.000000000000], [95,94,0.701564651815], [96,94,0.999995818761], [99,94,0.708630564109], [116,94,0.004525496103], [117,94,0.004640813199], [81,95,0.706589970656], [94,95,0.701564651815], [95,95,2.000000000000], [96,95,0.703622426189], [100,95,0.707994012305], [103,95,0.001175452063], [112,95,0.708610522243], [116,95,0.709423583954], [118,95,-0.709259987727], [94,96,0.999995818761], [95,96,0.703622426189], [96,96,2.000000000000], [114,96,0.707306039868], [131,96,0.002267659021], [132,96,-0.705174128124], [83,97,0.712241469699], [86,97,-0.711887361401], [97,97,2.000000000000], [98,97,0.999993567159], [99,97,-0.712368381866], [100,97,-0.000563392944], [101,97,0.704002517821], [102,97,-0.999974425204], [103,97,0.707561632115], [104,97,0.004614718589], [65,98,-0.003462398954], [83,98,0.709719139703], [84,98,0.704319994370], [97,98,0.999993567159], [98,98,2.000000000000], [99,98,-0.709846513039], [100,98,0.003023480596], [101,98,0.706545375450], [102,98,0.999993645282], [105,98,-0.001001640664], [83,99,-0.999999983652], [94,99,0.708630564109], [97,99,-0.712368381866], [98,99,-0.709846513039], [99,99,2.000000000000], [100,99,0.702206966112], [101,99,-0.003088473405], [116,99,0.708779387125], [117,99,0.708860731429], [81,100,0.999998027632], [83,100,-0.702335693577], [95,100,0.707994012305], [97,100,-0.000563392944], [98,100,0.003023480596], [99,100,0.702206966112], [100,100,2.000000000000], [101,100,0.709800733226], [103,100,0.707050160565], [112,100,0.003384394983], [116,100,0.004537352244], [118,100,-0.004305258579], [83,101,0.002907654204], [85,101,0.703511131427], [97,101,0.704002517821], [98,101,0.706545375450], [99,101,-0.003088473405], [100,101,0.709800733226], [101,101,2.000000000000], [104,101,0.706941140393], [117,101,0.707534402974], [118,101,0.707451873865], [119,101,-0.999999875621], [120,101,-0.706996074344], [65,102,0.000102625539], [84,102,0.706846267122], [86,102,0.706846457086], [97,102,-0.999974425204], [98,102,0.999993645282], [102,102,2.000000000000], [103,102,-0.702489670833], [104,102,0.002537171898], [105,102,-0.004566656371], [81,103,0.708453288047], [86,103,-0.999981148049], [95,103,0.001175452063], [97,103,0.707561632115], [100,103,0.707050160565], [102,103,-0.702489670833], [103,103,2.000000000000], [104,103,0.709909310966], [112,103,-0.704766410276], [116,103,-0.703947982218], [118,103,0.704112809749], [85,104,0.999988297138], [86,104,-0.705571341766], [97,104,0.004614718589], [101,104,0.706941140393], [102,104,0.002537171898], [103,104,0.709909310966], [104,104,2.000000000000], [117,104,0.000370707503], [118,104,0.000253929882], [119,104,-0.706588295806], [120,104,-0.999999996983], [65,105,-0.999990036160], [84,105,-0.710587747436], [98,105,-0.001001640664], [102,105,-0.004566656371], [105,105,2.000000000000], [119,105,0.708022962677], [122,105,0.999996217304], [136,105,0.003822304295], [139,105,-0.704674253679], [69,106,-0.999979904069], [88,106,-0.999992676624], [89,106,0.999998176416], [90,106,-0.703548239461], [106,106,2.000000000000], [108,106,0.703362127111], [75,107,-0.007856235420], [91,107,0.703765846392], [93,107,-0.002100551617], [107,107,2.000000000000], [108,107,-0.711471992293], [109,107,-0.011813620327], [110,107,-0.007343528211], [111,