{
"N": {
"shape": [192, 139],
"data": [[0,0,-0.999992125556], [1,0,0.003968479026], [24,0,0.999992125556], [25,0,-0.003968479026], [0,1,-0.706432355341], [1,1,-0.707780564389], [27,1,0.706432355341], [28,1,0.707780564389], [3,2,-0.704821626405], [4,2,-0.709384574792], [30,2,0.704821626405], [31,2,0.709384574792], [6,3,0.000112142233], [7,3,-0.999999993712], [12,3,-0.000112142233], [13,3,0.999999993712], [6,4,-0.999987779717], [7,4,-0.004943724891], [30,4,0.999987779717], [31,4,0.004943724891], [6,5,-0.705283611795], [7,5,-0.708925261881], [33,5,0.705283611795], [34,5,0.708925261881], [9,6,-0.004788605673], [10,6,-0.999988534562], [12,6,0.004788605673], [13,6,0.999988534562], [9,7,-0.000502599150], [10,7,-0.999999873697], [15,7,0.000502599150], [16,7,0.999999873697], [9,8,-0.707676983792], [10,8,-0.706536118405], [36,8,0.707676983792], [37,8,0.706536118405], [12,9,0.003794527608], [13,9,-0.999992800754], [15,9,-0.003794527608], [16,9,0.999992800754], [12,10,0.002224536433], [13,10,-0.999997525716], [18,10,-0.002224536433], [19,10,0.999997525716], [12,11,-0.705968257790], [13,11,-0.708243474374], [39,11,0.705968257790], [40,11,0.708243474374], [15,12,-0.706893943079], [16,12,0.707319555249], [36,12,0.706893943079], [37,12,-0.707319555249], [15,13,-0.999998868789], [16,13,-0.001504134799], [39,13,0.999998868789], [40,13,0.001504134799], [15,14,-0.999998722380], [16,14,-0.001598511016], [63,14,0.999998722380], [64,14,0.001598511016], [18,15,-0.008083328092], [19,15,-0.999967329370], [21,15,0.008083328092], [22,15,0.999967329370], [18,16,-0.707164750184], [19,16,0.707048807436], [39,16,0.707164750184], [40,16,-0.707048807436], [18,17,-0.999997705986], [19,17,-0.002141967138], [42,17,0.999997705986], [43,17,0.002141967138], [18,18,-0.708801609917], [19,18,-0.705407880434], [45,18,0.708801609917], [46,18,0.705407880434], [21,19,-0.707551037367], [22,19,0.706662245717], [42,19,0.707551037367], [43,19,-0.706662245717], [21,20,-0.999999932629], [22,20,0.000367073056], [45,20,0.999999932629], [46,20,-0.000367073056], [21,21,-0.999993231175], [22,21,0.003679348227], [69,21,0.999993231175], [70,21,-0.003679348227], [24,22,0.005731451525], [25,22,-0.999983575097], [27,22,-0.005731451525], [28,22,0.999983575097], [27,23,0.002126480948], [28,23,-0.999997739037], [30,23,-0.002126480948], [31,23,0.999997739037], [33,24,-0.000798423968], [34,24,-0.999999681260], [36,24,0.000798423968], [37,24,0.999999681260], [33,25,-0.000791475047], [34,25,-0.999999686784], [39,25,0.000791475047], [40,25,0.999999686784], [33,26,-0.999987853252], [34,26,-0.004928828349], [57,26,0.999987853252], [58,26,0.004928828349], [33,27,-0.708674358440], [34,27,-0.705535721059], [60,27,0.708674358440], [61,27,0.705535721059], [36,28,-0.000784544274], [37,28,-0.999999692245], [39,28,0.000784544274], [40,28,0.999999692245], [36,29,-0.709993006317], [37,29,0.704208726857], [57,29,0.709993006317], [58,29,-0.704208726857], [36,30,-0.999993223466], [37,30,0.003681443012], [60,30,0.999993223466], [61,30,-0.003681443012], [39,31,-0.001792473754], [40,31,-0.999998393518], [45,31,0.001792473754], [46,31,0.999998393518], [39,32,-0.999998567806], [40,32,-0.001692449952], [63,32,0.999998567806], [64,32,0.001692449952], [42,33,0.002744650528], [43,33,-0.999996233440], [45,33,-0.002744650528], [46,33,0.999996233440], [42,34,-0.706178711642], [43,34,0.708033634246], [63,34,0.706178711642], [64,34,-0.708033634246], [42,35,-0.999970291112], [43,35,0.007708235394], [66,35,0.999970291112], [67,35,-0.007708235394], [42,36,-0.710208557274], [43,36,-0.703991338849], [69,36,0.710208557274], [70,36,0.703991338849], [48,37,-0.999996864073], [49,37,0.002504364998], [72,37,0.999996864073], [73,37,-0.002504364998], [51,38,-0.704812388983], [52,38,0.709393752676], [72,38,0.704812388983], [73,38,-0.709393752676], [51,39,-0.999990997135], [52,39,0.004243306449], [99,39,0.999990997135], [100,39,-0.004243306449], [54,40,0.002206329201], [55,40,-0.999997566053], [57,40,-0.002206329201], [58,40,0.999997566053], [54,41,0.002749384823], [55,41,-0.999996220434], [60,41,-0.002749384823], [61,41,0.999996220434], [54,42,-0.999996165182], [55,42,0.002769407995], [78,42,0.999996165182], [79,42,-0.002769407995], [54,43,-0.707414989419], [55,43,-0.706798438556], [81,43,0.707414989419], [82,43,0.706798438556], [54,44,-0.999998273138], [55,44,-0.001858418820], [102,44,0.999998273138], [103,44,0.001858418820], [60,45,-0.003896791023], [61,45,-0.999992407481], [66,45,0.003896791023], [67,45,0.999992407481], [63,46,-0.001017824020], [64,46,-0.999999482017], [66,46,0.001017824020], [67,46,0.999999482017], [63,47,-0.000356331926], [64,47,-0.999999936514], [69,47,0.000356331926], [70,47,0.999999936514], [66,48,-0.707531913489], [67,48,0.706681393128], [87,48,0.707531913489], [88,48,-0.706681393128], [69,49,-0.999989520025], [70,49,-0.004578191798], [93,49,0.999989520025], [94,49,0.004578191798], [69,50,-0.999999898627], [70,50,-0.000450274073], [117,50,0.999999898627], [118,50,0.000450274073], [72,51,-0.004465432692], [73,51,-0.999990029906], [75,51,0.004465432692], [76,51,0.999990029906], [72,52,0.000197093581], [73,52,-0.999999980577], [78,52,-0.000197093581], [79,52,0.999999980577], [75,53,-0.707187291224], [76,53,0.707026261981], [96,53,0.707187291224], [97,53,-0.707026261981], [75,54,-0.999995818744], [76,54,0.002891797739], [99,54,0.999995818744], [100,54,-0.002891797739], [75,55,-0.702526457809], [76,55,-0.711657625602], [102,55,0.702526457809], [103,55,0.711657625602], [75,56,-0.999999973555], [76,56,-0.000229978604], [123,56,0.999999973555], [124,56,0.000229978604], [78,57,-0.707493522087], [79,57,0.706719828648], [99,57,0.707493522087], [100,57,-0.706719828648], [78,58,-0.999978919368], [79,58,-0.006493136421], [102,58,0.999978919368], [103,58,0.006493136421], [78,59,-0.999997747479], [79,59,-0.002122507388], [126,59,0.999997747479], [127,59,0.002122507388], [81,60,-0.706842984065], [82,60,0.707370479931], [102,60,0.706842984065], [103,60,-0.707370479931], [81,61,-0.999998375506], [82,61,-0.001802494269], [105,61,0.999998375506], [106,61,0.001802494269], [81,62,-0.709251891377], [82,62,-0.704955143664], [108,62,0.709251891377], [109,62,0.704955143664], [84,63,-0.004970472604], [85,63,-0.999987647125], [87,63,0.004970472604], [88,63,0.999987647125], [84,64,-0.709622645138], [85,64,0.704581933850], [105,64,0.709622645138], [106,64,-0.704581933850], [84,65,-0.999987922368], [85,65,0.004914785640], [108,65,0.999987922368], [109,65,-0.004914785640], [84,66,-0.708488727378], [85,66,-0.705722128871], [111,66,0.708488727378], [112,66,0.705722128871], [84,67,-0.999998611932], [85,67,0.001666173239], [132,67,0.999998611932], [133,67,-0.001666173239], [87,68,-0.706267790527], [88,68,0.707944777552], [108,68,0.706267790527], [109,68,-0.707944777552], [87,69,-0.999999969304], [88,69,0.000247774381], [135,69,0.999999969304], [136,69,-0.000247774381], [90,70,-0.999994523338], [91,70,-0.003309576132], [114,70,0.999994523338], [115,70,0.003309576132], [90,71,-0.706251395633], [91,71,-0.707961133231], [117,71,0.706251395633], [118,71,0.707961133231], [90,72,-0.999999292533], [91,72,-0.001189510018], [138,72,0.999999292533], [139,72,0.001189510018], [93,73,-0.999993410443], [94,73,0.003630299046], [117,73,0.999993410443], [118,73,-0.003630299046], [96,74,-0.000441089387], [97,74,-0.999999902720], [99,74,0.000441089387], [100,74,0.999999902720], [96,75,0.002552154341], [97,75,-0.999996743249], [102,75,-0.002552154341], [103,75,0.999996743249], [96,76,-0.709651683469], [97,76,-0.704552686568], [123,76,0.709651683469], [124,76,0.704552686568], [96,77,-0.999999456761], [97,77,0.001042342763], [144,77,0.999999456761], [145,77,-0.001042342763], [99,78,0.005504398959], [100,78,-0.999984850681], [102,78,-0.005504398959], [103,78,0.999984850681], [99,79,-0.705897657990], [100,79,-0.708313840359], [126,79,0.705897657990], [127,79,0.708313840359], [99,80,-0.999999926978], [100,80,-0.000382155985], [147,80,0.999999926978], [148,80,0.000382155985], [102,81,-0.004313658416], [103,81,-0.999990696132], [108,81,0.004313658416], [109,81,0.999990696132], [102,82,-0.999997577137], [103,82,0.002201299717], [126,82,0.999997577137], [127,82,-0.002201299717], [105,83,-0.000559361322], [106,83,-0.999999843557], [108,83,0.000559361322], [109,83,0.999999843557], [105,84,0.000517386588], [106,84,-0.999999866156], [111,84,-0.000517386588], [112,84,0.999999866156], [108,85,0.001581201893], [109,85,-0.999998749900], [111,85,-0.001581201893], [112,85,0.999998749900], [108,86,-0.704133141129], [109,86,-0.710067968271], [135,86,0.704133141129], [136,86,0.710067968271], [111,87,-0.703376231473], [112,87,0.710817752310], [132,87,0.703376231473], [133,87,-0.710817752310], [111,88,-0.999996818154], [112,88,0.002522634023], [135,88,0.999996818154], [136,88,-0.002522634023], [111,89,-0.707947373909], [112,89,-0.706265187997], [138,89,0.707947373909], [139,89,0.706265187997], [111,90,-0.999999935813], [112,90,0.000358292928], [159,90,0.999999935813], [160,90,-0.000358292928], [114,91,-0.705325913409], [115,91,0.708883175054], [135,91,0.705325913409], [136,91,-0.708883175054], [114,92,-0.999999571919], [115,92,0.000925290369], [138,92,0.999999571919], [139,92,-0.000925290369], [120,93,-0.003524938393], [121,93,-0.999993787385], [123,93,0.003524938393], [124,93,0.999993787385], [120,94,-0.000763125481], [121,94,-0.999999708820], [126,94,0.000763125481], [127,94,0.999999708820], [120,95,-0.999999074343], [121,95,0.001360629603], [144,95,0.999999074343], [145,95,-0.001360629603], [120,96,-0.708737011510], [121,96,-0.705472783682], [147,96,0.708737011510], [148,96,0.705472783682], [120,97,-0.999999487097], [121,97,-0.001012820756], [168,97,0.999999487097], [169,97,0.001012820756], [123,98,0.001987277140], [124,98,-0.999998025363], [126,98,-0.001987277140], [127,98,0.999998025363], [123,99,-0.705098019626], [124,99,0.709109852364], [144,99,0.705098019626], [145,99,-0.709109852364], [123,100,-0.999996647659], [124,100,0.002589337749], [147,100,0.999996647659], [148,100,-0.002589337749], [123,101,-0.704645914520], [124,101,-0.709559113218], [150,101,0.704645914520], [151,101,0.709559113218], [123,102,-0.999997810414], [124,102,-0.002092645968], [171,102,0.999997810414], [172,102,0.002092645968], [129,103,-0.000009490943], [130,103,-0.999999999955], [135,103,0.000009490943], [136,103,0.999999999955], [132,104,-0.002815426210], [133,104,-0.999996036680], [135,104,0.002815426210], [136,104,0.999996036680], [132,105,-0.003260189318], [133,105,-0.999994685569], [138,105,0.003260189318], [139,105,0.999994685569], [132,106,-0.999996980271], [133,106,-0.002457528931], [180,106,0.999996980271], [181,106,0.002457528931], [138,107,-0.705007196612], [139,107,0.709200149976], [159,107,0.705007196612], [160,107,-0.709200149976], [138,108,-0.705970387844], [139,108,-0.708241351157], [165,108,0.705970387844], [166,108,0.708241351157], [141,109,-0.999981426373], [142,109,-0.006094826469], [165,109,0.999981426373], [166,109,0.006094826469], [141,110,-0.999998044015], [142,110,-0.001977868949], [189,110,0.999998044015], [190,110,0.001977868949], [144,111,-0.002813733003], [145,111,-0.999996041445], [147,111,0.002813733003], [148,111,0.999996041445], [144,112,-0.001729729553], [145,112,-0.999998504017], [150,112,0.001729729553], [151,112,0.999998504017], [147,113,-0.708970623111], [148,113,0.705238013415], [168,113,0.708970623111], [169,113,-0.705238013415], [150,114,-0.707694401098], [151,114,0.706518672545], [171,114,0.707694401098], [172,114,-0.706518672545], [153,115,-0.706550349562], [154,115,0.707662775292], [174,115,0.706550349562], [175,115,-0.707662775292], [153,116,-0.999992778880], [154,116,-0.003800287844], [177,116,0.999992778880], [178,116,0.003800287844], [153,117,-0.703802509539], [154,117,-0.710395683803], [180,117,0.703802509539], [181,117,0.710395683803], [156,118,0.001408887219], [157,118,-0.999999007518], [162,118,-0.001408887219], [163,118,0.999999007518], [156,119,-0.706709683058], [157,119,0.707503656437], [177,119,0.706709683058], [178,119,-0.707503656437], [156,120,-0.999994887788], [157,120,0.003197561292], [180,120,0.999994887788], [181,120,-0.003197561292], [156,121,-0.709286124642], [157,121,-0.704920700072], [183,121,0.709286124642], [184,121,0.704920700072], [159,122,-0.001526424940], [160,122,-0.999998835013], [162,122,0.001526424940], [163,122,0.999998835013], [159,123,-0.001605669585], [160,123,-0.999998710912], [165,123,0.001605669585], [166,123,0.999998710912], [159,124,-0.999984235749], [160,124,0.005615002522], [183,124,0.999984235749], [184,124,-0.005615002522], [159,125,-0.711142711797], [160,125,-0.703047682208], [186,125,0.711142711797], [187,125,0.703047682208], [162,126,-0.001685396063], [163,126,-0.999998579719], [165,126,0.001685396063], [166,126,0.999998579719], [162,127,-0.704025496393], [163,127,0.710174697119], [183,127,0.704025496393], [184,127,-0.710174697119], [162,128,-0.709459718125], [163,128,-0.704745988537], [189,128,0.709459718125], [190,128,0.704745988537], [165,129,-0.705417281178], [166,129,0.708792254060], [186,129,0.705417281178], [187,129,-0.708792254060], [165,130,-0.999997685556], [166,130,0.002151483852], [189,130,0.999997685556], [190,130,-0.002151483852], [168,131,-0.003609605162], [169,131,-0.999993485354], [171,131,0.003609605162], [172,131,0.999993485354], [168,132,-0.000430583185], [169,132,-0.999999907299], [174,132,0.000430583185], [175,132,0.999999907299], [174,133,0.000958201576], [175,133,-0.999999540925], [180,133,-0.000958201576], [181,133,0.999999540925], [177,134,0.007550107705], [178,134,-0.999971497531], [180,134,-0.007550107705], [181,134,0.999971497531], [177,135,0.002783488283], [178,135,-0.999996126089], [183,135,-0.002783488283], [184,135,0.999996126089], [180,136,-0.002749101910], [181,136,-0.999996221212], [186,136,0.002749101910], [187,136,0.999996221212], [183,137,-0.003480291435], [184,137,-0.999993943767], [186,137,0.003480291435], [187,137,0.999993943767], [183,138,-0.000774156155], [184,138,-0.999999700341], [189,138,0.000774156155], [190,138,0.999999700341], ]
},
"Q": {
"shape": [139, 139],
"data": [[0,0,2.000000000000], [1,0,0.703617980254], [22,0,0.009699820237], [0,1,0.703617980254], [1,1,2.000000000000], [22,1,0.703720056362], [23,1,-0.706276749179], [2,2,2.000000000000], [4,2,0.708320015465], [23,2,0.707884181139], [3,3,2.000000000000], [4,3,0.004831583997], [5,3,0.708846165344], [6,3,0.999987991269], [9,3,-0.999993219993], [10,3,-0.999997768892], [11,3,-0.708164301063], [2,4,0.708320015465], [3,4,0.004831583997], [4,4,2.000000000000], [5,4,0.708779724493], [23,4,0.002817258752], [3,5,0.708846165344], [4,5,0.708779724493], [5,5,2.000000000000], [24,5,-0.709488151258], [25,5,-0.709483254214], [26,5,-0.708769215821], [27,5,-0.999988506925], [3,6,0.999987991269], [6,6,2.000000000000], [7,6,0.999990815010], [8,6,0.709916803679], [9,6,-0.999963164902], [10,6,-0.999975407878], [11,6,-0.711615957656], [6,7,0.999990815010], [7,7,2.000000000000], [8,7,0.706891707018], [9,7,0.999990767326], [12,7,0.706964181618], [13,7,-0.002006733190], [14,7,-0.002101109322], [6,8,0.709916803679], [7,8,0.706891707018], [8,8,2.000000000000], [12,8,0.000505760461], [24,8,0.707100919469], [28,8,-0.707091104891], [29,8,-0.004896808803], [30,8,-0.705071115739], [3,9,-0.999993219993], [6,9,-0.999963164902], [7,9,0.999990767326], [9,9,2.000000000000], [10,9,0.999998767553], [11,9,0.705559559510], [12,9,0.709996791665], [13,9,0.002290399345], [14,9,0.002196023252], [3,10,-0.999997768892], [6,10,-0.999975407878], [9,10,0.999998767553], [10,10,2.000000000000], [11,10,0.706671269868], [15,10,-0.999946873509], [16,10,0.708620171747], [17,10,0.000082569491], [18,10,-0.703829380050], [3,11,-0.708164301063], [6,11,-0.711615957656], [9,11,0.705559559510], [10,11,0.706671269868], [11,11,2.000000000000], [13,11,0.707032752846], [16,11,-0.001526837272], [25,11,0.708802008800], [28,11,0.708797119763], [31,11,-0.709507766166], [32,11,-0.707165913340], [7,12,0.706964181618], [8,12,0.000505760461], [9,12,0.709996791665], [12,12,2.000000000000], [13,12,0.705829239476], [14,12,0.705762381837], [24,12,-0.706754928731], [28,12,0.706764747973], [29,12,-0.999990359277], [30,12,-0.709493109422], [7,13,-0.002006733190], [9,13,0.002290399345], [11,13,0.707032752846], [12,13,0.705829239476], [13,13,2.000000000000], [14,13,0.999999995547], [16,13,0.706100453516], [25,13,0.002295608479], [28,13,0.002288677723], [31,13,-0.003296604108], [32,13,-0.999999982269], [7,14,-0.002101109322], [9,14,0.002196023252], [12,14,0.705762381837], [13,14,0.999999995547], [14,14,2.000000000000], [32,14,0.999999995588], [34,14,0.705046009850], [46,14,-0.002616332908], [47,14,-0.001954842386], [10,15,-0.999946873509], [15,15,2.000000000000], [16,15,-0.701309463015], [17,15,0.010225206708], [18,15,0.711114310280], [19,15,0.700919791439], [20,15,-0.007716266484], [21,15,-0.004404045357], [10,16,0.708620171747], [11,16,-0.001526837272], [13,16,0.706100453516], [15,16,-0.701309463015], [16,16,2.000000000000], [17,16,0.705648652628], [18,16,0.002481712790], [25,16,-0.706488882723], [28,16,-0.706493787782], [31,16,0.705780097320], [32,16,-0.705967092667], [10,17,0.000082569491], [15,17,0.010225206708], [16,17,0.705648652628], [17,17,2.000000000000], [18,17,0.710310944415], [19,17,0.706035766926], [33,17,0.000602685161], [34,17,-0.704660506881], [35,17,-0.999951486379], [36,17,-0.711714854359], [10,18,-0.703829380050], [15,18,0.711114310280], [16,18,0.002481712790], [17,18,0.710310944415], [18,18,2.000000000000], [20,18,0.708542625937], [31,18,0.706677255491], [33,18,0.703459810760], [15,19,0.700919791439], [17,19,0.706035766926], [19,19,2.000000000000], [20,19,0.707810386368], [21,19,0.710146304559], [33,19,0.708601564359], [34,19,-0.999998118008], [35,19,-0.712977135746], [36,19,-0.005024700970], [15,20,-0.007716266484], [18,20,0.708542625937], [19,20,0.707810386368], [20,20,2.000000000000], [21,20,0.999994514394], [31,20,0.001425401166], [33,20,-0.003111722017], [15,21,-0.004404045357], [19,21,0.710146304559], [20,21,0.999994514394], [21,21,2.000000000000], [36,21,0.707613520713], [47,21,-0.003323018479], [49,21,-0.999965906509], [50,21,-0.999991473088], [0,22,0.009699820237], [1,22,0.703720056362], [22,22,2.000000000000], [23,22,-0.999993501993], [1,23,-0.706276749179], [2,23,0.707884181139], [4,23,0.002817258752], [22,23,-0.999993501993], [23,23,2.000000000000], [5,24,-0.709488151258], [8,24,0.707100919469], [12,24,-0.706754928731], [24,24,2.000000000000], [25,24,0.999999999976], [26,24,0.005727241047], [27,24,0.706101318769], [28,24,-0.999999999904], [29,24,0.703641626964], [30,24,0.002883023282], [5,25,-0.709483254214], [11,25,0.708802008800], [13,25,0.002295608479], [16,25,-0.706488882723], [24,25,0.999999999976], [25,25,2.000000000000], [26,25,0.005720292238], [27,25,0.706096398144], [28,25,0.999999999976], [31,25,-0.999999499000], [32,25,-0.002483923335], [5,26,-0.708769215821], [24,26,0.005727241047], [25,26,0.005720292238], [26,26,2.000000000000], [27,26,0.712143214814], [29,26,0.706513458274], [40,26,0.002722513951], [5,27,-0.999988506925], [24,27,0.706101318769], [25,27,0.706096398144], [26,27,0.712143214814], [27,27,2.000000000000], [30,27,0.706072166534], [41,27,0.703584635914], [45,27,-0.708291920144], [8,28,-0.707091104891], [11,28,0.708797119763], [12,28,0.706764747973], [13,28,0.002288677723], [16,28,-0.706493787782], [24,28,-0.999999999904], [25,28,0.999999999976], [28,28,2.000000000000], [29,28,-0.703651489185], [30,28,-0.002896902921], [31,28,-0.999999492038], [32,28,-0.002476992582], [8,29,-0.004896808803], [12,29,-0.999990359277], [24,29,0.703641626964], [26,29,0.706513458274], [28,29,-0.703651489185], [29,29,2.000000000000], [30,29,0.712580699321], [40,29,-0.705773491152], [8,30,-0.705071115739], [12,30,-0.709493109422], [24,30,0.002883023282], [27,30,0.706072166534], [28,30,-0.002896902921], [29,30,0.712580699321], [30,30,2.000000000000], [41,30,-0.006430795290], [45,30,-0.000215349556], [11,31,-0.709507766166], [13,31,-0.003296604108], [16,31,0.705780097320], [18,31,0.706677255491], [20,31,0.001425401166], [25,31,-0.999999499000], [28,31,-0.999999492038], [31,31,2.000000000000], [32,31,0.003484918419], [33,31,0.999989707249], [11,32,-0.707165913340], [13,32,-0.999999982269], [14,32,0.999999995588], [16,32,-0.705967092667], [25,32,-0.002483923335], [28,32,-0.002476992582], [31,32,0.003484918419], [32,32,2.000000000000], [34,32,0.704979388767], [46,32,-0.002710271638], [47,32,-0.002048781260], [17,33,0.000602685161], [18,33,0.703459810760], [19,33,0.708601564359], [20,33,-0.003111722017], [31,33,0.999989707249], [33,33,2.000000000000], [34,33,-0.709969181168], [35,33,-0.010452775348], [36,33,0.702039412931], [14,34,0.705046009850], [17,34,-0.704660506881], [19,34,-0.999998118008], [32,34,0.704979388767], [33,34,-0.709969181168], [34,34,2.000000000000], [35,34,0.711615421778], [36,34,0.003084617850], [46,34,0.707314501841], [47,34,0.707781955275], [17,35,-0.999951486379], [19,35,-0.712977135746], [33,35,-0.010452775348], [34,35,0.711615421778], [35,35,2.000000000000], [36,35,0.704760926813], [45,35,-0.003811501616], [46,35,-0.006690437620], [48,35,-0.712958160030], [17,36,-0.711714854359], [19,36,-0.005024700970], [21,36,0.707613520713], [33,36,0.702039412931], [34,36,0.003084617850], [35,36,0.704760926813], [36,36,2.000000000000], [47,36,0.704244364139], [49,36,-0.713424121680], [50,36,-0.710525474326], [37,37,2.000000000000], [38,37,0.706586759626], [51,37,-0.001961078660], [52,37,0.002701457912], [37,38,0.706586759626], [38,38,2.000000000000], [39,38,0.707816218737], [51,38,0.706239387670], [52,38,0.709532652896], [38,39,0.707816218737], [39,39,2.000000000000], [54,39,0.999999086700], [57,39,0.710485981424], [74,39,-0.003802220620], [78,39,0.009747591569], [79,39,-0.702885710202], [80,39,-0.999989302509], [26,40,0.002722513951], [29,40,-0.705773491152], [40,40,2.000000000000], [41,40,0.999999852544], [42,40,-0.004975721994], [43,40,0.705235927898], [44,40,-0.000347911094], [27,41,0.703584635914], [30,41,-0.006430795290], [40,41,0.999999852544], [41,41,2.000000000000], [42,41,-0.005518771808], [43,41,0.704850811129], [44,41,-0.000890968280], [45,41,-0.999977914166], [40,42,-0.004975721994], [41,42,-0.005518771808], [42,42,2.000000000000], [43,42,0.705454863365], [44,42,0.999989291607], [52,42,-0.002966500767], [57,42,-0.709448004522], [58,42,-0.999957102487], [59,42,-0.999988034581], [40,43,0.705235927898], [41,43,0.704850811129], [42,43,0.705454863365], [43,43,2.000000000000], [44,43,0.708727295331], [60,43,-0.000062971397], [61,43,-0.708687840363], [62,43,-0.999996614028], [40,44,-0.000347911094], [41,44,-0.000890968280], [42,44,0.999989291607], [43,44,0.708727295331], [44,44,2.000000000000], [55,44,0.703847802568], [58,44,0.999989259509], [60,44,0.705527172832], [75,44,-0.000693737167], [78,44,-0.003645998788], [81,44,-0.006172052496], [82,44,-0.999991759342], [27,45,-0.708291920144], [30,45,-0.000215349556], [35,45,-0.003811501616], [41,45,-0.999977914166], [45,45,2.000000000000], [46,45,0.999995855749], [48,45,0.703918923627], [14,46,-0.002616332908], [32,46,-0.002710271638], [34,46,0.707314501841], [35,46,-0.006690437620], [45,46,0.999995855749], [46,46,2.000000000000], [47,46,0.999999781214], [48,46,0.705960884103], [14,47,-0.001954842386], [21,47,-0.003323018479], [32,47,-0.002048781260], [34,47,0.707781955275], [36,47,0.704244364139], [46,47,0.999999781214], [47,47,2.000000000000], [49,47,-0.004934519700], [50,47,-0.000806605935], [35,48,-0.712958160030], [45,48,0.703918923627], [46,48,0.705960884103], [48,48,2.000000000000], [63,48,-0.703155895589], [68,48,-0.999998402926], [69,48,-0.707706989316], [21,49,-0.999965906509], [36,49,-0.713424121680], [47,49,-0.004934519700], [49,49,2.000000000000], [50,49,0.999991480094], [73,49,-0.999966310331], [21,50,-0.999991473088], [36,50,-0.710525474326], [47,50,-0.000806605935], [49,50,0.999991480094], [50,50,2.000000000000], [71,50,0.706570100581], [73,50,0.999991674440], [37,51,-0.001961078660], [38,51,0.706239387670], [51,51,2.000000000000], [52,51,0.999989130375], [53,51,0.703861315613], [54,51,-0.001573645113], [55,51,-0.714787614920], [56,51,-0.004695408885], [37,52,0.002701457912], [38,52,0.709532652896], [42,52,-0.002966500767], [51,52,0.999989130375], [52,52,2.000000000000], [57,52,0.706859257354], [58,52,-0.006296046869], [59,52,-0.001925414209], [51,53,0.703861315613], [53,53,2.000000000000], [54,53,0.709228911239], [55,53,-0.006342848128], [56,53,0.707024671610], [74,53,0.706714260393], [75,53,0.708828810488], [76,53,-0.003719399392], [77,53,-0.707923870760], [39,54,0.999999086700], [51,54,-0.001573645113], [53,54,0.709228911239], [54,54,2.000000000000], [55,54,0.700465550454], [56,54,0.999995127248], [57,54,0.709534254679], [74,54,-0.002450709915], [78,54,0.008396129874], [79,54,-0.703846406089], [80,54,-0.999994640605], [44,55,0.703847802568], [51,55,-0.714787614920], [53,55,-0.006342848128], [54,55,0.700465550454], [55,55,2.000000000000], [56,55,0.702690105258], [58,55,0.707132538156], [60,55,-0.006829698347], [75,55,0.709862351961], [78,55,0.707779858571], [81,55,-0.714681463601], [82,55,-0.700958183954], [51,56,-0.004695408885], [53,56,0.707024671610], [54,56,0.999995127248], [55,56,0.702690105258], [56,56,2.000000000000], [76,56,0.709813696745], [93,56,0.003754915475], [98,56,0.001757298937], [99,56,-0.704934920886], [100,56,-0.999996025722], [101,56,-0.704809079299], [102,56,-0.999998265233], [39,57,0.710485981424], [42,57,-0.709448004522], [52,57,0.706859257354], [54,57,0.709534254679], [57,57,2.000000000000], [58,57,0.702889779417], [59,57,0.705991910385], [74,57,-0.706407692015], [78,57,0.710603448931], [79,57,0.001161415604], [80,57,-0.707223393213], [42,58,-0.999957102487], [44,58,0.999989259509], [52,58,-0.006296046869], [55,58,0.707132538156], [57,58,0.702889779417], [58,58,2.000000000000], [59,58,0.999990448624], [60,58,0.702235030341], [75,58,0.003941014735], [78,58,0.000988755132], [81,58,-0.010806643492], [82,58,-0.999962203216], [42,59,-0.999988034581], [52,59,-0.001925414209], [57,59,0.705991910385], [58,59,0.999990448624], [59,59,2.000000000000], [79,59,0.707399469299], [82,59,0.999990652346], [94,59,0.002885630532], [98,59,0.000135230534], [43,60,-0.000062971397], [44,60,0.705527172832], [55,60,-0.006829698347], [58,60,0.702235030341], [60,60,2.000000000000], [61,60,0.705566804566], [62,60,0.002665265050], [75,60,-0.709172148592], [78,60,-0.711250509536], [81,60,0.704314819463], [82,60,-0.708398405918], [43,61,-0.708687840363], [60,61,0.705566804566], [61,61,2.000000000000], [62,61,0.710521416808], [64,61,0.708351487462], [83,61,-0.002361854401], [84,61,-0.001285108281], [43,62,-0.999996614028], [60,62,0.002665265050], [61,62,0.710521416808], [62,62,2.000000000000], [65,62,0.705778621876], [68,62,0.001852453884], [81,62,0.708008055245], [83,62,0.705351761455], [85,62,-0.703832791966], [86,62,-0.999973828710], [48,63,-0.703155895589], [63,63,2.000000000000], [64,63,-0.701046070321], [65,63,0.000055687644], [66,63,0.709234934983], [67,63,0.003304313047], [68,63,0.704425547695], [69,63,-0.004722701131], [61,64,0.708351487462], [63,64,-0.701046070321], [64,64,2.000000000000], [65,64,0.713076943748], [66,64,0.005520582452], [67,64,0.710795615696], [83,64,0.704184888162], [84,64,0.704948988785], [62,65,0.705778621876], [63,65,0.000055687644], [64,65,0.713076943748], [65,65,2.000000000000], [66,65,0.705011697527], [67,65,0.999994723202], [68,65,0.709738657312], [81,65,-0.000601133597], [83,65,-0.004355430305], [85,65,0.006495962292], [86,65,-0.700634805014], [63,66,0.709234934983], [64,66,0.005520582452], [65,66,0.705011697527], [66,66,2.000000000000], [67,66,0.707311888622], [84,66,0.705355471849], [85,66,0.704600982931], [87,66,0.003305686296], [88,66,-0.706706194423], [89,66,-0.999999706012], [90,66,-0.708235826654], [63,67,0.003304313047], [64,67,0.710795615696], [65,67,0.999994723202], [66,67,0.707311888622], [67,67,2.000000000000], [87,67,0.704559600656], [104,67,-0.001149255666], [105,67,-0.001594020408], [106,67,-0.999991497539], [48,68,-0.999998402926], [62,68,0.001852453884], [63,68,0.704425547695], [65,68,0.709738657312], [68,68,2.000000000000], [69,68,0.706443179427], [81,68,-0.704891592929], [83,68,-0.707549607914], [85,68,0.709060644518], [86,68,0.005382352023], [48,69,-0.707706989316], [63,69,-0.004722701131], [68,69,0.706443179427], [69,69,2.000000000000], [86,69,0.703957182863], [88,69,0.999997412502], [91,69,0.705501534848], [103,69,-0.000238283439], [104,69,0.002567652724], [70,70,2.000000000000], [71,70,0.708590579002], [72,70,0.999997752648], [91,70,-0.702975947741], [92,70,-0.999991032940], [50,71,0.706570100581], [70,71,0.708590579002], [71,71,2.000000000000], [72,71,0.707093022844], [73,71,0.703676631123], [70,72,0.999997752648], [71,72,0.707093022844], [72,72,2.000000000000], [89,72,0.708786982575], [92,72,0.999997763810], [105,72,0.004449690708], [107,72,-0.704163097159], [108,72,-0.706812348575], [49,73,-0.999966310331], [50,73,0.999991674440], [71,73,0.703676631123], [73,73,2.000000000000], [39,74,-0.003802220620], [53,74,0.706714260393], [54,74,-0.002450709915], [57,74,-0.706407692015], [74,74,2.000000000000], [75,74,0.999995520241], [76,74,0.704865637855], [77,74,-0.000601253515], [78,74,-0.999982325471], [79,74,-0.708625135420], [80,74,-0.000823245302], [44,75,-0.000693737167], [53,75,0.708828810488], [55,75,0.709862351961], [58,75,0.003941014735], [60,75,-0.709172148592], [74,75,0.999995520241], [75,75,2.000000000000], [76,75,0.702739251390], [77,75,-0.003594492323], [78,75,0.999995642055], [81,75,-0.999976430289], [82,75,0.004753440706], [53,76,-0.003719399392], [56,76,0.709813696745], [74,76,0.704865637855], [75,76,0.702739251390], [76,76,2.000000000000], [77,76,0.708916912564], [93,76,0.707049787918], [98,76,-0.703141020764], [99,76,-0.000768745084], [100,76,-0.707824979607], [101,76,-0.999974938985], [102,76,-0.711124508964], [53,77,-0.707923870760], [74,77,-0.000601253515], [75,77,-0.003594492323], [76,77,0.708916912564], [77,77,2.000000000000], [95,77,0.999999949347], [99,77,0.705836772112], [111,77,-0.001771392838], [112,77,-0.000687387409], [39,78,0.009747591569], [44,78,-0.003645998788], [54,78,0.008396129874], [55,78,0.707779858571], [57,78,0.710603448931], [58,78,0.000988755132], [60,78,-0.711250509536], [74,78,-0.999982325471], [75,78,0.999995642055], [78,78,2.000000000000], [79,78,0.704417567554], [80,78,-0.005122248362], [81,78,-0.999951802858], [82,78,0.007705651991], [39,79,-0.702885710202], [54,79,-0.703846406089], [57,79,0.001161415604], [59,79,0.707399469299], [74,79,-0.708625135420], [78,79,0.704417567554], [79,79,2.000000000000], [80,79,0.706168292817], [82,79,0.704336736640], [94,79,0.708852322602], [98,79,0.706909627418], [39,80,-0.999989302509], [54,80,-0.999994640605], [57,80,-0.707223393213], [74,80,-0.000823245302], [78,80,-0.005122248362], [79,80,0.706168292817], [80,80,2.000000000000], [96,80,0.709006560403], [100,80,0.999995585107], [111,80,0.003195887270], [113,80,-0.708701060414], [44,81,-0.006172052496], [55,81,-0.714681463601], [58,81,-0.010806643492], [60,81,0.704314819463], [62,81,0.708008055245], [65,81,-0.000601133597], [68,81,-0.704891592929], [75,81,-0.999976430289], [78,81,-0.999951802858], [81,81,2.000000000000], [82,81,0.002112368728], [83,81,0.999992952585], [85,81,-0.999982625279], [86,81,-0.713098751743], [44,82,-0.999991759342], [55,82,-0.700958183954], [58,82,-0.999962203216], [59,82,0.999990652346], [60,82,-0.708398405918], [75,82,0.004753440706], [78,82,0.007705651991], [79,82,0.704336736640], [81,82,0.002112368728], [82,82,2.000000000000], [94,82,-0.001438175444], [98,82,-0.004188567695], [61,83,-0.002361854401], [62,83,0.705351761455], [64,83,0.704184888162], [65,83,-0.004355430305], [68,83,-0.707549607914], [81,83,0.999992952585], [83,83,2.000000000000], [84,83,0.999999420307], [85,83,-0.999997708994], [86,83,-0.710461722031], [61,84,-0.001285108281], [64,84,0.704948988785], [66,84,0.705355471849], [83,84,0.999999420307], [84,84,2.000000000000], [85,84,0.999999434148], [87,84,0.711181574599], [88,84,0.003040018627], [89,84,-0.705898810991], [90,84,0.000875679435], [62,85,-0.703832791966], [65,85,0.006495962292], [66,85,0.704600982931], [68,85,0.709060644518], [81,85,-0.999982625279], [83,85,-0.999997708994], [84,85,0.999999434148], [85,85,2.000000000000], [86,85,0.708953703959], [87,85,0.711929043545], [88,85,0.004103827732], [89,85,-0.705144897366], [90,85,0.001939494272], [62,86,-0.999973828710], [65,86,-0.700634805014], [68,86,0.005382352023], [69,86,0.703957182863], [81,86,-0.713098751743], [83,86,-0.710461722031], [85,86,0.708953703959], [86,86,2.000000000000], [88,86,0.702339659070], [91,86,-0.006711884924], [103,86,0.710074651126], [104,86,0.712047588945], [66,87,0.003305686296], [67,87,0.704559600656], [84,87,0.711181574599], [85,87,0.711929043545], [87,87,2.000000000000], [88,87,0.705167126484], [89,87,-0.004072477526], [90,87,0.703630867299], [104,87,0.708834631235], [105,87,0.708520835042], [106,87,-0.701627252276], [66,88,-0.706706194423], [69,88,0.999997412502], [84,88,0.003040018627], [85,88,0.004103827732], [86,88,0.702339659070], [87,88,0.705167126484], [88,88,2.000000000000], [89,88,0.706163472736], [90,88,0.999997657809], [91,88,0.707111921986], [103,88,-0.002513143111], [104,88,0.000292793226], [66,89,-0.999999706012], [72,89,0.708786982575], [84,89,-0.705898810991], [85,89,-0.705144897366], [87,89,-0.004072477526], [88,89,0.706163472736], [89,89,2.000000000000], [90,89,0.707694278645], [92,89,0.707293570473], [105,89,0.708569477065], [107,89,0.001775383822], [108,89,-0.999996093153], [66,90,-0.708235826654], [84,90,0.000875679435], [85,90,0.001939494272], [87,90,0.703630867299], [88,90,0.999997657809], [89,90,0.707694278645], [90,90,2.000000000000], [107,90,0.705261252758], [122,90,-0.001168132331], [123,90,-0.001247377016], [124,90,-0.999986183379], [125,90,-0.710890769138], [69,91,0.705501534848], [70,91,-0.702975947741], [86,91,-0.006711884924], [88,91,0.707111921986], [91,91,2.000000000000], [92,91,0.705981534247], [103,91,-0.708876480814], [104,91,-0.706894572460], [70,92,-0.999991032940], [72,92,0.999997763810], [89,92,0.707293570473], [91,92,0.705981534247], [92,92,2.000000000000], [105,92,0.002334902471], [107,92,-0.705663110879], [108,92,-0.705314756730], [56,93,0.003754915475], [76,93,0.707049787918], [93,93,2.000000000000], [94,93,0.999996186177], [95,93,0.002164313981], [96,93,0.707966655154], [97,93,0.004537751049], [98,93,-0.999984807731], [99,93,0.706620019857], [100,93,-0.000935604914], [101,93,-0.712038538439], [102,93,-0.005617563642], [59,94,0.002885630532], [79,94,0.708852322602], [82,94,-0.001438175444], [93,94,0.999996186177], [94,94,2.000000000000], [95,94,-0.000597504432], [96,94,0.706013433536], [97,94,0.001775945551], [98,94,0.999996217641], [77,95,0.999999949347], [93,95,0.002164313981], [94,95,-0.000597504432], [95,95,2.000000000000], [96,95,0.707776468309], [97,95,0.999997183367], [99,95,0.706062202804], [111,95,-0.001453106182], [112,95,-0.000369100384], [80,96,0.709006560403], [93,96,0.707966655154], [94,96,0.706013433536], [95,96,0.707776468309], [96,96,2.000000000000], [97,96,0.709451165474], [100,96,0.706907928272], [111,96,0.707464187750], [113,96,-0.004947496190], [93,97,0.004537751049], [94,97,0.001775945551], [95,97,0.999997183367], [96,97,0.709451165474], [97,97,2.000000000000], [113,97,0.708255979780], [131,97,-0.004622417469], [132,97,-0.001443403626], [56,98,0.001757298937], [59,98,0.000135230534], [76,98,-0.703141020764], [79,98,0.706909627418], [82,98,-0.004188567695], [93,98,-0.999984807731], [94,98,0.999996217641], [98,98,2.000000000000], [99,98,-0.710509677304], [100,98,-0.004576603114], [101,98,0.708157385379], [102,98,0.000105369047], [56,99,-0.704934920886], [76,99,-0.000768745084], [77,99,0.705836772112], [93,99,0.706620019857], [95,99,0.706062202804], [98,99,-0.710509677304], [99,99,2.000000000000], [100,99,0.706931780807], [101,99,-0.006310919152], [102,99,0.703612559880], [111,99,0.707123087745], [112,99,0.707889162665], [56,100,-0.999996025722], [76,100,-0.707824979607], [80,100,0.999995585107], [93,100,-0.000935604914], [96,100,0.706907928272], [98,100,-0.004576603114], [99,100,0.706931780807], [100,100,2.000000000000], [101,100,0.702806264109], [102,100,0.999989039514], [111,100,0.000224396072], [113,100,-0.710794345811], [56,101,-0.704809079299], [76,101,-0.999974938985], [93,101,-0.712038538439], [98,101,0.708157385379], [99,101,-0.006310919152], [100,101,0.702806264109], [101,101,2.000000000000], [102,101,0.706129227654], [112,101,0.710776898592], [114,101,0.002642794300], [56,102,-0.999998265233], [76,102,-0.711124508964], [93,102,-0.005617563642], [98,102,0.000105369047], [99,102,0.703612559880], [100,102,0.999989039514], [101,102,0.706129227654], [102,102,2.000000000000], [114,102,0.706214358089], [131,102,0.005702229594], [69,103,-0.000238283439], [86,103,0.710074651126], [88,103,-0.002513143111], [91,103,-0.708876480814], [103,103,2.000000000000], [104,103,0.999996063356], [67,104,-0.001149255666], [69,104,0.002567652724], [86,104,0.712047588945], [87,104,0.708834631235], [88,104,0.000292793226], [91,104,-0.706894572460], [103,104,0.999996063356], [104,104,2.000000000000], [105,104,0.999999901092], [106,104,0.005272936899], [67,105,-0.001594020408], [72,105,0.004449690708], [87,105,0.708520835042], [89,105,0.708569477065], [92,105,0.002334902471], [104,105,0.999999901092], [105,105,2.000000000000], [106,105,0.005717695344], [107,105,0.706897924049], [108,105,-0.710539184374], [67,106,-0.999991497539], [87,106,-0.701627252276], [104,106,0.005272936899], [105,106,0.005717695344], [106,106,2.000000000000], [117,106,0.705546202192], [120,106,0.999984009975], [133,106,0.001499329120], [134,106,-0.005092626021], [136,106,-0.005206613253], [72,107,-0.704163097159], [89,107,0.001775383822], [90,107,0.705261252758], [92,107,-0.705663110879], [105,107,0.706897924049], [107,107,2.000000000000], [108,107,-0.004570668435], [122,107,0.708123183199], [123,107,0.708067227141], [124,107,-0.708978243332], [125,107,-0.002759207972], [72,108,-0.706812348575], [89,108,-0.999996093153], [92,108,-0.705314756730], [105,108,-0.710539184374], [107,108,-0.004570668435], [108,108,2.000000000000], [109,108,0.710273883546], [123,108,0.709373993351], [126,108,0.709430184967], [129,108,0.003992272119], [130,108,-0.704444984084], [108,109,0.710273883546], [109,109,2.000000000000], [110,109,0.999991525192], [123,109,0.007700458375], [126,109,0.007780182572], [129,109,-0.701084213229], [130,109,-0.999965999051], [109,110,0.999991525192], [110,110,2.000000000000], [128,110,0.710852225640], [130,110,0.999991474223], [138,110,0.002752022997], [77,111,-0.001771392838], [80,111,0.003195887270], [95,111,-0.001453106182], [96,111,0.707464187750], [99,111,0.707123087745], [100,111,0.000224396072], [111,111,2.000000000000], [112,111,0.999999412465], [113,111,0.703240367651], [77,112,-0.000687387409], [95,112,-0.000369100384], [99,112,0.707889162665], [101,112,0.710776898592], [111,112,0.999999412465], [112,112,2.000000000000], [114,112,0.705293495684], [80,113,-0.708701060414], [96,113,-0.004947496190], [97,113,0.708255979780], [100,113,-0.710794345811], [111,113,0.703240367651], [113,113,2.000000000000], [131,113,0.702674315018], [132,113,0.704932677210], [101,114,0.002642794300], [102,114,0.706214358089], [112,114,0.705293495684], [114,114,2.000000000000], [131,114,-0.703959572462], [115,115,2.000000000000], [116,115,0.703855925235], [117,115,-0.005448672017], [132,115,-0.707358480991], [133,115,0.708339468080], [115,116,0.703855925235], [116,116,2.000000000000], [117,116,0.706497135379], [119,116,0.704015862278], [134,116,0.003749873658], [135,116,-0.001016804939], [106,117,0.705546202192], [115,117,-0.005448672017], [116,117,0.706497135379], [117,117,2.000000000000], [120,117,0.701527377811], [133,117,0.709720973004], [134,117,0.705061651022], [136,117,-0.712327824192], [118,118,2.000000000000], [119,118,-0.708498628492], [120,118,-0.004606438135], [121