{
"N": {
"shape": [192, 140],
"data": [[0,0,-0.999999818542], [1,0,0.000602424817], [24,0,0.999999818542], [25,0,-0.000602424817], [0,1,-0.999999871530], [1,1,-0.000506892669], [48,1,0.999999871530], [49,1,0.000506892669], [3,2,0.002065114644], [4,2,-0.999997867648], [6,2,-0.002065114644], [7,2,0.999997867648], [3,3,-0.001176968032], [4,3,-0.999999307373], [9,3,0.001176968032], [10,3,0.999999307373], [3,4,-0.708405680319], [4,4,-0.705805491685], [30,4,0.708405680319], [31,4,0.705805491685], [6,5,-0.004426673009], [7,5,-0.999990202235], [9,5,0.004426673009], [10,5,0.999990202235], [6,6,-0.000813754742], [7,6,-0.999999668902], [12,6,0.000813754742], [13,6,0.999999668902], [9,7,-0.706525832111], [10,7,0.707687253354], [30,7,0.706525832111], [31,7,-0.707687253354], [9,8,-0.999999913127], [10,8,0.000416827860], [57,8,0.999999913127], [58,8,-0.000416827860], [12,9,-0.708018814825], [13,9,0.706193569678], [33,9,0.708018814825], [34,9,-0.706193569678], [15,10,-0.706218947763], [16,10,0.707993501256], [36,10,0.706218947763], [37,10,-0.707993501256], [15,11,-0.999993761173], [16,11,0.003532366877], [39,11,0.999993761173], [40,11,-0.003532366877], [15,12,-0.999999080848], [16,12,-0.001355840580], [63,12,0.999999080848], [64,12,0.001355840580], [18,13,0.007258811475], [19,13,-0.999973654481], [21,13,-0.007258811475], [22,13,0.999973654481], [24,14,-0.002221110293], [25,14,-0.999997533331], [30,14,0.002221110293], [31,14,0.999997533331], [24,15,-0.999999407505], [25,15,0.001088572208], [72,15,0.999999407505], [73,15,-0.001088572208], [27,16,-0.002835867623], [28,16,-0.999995978919], [30,16,0.002835867623], [31,16,0.999995978919], [27,17,0.001032934942], [28,17,-0.999999466523], [33,17,-0.001032934942], [34,17,0.999999466523], [30,18,-0.706429594255], [31,18,0.707783320205], [51,18,0.706429594255], [52,18,-0.707783320205], [30,19,-0.999999059058], [31,19,-0.001371817088], [78,19,0.999999059058], [79,19,0.001371817088], [33,20,-0.707729970053], [34,20,0.706483042605], [54,20,0.707729970053], [55,20,-0.706483042605], [33,21,-0.999989023617], [34,21,-0.004685364991], [57,21,0.999989023617], [58,21,0.004685364991], [33,22,-0.999998990730], [34,22,0.001420752855], [81,22,0.999998990730], [82,22,-0.001420752855], [36,23,-0.709238033627], [37,23,0.704969085604], [57,23,0.709238033627], [58,23,-0.704969085604], [36,24,-0.703689825190], [37,24,-0.710507304624], [63,24,0.703689825190], [64,24,0.710507304624], [36,25,-0.999993148126], [37,25,-0.003701851048], [84,25,0.999993148126], [85,25,0.003701851048], [39,26,-0.702202720422], [40,26,-0.711977063838], [66,26,0.702202720422], [67,26,0.711977063838], [42,27,-0.003872578212], [43,27,-0.999992501541], [45,27,0.003872578212], [46,27,0.999992501541], [42,28,-0.999989087060], [43,28,-0.004671804971], [66,28,0.999989087060], [67,28,0.004671804971], [42,29,-0.706824842215], [43,29,-0.707388607788], [69,29,0.706824842215], [70,29,0.707388607788], [42,30,-0.999999505394], [43,30,0.000994591740], [90,30,0.999999505394], [91,30,-0.000994591740], [45,31,-0.999999180357], [46,31,0.001280345756], [69,31,0.999999180357], [70,31,-0.001280345756], [45,32,-0.999997825601], [46,32,0.002085376236], [93,32,0.999997825601], [94,32,-0.002085376236], [48,33,-0.999992746279], [49,33,0.003808856806], [72,33,0.999992746279], [73,33,-0.003808856806], [51,34,-0.706442688697], [52,34,0.707770250566], [72,34,0.706442688697], [73,34,-0.707770250566], [51,35,-0.703001013617], [52,35,-0.711188846125], [78,35,0.703001013617], [79,35,0.711188846125], [54,36,-0.999996695749], [55,36,-0.002570698468], [78,36,0.999996695749], [79,36,0.002570698468], [54,37,-0.710199022803], [55,37,-0.704000957392], [81,37,0.710199022803], [82,37,0.704000957392], [54,38,-0.999999997058], [55,38,-0.000076710880], [102,38,0.999999997058], [103,38,0.000076710880], [57,39,-0.002938413385], [58,39,-0.999995682854], [60,39,0.002938413385], [61,39,0.999995682854], [57,40,0.000659331574], [58,40,-0.999999782641], [63,40,-0.000659331574], [64,40,0.999999782641], [57,41,-0.999971672314], [58,41,0.007526922917], [81,41,0.999971672314], [82,41,-0.007526922917], [57,42,-0.707755941896], [58,42,-0.706457023966], [84,42,0.707755941896], [85,42,0.706457023966], [57,43,-0.999999268243], [58,43,0.001209757421], [105,43,0.999999268243], [106,43,-0.001209757421], [60,44,0.004265035929], [61,44,-0.999990904693], [63,44,-0.004265035929], [64,44,0.999990904693], [60,45,0.003401194404], [61,45,-0.999994215922], [66,45,-0.003401194404], [67,45,0.999994215922], [60,46,-0.703633907527], [61,46,0.710562681386], [81,46,0.703633907527], [82,46,-0.710562681386], [60,47,-0.999999611968], [61,47,0.000880944539], [84,47,0.999999611968], [85,47,-0.000880944539], [60,48,-0.706307084308], [61,48,-0.707905574675], [87,48,0.706307084308], [88,48,0.707905574675], [60,49,-0.999999861895], [61,49,0.000525557204], [108,49,0.999999861895], [109,49,-0.000525557204], [63,50,-0.001808471686], [64,50,-0.999998364714], [69,50,0.001808471686], [70,50,0.999998364714], [63,51,-0.999998700704], [64,51,-0.001612014452], [87,51,0.999998700704], [88,51,0.001612014452], [63,52,-0.708090027853], [64,52,-0.706122165390], [90,52,0.708090027853], [91,52,0.706122165390], [66,53,-0.006162739215], [67,53,-0.999981010142], [69,53,0.006162739215], [70,53,0.999981010142], [66,54,-0.709246673042], [67,54,0.704960393767], [87,54,0.709246673042], [88,54,-0.704960393767], [66,55,-0.708944951609], [67,55,-0.705263819849], [93,55,0.708944951609], [94,55,0.705263819849], [69,56,-0.702670546157], [70,56,0.711515357223], [90,56,0.702670546157], [91,56,-0.711515357223], [69,57,-0.999995813884], [70,57,0.002893478046], [93,57,0.999995813884], [94,57,-0.002893478046], [75,58,-0.708553638118], [76,58,0.705656957671], [96,58,0.708553638118], [97,58,-0.705656957671], [75,59,-0.999999832814], [76,59,0.000578248857], [99,59,0.999999832814], [100,59,-0.000578248857], [75,60,-0.706487451578], [76,60,-0.707725568821], [102,60,0.706487451578], [103,60,0.707725568821], [78,61,-0.003162724938], [79,61,-0.999994998573], [84,61,0.003162724938], [85,61,0.999994998573], [78,62,-0.999997109161], [79,62,0.002404510237], [102,62,0.999997109161], [103,62,-0.002404510237], [78,63,-0.707978562549], [79,63,-0.706233923691], [105,63,0.707978562549], [106,63,0.706233923691], [81,64,-0.000309888765], [82,64,-0.999999951984], [84,64,0.000309888765], [85,64,0.999999951984], [81,65,-0.707823780707], [82,65,0.706389053898], [102,65,0.707823780707], [103,65,-0.706389053898], [81,66,-0.999986706696], [82,66,-0.005156203259], [105,66,0.999986706696], [106,66,0.005156203259], [81,67,-0.704846142936], [82,67,-0.709360215115], [108,67,0.704846142936], [109,67,0.709360215115], [81,68,-0.999999556013], [82,68,-0.000942323104], [129,68,0.999999556013], [130,68,0.000942323104], [84,69,-0.703963210900], [85,69,0.710236437885], [105,69,0.703963210900], [106,69,-0.710236437885], [84,70,-0.999999706396], [85,70,0.000766294531], [132,70,0.999999706396], [133,70,-0.000766294531], [87,71,0.005833577030], [88,71,-0.999982984545], [90,71,-0.005833577030], [91,71,0.999982984545], [87,72,0.001887919726], [88,72,-0.999998217878], [93,72,-0.001887919726], [94,72,0.999998217878], [87,73,-0.708048462774], [88,73,-0.706163843852], [114,73,0.708048462774], [115,73,0.706163843852], [87,74,-0.999999861867], [88,74,-0.000525610471], [135,74,0.999999861867], [136,74,0.000525610471], [90,75,-0.002016936543], [91,75,-0.999997965981], [93,75,0.002016936543], [94,75,0.999997965981], [90,76,-0.709717850356], [91,76,0.704486034557], [111,76,0.709717850356], [112,76,-0.704486034557], [90,77,-0.999980103158], [91,77,-0.006308192200], [114,77,0.999980103158], [115,77,0.006308192200], [90,78,-0.706973149219], [91,78,-0.707240387905], [117,78,0.706973149219], [118,78,0.707240387905], [93,79,-0.710190375031], [94,79,0.704009681193], [114,79,0.710190375031], [115,79,-0.704009681193], [96,80,-0.003714289458], [97,80,-0.999993102003], [99,80,0.003714289458], [100,80,0.999993102003], [99,81,-0.708342874094], [100,81,0.705868523679], [120,81,0.708342874094], [121,81,-0.705868523679], [99,82,-0.706860149650], [100,82,-0.707353326731], [126,82,0.706860149650], [127,82,0.707353326731], [99,83,-0.999999036105], [100,83,0.001388448467], [147,83,0.999999036105], [148,83,-0.001388448467], [102,84,0.002855985487], [103,84,-0.999995921665], [105,84,-0.002855985487], [106,84,0.999995921665], [102,85,-0.002112541313], [103,85,-0.999997768582], [108,85,0.002112541313], [109,85,0.999997768582], [105,86,-0.007068960639], [106,86,-0.999975014586], [108,86,0.007068960639], [109,86,0.999975014586], [105,87,-0.003508491297], [106,87,-0.999993845225], [111,87,0.003508491297], [112,87,0.999993845225], [105,88,-0.709067362970], [106,88,-0.705140748199], [132,88,0.709067362970], [133,88,0.705140748199], [108,89,-0.702717386553], [109,89,0.711469096051], [129,89,0.702717386553], [130,89,-0.711469096051], [108,90,-0.999999071718], [109,90,0.001362557843], [132,90,0.999999071718], [133,90,-0.001362557843], [108,91,-0.706634862321], [109,91,-0.707578385307], [135,91,0.706634862321], [136,91,0.707578385307], [108,92,-0.999999984773], [109,92,-0.000174510187], [156,92,0.999999984773], [157,92,0.000174510187], [111,93,0.000314095417], [112,93,-0.999999950672], [114,93,-0.000314095417], [115,93,0.999999950672], [111,94,0.001256100295], [112,94,-0.999999211106], [117,94,-0.001256100295], [118,94,0.999999211106], [111,95,-0.708684780213], [112,95,0.705525252768], [132,95,0.708684780213], [133,95,-0.705525252768], [111,96,-0.999961825636], [112,96,-0.008737692568], [135,96,0.999961825636], [136,96,0.008737692568], [111,97,-0.706576393706], [112,97,-0.707636771131], [138,97,0.706576393706], [139,97,0.707636771131], [111,98,-0.999999966399], [112,98,0.000259234350], [159,98,0.999999966399], [160,98,-0.000259234350], [114,99,0.002205097881], [115,99,-0.999997568769], [117,99,-0.002205097881], [118,99,0.999997568769], [114,100,-0.999998233228], [115,100,0.001879771692], [138,100,0.999998233228], [139,100,-0.001879771692], [117,101,-0.708747499303], [118,101,0.705462247205], [138,101,0.708747499303], [139,101,-0.705462247205], [117,102,-0.999998578033], [118,102,-0.001686396146], [141,102,0.999998578033], [142,102,0.001686396146], [120,103,0.001239674188], [121,103,-0.999999231604], [126,103,-0.001239674188], [127,103,0.999999231604], [120,104,-0.999994440791], [121,104,0.003334424507], [144,104,0.999994440791], [145,104,-0.003334424507], [123,105,0.003969004749], [124,105,-0.999992123470], [126,105,-0.003969004749], [127,105,0.999992123470], [123,106,0.003421446218], [124,106,-0.999994146836], [129,106,-0.003421446218], [130,106,0.999994146836], [123,107,-0.999981667619], [124,107,0.006055115648], [147,107,0.999981667619], [148,107,-0.006055115648], [123,108,-0.706141123094], [124,108,-0.708071122328], [150,108,0.706141123094], [151,108,0.708071122328], [123,109,-0.999993964884], [124,109,0.003474218819], [171,109,0.999993964884], [172,109,-0.003474218819], [126,110,-0.707030170508], [127,110,0.707183383566], [147,110,0.707030170508], [148,110,-0.707183383566], [129,111,-0.006223767109], [130,111,-0.999980632174], [132,111,0.006223767109], [133,111,0.999980632174], [129,112,-0.003947286010], [130,112,-0.999992209436], [135,112,0.003947286010], [136,112,0.999992209436], [129,113,-0.705473107119], [130,113,-0.708736689562], [156,113,0.705473107119], [157,113,0.708736689562], [132,114,-0.001669875597], [133,114,-0.999998605757], [135,114,0.001669875597], [136,114,0.999998605757], [132,115,-0.709428313491], [133,115,-0.704777601813], [159,115,0.709428313491], [160,115,0.704777601813], [135,116,-0.703997293304], [136,116,0.710202654895], [156,116,0.703997293304], [157,116,-0.710202654895], [135,117,-0.999957014266], [136,117,0.009271980394], [159,117,0.999957014266], [160,117,-0.009271980394], [135,118,-0.999991075142], [136,118,0.004224882899], [183,118,0.999991075142], [184,118,-0.004224882899], [147,119,0.000446063435], [148,119,-0.999999900514], [150,119,-0.000446063435], [151,119,0.999999900514], [147,120,-0.000622890692], [148,120,-0.999999806004], [153,120,0.000622890692], [154,120,0.999999806004], [147,121,-0.708148729176], [148,121,-0.706063295580], [174,121,0.708148729176], [175,121,0.706063295580], [150,122,-0.001692954037], [151,122,-0.999998566952], [153,122,0.001692954037], [154,122,0.999998566952], [150,123,-0.999997025771], [151,123,0.002438944069], [174,123,0.999997025771], [175,123,-0.002438944069], [153,124,-0.706349071527], [154,124,0.707863679781], [174,124,0.706349071527], [175,124,-0.707863679781], [153,125,-0.999997609505], [154,125,0.002186545979], [177,125,0.999997609505], [178,125,-0.002186545979], [156,126,-0.006128952133], [157,126,-0.999981217796], [159,126,0.006128952133], [160,126,0.999981217796], [156,127,0.000118146061], [157,127,-0.999999993021], [162,127,-0.000118146061], [163,127,0.999999993021], [156,128,-0.709329184473], [157,128,-0.704877370934], [183,128,0.709329184473], [184,128,0.704877370934], [162,129,-0.706461752479], [163,129,0.707751222029], [183,129,0.706461752479], [184,129,-0.707751222029], [162,130,-0.999999653599], [163,130,-0.000832346658], [186,130,0.999999653599], [187,130,0.000832346658], [165,131,-0.708058622859], [166,131,0.706153656505], [186,131,0.708058622859], [187,131,-0.706153656505], [165,132,-0.999986400973], [166,132,-0.005215157642], [189,132,0.999986400973], [190,132,0.005215157642], [168,133,0.002547271324], [169,133,-0.999996755699], [171,133,-0.002547271324], [172,133,0.999996755699], [168,134,0.000544168833], [169,134,-0.999999851940], [174,134,-0.000544168833], [175,134,0.999999851940], [174,135,0.005760295960], [175,135,-0.999983409358], [177,135,-0.005760295960], [178,135,0.999983409358], [177,136,0.000906401127], [178,136,-0.999999589218], [183,136,-0.000906401127], [184,136,0.999999589218], [180,137,0.002971008908], [181,137,-0.999995586543], [183,137,-0.002971008908], [184,137,0.999995586543], [180,138,-0.001149688112], [181,138,-0.999999339108], [186,138,0.001149688112], [187,138,0.999999339108], [183,139,-0.005253261730], [184,139,-0.999986201525], [186,139,0.005253261730], [187,139,0.999986201525], ]
},
"Q": {
"shape": [140, 140],
"data": [[0,0,2.000000000000], [1,0,0.999999384707], [14,0,-0.001618686559], [15,0,-0.999999881830], [0,1,0.999999384707], [1,1,2.000000000000], [33,1,-0.999990687128], [2,2,2.000000000000], [3,2,0.999994744449], [4,2,0.704341047715], [5,2,-0.999978928317], [6,2,-0.999995856054], [2,3,0.999994744449], [3,3,2.000000000000], [4,3,0.706638773664], [5,3,0.999994719667], [7,3,0.706855204872], [8,3,-0.000760140358], [2,4,0.704341047715], [3,4,0.706638773664], [4,4,2.000000000000], [7,4,0.001017362947], [14,4,0.707377197845], [16,4,0.707811598317], [18,4,-0.000881382992], [19,4,-0.709373249785], [2,5,-0.999978928317], [3,5,0.999994719667], [5,5,2.000000000000], [6,5,0.999993473366], [7,5,0.704552760770], [8,5,-0.004009848848], [2,6,-0.999995856054], [5,6,0.999993473366], [6,6,2.000000000000], [9,6,0.705617182190], [3,7,0.706855204872], [4,7,0.001017362947], [5,7,0.704552760770], [7,7,2.000000000000], [8,7,0.706820754497], [14,7,-0.706116235926], [16,7,-0.705680793954], [18,7,-0.999999990755], [19,7,-0.705554349844], [3,8,-0.000760140358], [5,8,-0.004009848848], [7,8,0.706820754497], [8,8,2.000000000000], [21,8,0.999986983755], [23,8,0.709531822769], [39,8,-0.002521587069], [40,8,0.001076159286], [41,8,-0.999974722875], [42,8,-0.707461409442], [43,8,-0.999999685631], [6,9,0.705617182190], [9,9,2.000000000000], [17,9,-0.706924530313], [20,9,-0.999999916387], [21,9,-0.704702268711], [22,9,-0.709021426773], [10,10,2.000000000000], [11,10,0.708715434578], [12,10,0.705258372321], [23,10,-0.999990869015], [24,10,0.006075466371], [25,10,-0.703593222355], [10,11,0.708715434578], [11,11,2.000000000000], [12,11,0.999988052700], [26,11,-0.699683375303], [10,12,0.705258372321], [11,12,0.999988052700], [12,12,2.000000000000], [24,12,0.704652513028], [40,12,0.000696509318], [44,12,-0.002909203760], [50,12,-0.003164308386], [51,12,-0.999999967187], [52,12,-0.709046766097], [13,13,2.000000000000], [0,14,-0.001618686559], [4,14,0.707377197845], [7,14,-0.706116235926], [14,14,2.000000000000], [15,14,0.001132539455], [16,14,0.999999811036], [18,14,0.706212516295], [19,14,-0.003592921907], [0,15,-0.999999881830], [14,15,0.001132539455], [15,15,2.000000000000], [33,15,0.999996300004], [34,15,0.707212729158], [4,16,0.707811598317], [7,16,-0.705680793954], [14,16,0.999999811036], [16,16,2.000000000000], [17,16,0.999992516177], [18,16,0.705777133337], [19,16,-0.004207676526], [9,17,-0.706924530313], [16,17,0.999992516177], [17,17,2.000000000000], [20,17,0.707213704728], [21,17,-0.003652438888], [22,17,0.002453685997], [4,18,-0.000881382992], [7,18,-0.999999990755], [14,18,0.706212516295], [16,18,0.705777133337], [18,18,2.000000000000], [19,18,0.705457980293], [34,18,-0.999999999829], [35,18,0.006746881993], [4,19,-0.709373249785], [7,19,-0.705554349844], [14,19,-0.003592921907], [16,19,-0.004207676526], [18,19,0.705457980293], [19,19,2.000000000000], [35,19,0.703975973146], [36,19,0.999999281339], [61,19,-0.004534532188], [62,19,-0.999992869674], [63,19,-0.708946720147], [9,20,-0.999999916387], [17,20,0.707213704728], [20,20,2.000000000000], [21,20,0.704412070823], [22,20,0.708732993563], [36,20,-0.705911476661], [37,20,-0.005264394765], [38,20,-0.707675773035], [8,21,0.999986983755], [9,21,-0.704702268711], [17,21,-0.003652438888], [20,21,0.704412070823], [21,21,2.000000000000], [22,21,0.999981357613], [23,21,0.705927211285], [39,21,-0.007623725896], [40,21,-0.004026039636], [41,21,-0.999925429861], [42,21,-0.711058182304], [43,21,-0.999982623713], [9,22,-0.709021426773], [17,22,0.002453685997], [20,22,0.708732993563], [21,22,0.999981357613], [22,22,2.000000000000], [37,22,0.709198094651], [41,22,0.999981356970], [46,22,0.704642731329], [64,22,0.001110864335], [65,22,-0.708826670587], [66,22,-0.999978371749], [67,22,-0.703837606005], [68,22,-0.999997207936], [8,23,0.709531822769], [10,23,-0.999990869015], [21,23,0.705927211285], [23,23,2.000000000000], [24,23,-0.001802096955], [25,23,0.706623483468], [39,23,0.702882007618], [40,23,0.705436555402], [41,23,-0.714524190521], [42,23,-0.003937070314], [43,23,-0.710090356220], [10,24,0.006075466371], [12,24,0.704652513028], [23,24,-0.001802096955], [24,24,2.000000000000], [25,24,0.706315195807], [40,24,0.710043185269], [44,24,0.707499579955], [50,24,-0.711778745865], [51,24,-0.704834258932], [52,24,-0.999980704385], [10,25,-0.703593222355], [23,25,0.706623483468], [24,25,0.706315195807], [25,25,2.000000000000], [42,25,0.710366291117], [47,25,0.999989498971], [61,25,0.006864535801], [64,25,0.004011737512], [69,25,-0.701329197930], [70,25,-0.999990017816], [11,26,-0.699683375303], [26,26,2.000000000000], [28,26,0.705521275312], [45,26,0.709584617744], [53,26,-0.716291035737], [54,26,0.003880688016], [55,26,-0.999954737337], [27,27,2.000000000000], [28,27,0.008544305890], [29,27,0.710120537947], [30,27,0.002877992014], [31,27,-0.002592238882], [32,27,-0.001787209193], [26,28,0.705521275312], [27,28,0.008544305890], [28,28,2.000000000000], [29,28,0.710121910291], [30,28,0.999983945920], [45,28,0.001270620662], [53,28,-0.010834388215], [54,28,-0.705945495603], [55,28,-0.712232069954], [27,29,0.710120537947], [28,29,0.710121910291], [29,29,2.000000000000], [30,29,0.706120929748], [31,29,0.705918560868], [50,29,0.708665723719], [53,29,0.711731151752], [56,29,0.006652860050], [57,29,-0.704775069957], [27,30,0.002877992014], [28,30,0.999983945920], [29,30,0.706120929748], [30,30,2.000000000000], [52,30,0.707387374354], [56,30,0.703377865909], [71,30,-0.006828148962], [75,30,-0.001022345828], [76,30,-0.710418175316], [77,30,-0.999973334485], [78,30,-0.706269384097], [27,31,-0.002592238882], [29,31,0.705918560868], [31,31,2.000000000000], [32,31,0.999999675962], [50,31,0.000528126541], [53,31,0.004882412720], [56,31,-0.703580955886], [57,31,-0.999998698896], [27,32,-0.001787209193], [31,32,0.999999675962], [32,32,2.000000000000], [55,32,0.707472669669], [57,32,0.999999673484], [72,32,-0.003973288140], [75,32,-0.000068439837], [79,32,-0.711656955852], [1,33,-0.999990687128], [15,33,0.999996300004], [33,33,2.000000000000], [34,33,0.709133359895], [15,34,0.707212729158], [18,34,-0.999999999829], [33,34,0.709133359895], [34,34,2.000000000000], [35,34,-0.006728381605], [18,35,0.006746881993], [19,35,0.703975973146], [34,35,-0.006728381605], [35,35,2.000000000000], [36,35,0.704826942803], [61,35,-0.713408688003], [62,35,-0.701288920493], [63,35,-0.999975336375], [19,36,0.999999281339], [20,36,-0.705911476661], [35,36,0.704826942803], [36,36,2.000000000000], [37,36,0.712006450310], [38,36,0.999996890008], [61,36,-0.005733400098], [62,36,-0.999987623649], [63,36,-0.709791737675], [20,37,-0.005264394765], [22,37,0.709198094651], [36,37,0.712006450310], [37,37,2.000000000000], [38,37,0.710253025247], [41,37,0.704879943569], [46,37,-0.000516694446], [64,37,-0.704221006287], [65,37,-0.005397187140], [66,37,-0.713819553942], [67,37,-0.999971312517], [68,37,-0.710862103852], [20,38,-0.707675773035], [36,38,0.999996890008], [37,38,0.710253025247], [38,38,2.000000000000], [60,38,0.706541739751], [62,38,0.999996921767], [65,38,0.707769590898], [84,38,0.002779274911], [85,38,-0.002189252016], [8,39,-0.002521587069], [21,39,-0.007623725896], [23,39,0.702882007618], [39,39,2.000000000000], [40,39,0.999993528107], [41,39,-0.004588560275], [42,39,0.708533653621], [43,39,0.001728659036], [44,39,-0.999974055148], [45,39,-0.999979904685], [46,39,0.708492046491], [47,39,-0.002057471510], [48,39,-0.709977940734], [49,39,-0.002412858044], [8,40,0.001076159286], [12,40,0.000696509318], [21,40,-0.004026039636], [23,40,0.705436555402], [24,40,0.710043185269], [39,40,0.999993528107], [40,40,2.000000000000], [41,40,-0.008186234177], [42,40,0.705990224572], [43,40,-0.001869088250], [44,40,0.999993499409], [50,40,-0.999996954973], [51,40,-0.000952683384], [52,40,-0.705655145795], [8,41,-0.999974722875], [21,41,-0.999925429861], [22,41,0.999981356970], [23,41,-0.714524190521], [37,41,0.704879943569], [39,41,-0.004588560275], [40,41,-0.008186234177], [41,41,2.000000000000], [42,41,0.702418445245], [43,41,0.999980046329], [46,41,0.708962325737], [64,41,0.007217042569], [65,41,-0.713120665655], [66,41,-0.999919569042], [67,41,-0.699486876617], [68,41,-0.999964135547], [8,42,-0.707461409442], [21,42,-0.711058182304], [23,42,-0.003937070314], [25,42,0.710366291117], [39,42,0.708533653621], [40,42,0.705990224572], [41,42,0.702418445245], [42,42,2.000000000000], [43,42,0.706900782364], [47,42,0.707133317808], [61,42,0.708691928040], [64,42,0.706676315659], [69,42,0.003517374829], [70,42,-0.707214379942], [8,43,-0.999999685631], [21,43,-0.999982623713], [23,43,-0.710090356220], [39,43,0.001728659036], [40,43,-0.001869088250], [41,43,0.999980046329], [42,43,0.706900782364], [43,43,2.000000000000], [63,43,0.707123672750], [66,43,0.999979737193], [69,43,0.704821909572], [84,43,-0.004065735884], [86,43,-0.005859228271], [87,43,-0.002298738754], [88,43,-0.708213794852], [12,44,-0.002909203760], [24,44,0.707499579955], [39,44,-0.999974055148], [40,44,0.999993499409], [44,44,2.000000000000], [45,44,0.999999626883], [46,44,-0.713557242496], [47,44,-0.005145970800], [48,44,0.704886710965], [49,44,-0.004790587764], [50,44,-0.999981556225], [51,44,0.002653030597], [52,44,-0.703095713582], [26,45,0.709584617744], [28,45,0.001270620662], [39,45,-0.999979904685], [44,45,0.999999626883], [45,45,2.000000000000], [46,45,-0.712951767145], [47,45,-0.004282132527], [48,45,0.705499192391], [49,45,-0.003926748099], [53,45,-0.999954265500], [54,45,0.707368602036], [55,45,-0.702848480946], [22,46,0.704642731329], [37,46,-0.000516694446], [39,46,0.708492046491], [41,46,0.708962325737], [44,46,-0.713557242496], [45,46,-0.712951767145], [46,46,2.000000000000], [47,46,0.704259600808], [48,46,-0.006029669664], [49,46,0.704007251688], [64,46,0.710344599025], [65,46,-0.999982512898], [66,46,-0.699960748294], [67,46,0.008091250761], [68,46,-0.702964015491], [25,47,0.999989498971], [39,47,-0.002057471510], [42,47,0.707133317808], [44,47,-0.005145970800], [45,47,-0.004282132527], [46,47,0.704259600808], [47,47,2.000000000000], [48,47,0.705683184689], [49,47,0.999999936850], [61,47,0.002281783578], [64,47,-0.000571055852], [69,47,-0.704588616651], [70,47,-0.999999993428], [39,48,-0.709977940734], [44,48,0.704886710965], [45,48,0.705499192391], [46,48,-0.006029669664], [47,48,0.705683184689], [48,48,2.000000000000], [49,48,0.705934941889], [51,48,0.707447320623], [54,48,0.001900557019], [71,48,-0.703773232556], [72,48,-0.706570862024], [73,48,-0.999996966987], [74,48,-0.706679069326], [39,49,-0.002412858044], [44,49,-0.004790587764], [45,49,-0.003926748099], [46,49,0.704007251688], [47,49,0.999999936850], [48,49,0.705934941889], [49,49,2.000000000000], [67,49,0.704473236222], [85,49,0.001586984990], [86,49,0.006543415590], [89,49,-0.703091207213], [90,49,-0.999999649715], [91,49,-0.706262891813], [92,49,-0.999999754953], [12,50,-0.003164308386], [24,50,-0.711778745865], [29,50,0.708665723719], [31,50,0.000528126541], [40,50,-0.999996954973], [44,50,-0.999981556225], [50,50,2.000000000000], [51,50,0.003420481152], [52,50,0.707401571444], [53,50,0.999990520027], [56,50,0.710243433904], [57,50,0.001085009200], [12,51,-0.999999967187], [24,51,-0.704834258932], [40,51,-0.000952683384], [44,51,0.002653030597], [48,51,0.707447320623], [50,51,0.003420481152], [51,51,2.000000000000], [52,51,0.709227386970], [54,51,0.708109345177], [71,51,0.004221582428], [72,51,0.000275905694], [73,51,-0.709185889131], [74,51,-0.999999409863], [12,52,-0.709046766097], [24,52,-0.999980704385], [30,52,0.707387374354], [40,52,-0.705655145795], [44,52,-0.703095713582], [50,52,0.707401571444], [51,52,0.709227386970], [52,52,2.000000000000], [56,52,-0.004862758150], [71,52,0.701979452678], [75,52,-0.707548901777], [76,52,-0.005090928218], [77,52,-0.712530293434], [78,52,-0.999998751080], [26,53,-0.716291035737], [28,53,-0.010834388215], [29,53,0.711731151752], [31,53,0.004882412720], [45,53,-0.999954265500], [50,53,0.999990520027], [53,53,2.000000000000], [54,53,-0.700576104384], [55,53,0.709619469844], [56,53,0.707171470318], [57,53,-0.003269290317], [26,54,0.003880688016], [28,54,-0.705945495603], [45,54,0.707368602036], [48,54,0.001900557019], [51,54,0.708109345177], [53,54,-0.700576104384], [54,54,2.000000000000], [55,54,0.005633788148], [71,54,0.709085843645], [72,54,0.706298138226], [73,54,-0.004363475149], [74,54,-0.708876040506], [26,55,-0.999954737337], [28,55,-0.712232069954], [32,55,0.707472669669], [45,55,-0.702848480946], [53,55,0.709619469844], [54,55,0.005633788148], [55,55,2.000000000000], [57,55,0.706901318503], [72,55,0.703924131825], [75,55,0.706692282310], [79,55,-0.006973324090], [29,56,0.006652860050], [30,56,0.703377865909], [31,56,-0.703580955886], [50,56,0.710243433904], [52,56,-0.004862758150], [53,56,0.707171470318], [56,56,2.000000000000], [57,56,0.704726358762], [71,56,-0.715602333223], [75,56,0.710096668085], [76,56,-0.999950462063], [77,56,-0.698168189605], [78,56,0.006443188363], [29,57,-0.704775069957], [31,57,-0.999998698896], [32,57,0.999999673484], [50,57,0.001085009200], [53,57,-0.003269290317], [55,57,0.706901318503], [56,57,0.704726358762], [57,57,2.000000000000], [72,57,-0.004781384713], [75,57,-0.000876544061], [79,57,-0.712224438648], [58,58,2.000000000000], [59,58,0.708961564987], [60,58,0.001172782340], [80,58,0.703020316743], [58,59,0.708961564987], [59,59,2.000000000000], [60,59,0.706078091962], [80,59,0.003136043969], [81,59,-0.708750923336], [82,59,-0.706451005220], [83,59,-0.999999671788], [38,60,0.706541739751], [58,60,0.001172782340], [59,60,0.706078091962], [60,60,2.000000000000], [62,60,0.704783675861], [65,60,0.000139024019], [84,60,-0.705704964571], [85,60,-0.709216473518], [19,61,-0.004534532188], [25,61,0.006864535801], [35,61,-0.713408688003], [36,61,-0.005733400098], [42,61,0.708691928040], [47,61,0.002281783578], [61,61,2.000000000000], [62,61,0.000758217583], [63,61,0.708469532968], [64,61,0.999995930651], [69,61,0.708006443687], [70,61,-0.002396433310], [19,62,-0.999992869674], [35,62,-0.701288920493], [36,62,-0.999987623649], [38,62,0.999996921767], [60,62,0.704783675861], [61,62,0.000758217583], [62,62,2.000000000000], [63,62,0.706278369197], [65,62,0.709520254214], [84,62,0.005260477662], [85,62,0.000291969666], [19,63,-0.708946720147], [35,63,-0.999975336375], [36,63,-0.709791737675], [43,63,0.707123672750], [61,63,0.708469532968], [62,63,0.706278369197], [63,63,2.000000000000], [66,63,0.711610636833], [69,63,-0.003202204136], [84,63,0.704209066933], [86,63,-0.711220950736], [87,63,-0.708713513605], [88,63,-0.999998809740], [22,64,0.001110864335], [25,64,0.004011737512], [37,64,-0.704221006287], [41,64,0.007217042569], [42,64,0.706676315659], [46,64,0.710344599025], [47,64,-0.000571055852], [61,64,0.999995930651], [64,64,2.000000000000], [65,64,-0.706169673343], [66,64,0.005466087657], [67,64,0.709578604955], [68,64,0.001252211686], [69,64,0.710018253493], [70,64,0.000456405821], [22,65,-0.708826670587], [37,65,-0.005397187140], [38,65,0.707769590898], [41,65,-0.713120665655], [46,65,-0.999982512898], [60,65,0.000139024019], [62,65,0.709520254214], [64,65,-0.706169673343], [65,65,2.000000000000], [66,65,0.704172085848], [67,65,-0.002177429518], [68,65,0.707157819716], [84,65,0.708407707451], [85,65,0.704892170669], [22,66,-0.999978371749], [37,66,-0.713819553942], [41,66,-0.999919569042], [43,66,0.999979737193], [46,66,-0.699960748294], [63,66,0.711610636833], [64,66,0.005466087657], [65,66,0.704172085848], [66,66,2.000000000000], [67,66,0.708494378655], [68,66,0.999991121524], [69,66,0.700291729467], [84,66,0.002300234709], [86,66,-0.012224941099], [87,66,-0.008664616181], [88,66,-0.712693786146], [22,67,-0.703837606005], [37,67,-0.999971312517], [41,67,-0.699486876617], [46,67,0.008091250761], [49,67,0.704473236222], [64,67,0.709578604955], [65,67,-0.002177429518], [66,67,0.708494378655], [67,67,2.000000000000], [68,67,0.705514276514], [85,67,0.710847648832], [86,67,0.714325021097], [89,67,0.009380231536], [90,67,-0.703878944316], [91,67,-0.999996812783], [92,67,-0.704969922787], [22,68,-0.999997207936], [37,68,-0.710862103852], [41,68,-0.999964135547], [46,68,-0.702964015491], [64,68,0.001252211686], [65,68,0.707157819716], [66,68,0.999991121524], [67,68,0.705514276514], [68,68,2.000000000000], [89,68,0.702046640789], [106,68,-0.002479127110], [111,68,-0.007166069199], [112,68,-0.004889600020], [113,68,-0.706140652856], [25,69,-0.701329197930], [42,69,0.003517374829], [43,69,0.704821909572], [47,69,-0.704588616651], [61,69,0.708006443687], [63,69,-0.003202204136], [64,69,0.710018253493], [66,69,0.700291729467], [69,69,2.000000000000], [70,69,0.704507254512], [84,69,-0.712244050017], [86,69,0.705242404104], [87,69,0.707762217741], [88,69,0.001659315627], [25,70,-0.999990017816], [42,70,-0.707214379942], [47,70,-0.999999993428], [61,70,-0.002396433310], [64,70,0.000456405821], [69,70,0.704507254512], [70,70,2.000000000000], [88,70,0.708526809286], [90,70,0.999999822235], [95,70,0.709225212284], [111,70,0.005457485592], [114,70,-0.000903581644], [115,70,-0.708888037978], [30,71,-0.006828148962], [48,71,-0.703773232556], [51,71,0.004221582428], [52,71,0.701979452678], [54,71,0.709085843645], [56,71,-0.715602333223], [71,71,2.000000000000], [72,71,0.999992215778], [73,71,0.702021372904], [74,71,-0.005307974697], [75,71,-0.999969184606], [76,71,0.708614241157], [77,71,-0.000474623903], [78,71,-0.703104171563], [32,72,-0.003973288140], [48,72,-0.706570862024], [51,72,0.000275905694], [54,72,0.706298138226], [55,72,0.703924131825], [57,72,-0.004781384713], [71,72,0.999992215778], [72,72,2.000000000000], [73,72,0.704825846722], [74,72,-0.001362309931], [75,72,0.999992376049], [79,72,0.705349208980], [48,73,-0.999996966987], [51,73,-0.709185889131], [54,73,-0.004363475149], [71,73,0.702021372904], [72,73,0.704825846722], [73,73,2.000000000000], [74,73,0.708419532080], [77,73,0.712488992097], [79,73,0.005703020737], [93,73,0.705941414241], [99,73,-0.704600810840], [100,73,-0.706719785010], [48,74,-0.706679069326], [51,74,-0.999999409863], [54,74,-0.708876040506], [71,74,-0.005307974697], [72,74,-0.001362309931], [73,74,0.708419532080], [74,74,2.000000000000], [91,74,0.707006675319], [96,74,0.999966280130], [112,74,0.004472891841], [114,74,0.002195485105], [116,74,-0.703623906107], [117,74,-0.999952002689], [118,74,-0.999988716368], [30,75,-0.001022345828], [32,75,-0.000068439837], [52,75,-0.707548901777], [55,75,0.706692282310], [56,75,0.710096668085], [57,75,-0.000876544061], [71,75,-0.999969184606], [72,75,0.999992376049], [75,75,2.000000000000], [76,75,-0.703053145752], [77,75,0.008325075782], [78,75,0.708664869345], [79,75,0.702575840304], [30,76,-0.710418175316], [52,76,-0.005090928218], [56,76,-0.999950462063], [71,76,0.708614241157], [75,76,-0.703053145752], [76,76,2.000000000000], [77,76,0.705259695903], [78,76,0.003510487369], [87,76,-0.701991659703], [93,76,0.704708918931], [94,76,0.705376955593], [95,76,-0.999998926396], [96,76,-0.703535174939], [97,76,-0.002949656452], [98,76,-0.709900453488], [30,77,-0.999973334485], [52,77,-0.712530293434], [56,77,-0.698168189605], [71,77,-0.000474623903], [73,77,0.712488992097], [75,77,0.008325075782], [76,77,0.705259695903], [77,77,2.000000000000], [78,77,0.711420490984], [79,77,0.705735216105], [93,77,0.005994102721], [99,77,-0.004103122857], [100,77,-0.999966478459], [30,78,-0.706269384097], [52,78,-0.999998751080], [56,78,0.006443188363], [71,78,-0.703104171563], [75,78,0.708664869345], [76,78,0.003510487369], [77,78,0.711420490984], [78,78,2.000000000000], [94,78,0.706351800786], [99,78,0.705679723447], [101,78,-0.002134058218], [102,78,-0.708164831391], [32,79,-0.711656955852], [55,79,-0.006973324090], [57,79,-0.712224438648], [72,79,0.705349208980], [73,79,0.005703020737], [75,79,0.702575840304], [77,79,0.705735216105], [79,79,2.000000000000], [93,79,-0.704232714008], [99,79,0.705574008874], [100,79,-0.711512497755], [58,80,0.703020316743], [59,80,0.003136043969], [80,80,2.000000000000], [81,80,0.703232664130], [82,80,-0.709973930612], [83,80,-0.002325846989], [59,81,-0.708750923336], [80,81,0.703232664130], [81,81,2.000000000000], [82,81,0.001400901527], [83,81,0.709322253396], [103,81,0.706746095669], [104,81,-0.710692601572], [59,82,-0.706451005220], [80,82,-0.709973930612], [81,82,0.001400901527], [82,82,2.000000000000], [83,82,0.705877344669], [103,82,0.706476506921], [105,82,0.704542223950], [110,82,0.000457066842], [59,83,-0.999999671788], [80,83,-0.002325846989], [81,83,0.709322253396], [82,83,0.705877344669], [83,83,2.000000000000], [107,83,0.999989110958], [110,83,0.708011376690], [119,83,0.001834511334], [120,83,0.000765558107], [121,83,-0.707167714095], [38,84,0.002779274911], [43,84,-0.004065735884], [60,84,-0.705704964571], [62,84,0.005260477662], [63,84,0.704209066933], [65,84,0.708407707451], [66,84,0.002300234709], [69,84,-0.712244050017], [84,84,2.000000000000], [85,84,0.999987656869], [86,84,-0.999950747504], [87,84,-0.999979746715], [88,84,-0.703112786301], [38,85,-0.002189252016], [49,85,0.001586984990], [60,85,-0.709216473518], [62,85,0.000291969666], [65,85,0.704892170669], [67,85,0.710847648832], [84,85,0.999987656869], [85,85,2.000000000000], [86,85,0.999987716695], [89,85,0.709982988956], [90,85,-0.000749984550], [91,85,-0.709069601744], [92,85,-0.002287051078], [43,86,-0.005859228271], [49,86,0.006543415590], [63,86,-0.711220950736], [66,86,-0.012224941099], [67,86,0.714325021097], [69,86,0.705242404104], [84,86,-0.999950747504], [85,86,0.999987716695], [86,86,2.000000000000], [87,86,0.999993661352], [88,86,0.710135499244], [89,86,0.706483838155], [90,86,-0.005706430279], [91,86,-0.712555880196], [92,86,-0.007243466358], [43,87,-0.002298738754], [63,87,-0.708713513605], [66,87,-0.008664616181], [69,87,0.707762217741], [76,87,-0.701991659703], [84,87,-0.999979746715], [86,87,0.999993661352], [87,87,2.000000000000], [88,87,0.707624164888], [93,87,-0.999992693897], [94,87,-0.999988649319], [95,87,0.703034496036], [96,87,-0.012245996152], [97,87,-0.710111432915], [98,87,-0.003249258424], [43,88,-0.708213794852], [63,88,-0.999998809740], [66,88,-0.712693786146], [69,88,0.001659315627], [70,88,0.708526809286], [84,88,-0.703112786301], [86,88,0.710135499244], [87,88,0.707624164888], [88,88,2.000000000000], [90,88,0.708105909699], [95,88,0.005010643673], [111,88,0.709540161287], [114,88,-0.706323819347], [115,88,-0.999999868920], [49,89,-0.703091207213], [67,89,0.009380231536], [68,89,0.702046640789], [85,89,0.709982988956], [86,89,0.706483838155], [89,89,2.000000000000], [90,89,0.703686152029], [91,89,-0.006855550482], [92,89,0.702593217248], [106,89,-0.713869241450], [111,89,0.707081767084], [112,89,0.708689726797], [113,89,0.008496033743], [49,90,-0.999999649715], [67,90,-0.703878944316], [70,90,0.999999822235], [85,90,-0.000749984550], [86,90,-0.005706430279], [88,90,0.708105909699], [89,90,0.703686152029], [90,90,2.000000000000], [91,90,0.705670089886], [92,90,0.999998818711], [95,90,0.709645441320], [111,90,0.004861229879], [114,90,-0.000307318104], [115,90,-0.708467354693], [49,91,-0.706262891813], [67,91,-0.999996812783], [74,91,0.707006675319], [85,91,-0.709069601744], [86,91,-0.712555880196], [89,91,-0.006855550482], [90,91,0.705670089886], [91,91,2.000000000000], [92,91,0.706758331197], [96,91,0.712790489383], [112,91,0.710362162778], [114,91,0.708757391083], [116,91,0.005055017363], [117,91,-0.700043834187], [118,91,-0.703639119886], [49,92,-0.999999754953], [67,92,-0.704969922787], [85,92,-0.002287051078], [86,92,-0.007243466358], [89,92,0.702593217248], [90,92,0.999998818711], [91,92,0.706758331197], [92,92,2.000000000000], [113,92,0.705596778149], [116,92,0.703873344987], [126,92,-0.006303458949], [127,92,-0.000056364126], [128,92,-0.709452181954], [73,93,0.705941414241], [76,93,0.704708918931], [77,93,0.005994102721], [79,93,-0.704232714008], [87,93,-0.999992693897], [93,93,2.000000000000], [94,93,0.999999556313], [95,93,-0.705747812608], [96,93,0.008423608711], [97,93,0.707414803818], [98,93,-0.000573329744], [99,93,-0.999998212052], [100,93,0.002193866461], [76,94,0.705376955593], [78,94,0.706351800786], [87,94,-0.999988649319], [93,94,0.999999556313], [94,94,2.000000000000], [95,94,-0.706414875345], [96,94,0.007481633331], [97,94,0.706748682064], [98,94,-0.001515334398], [99,94,0.999999549700], [101,94,0.706351948613], [102,94,-0.000430296307], [70,95,0.709225212284], [76,95,-0.999998926396], [87,95,0.703034496036], [88,95,0.005010643673], [90,95,0.709645441320], [93,95,-0.705747812608], [94,95,-0.706414875345], [95,95,2.000000000000], [96,95,0.702493063865], [97,95,0.001484324457], [98,95,0.708867652781], [111,95,-0.701100899252], [114,95,0.704340853674], [115,95,-0.005522652759], [74,96,0.999966280130], [76,96,-0.703535174939], [87,96,-0.012245996152], [91,96,0.712790489383], [93,96,0.008423608711], [94,96,0.007481633331], [95,96,0.702493063865], [96,96,2.000000000000], [97,96,0.712732533158], [98,96,0.999959526926], [112,96,0.012684759821], [114,96,0.010407492236], [116,96,-0.697764886196], [117,96,-0.999837825828], [118,96,-0.999915985391], [76,97,-0.002949656452], [87,97,-0.710111432915], [93,97,0.707414803818], [94,97,0.706748682064], [95,97,0.001484324457], [96,97,0.712732533158], [97,97,2.000000000000], [98,97,0.706392926206], [100,97,0.705244949776], [101,97,0.001573225339], [76,98,-0.709900453488], [87,98,-0.003249258424], [93,98,-0.000573329744], [94,98,-0.001515334398], [95,98,0.708867652781], [96,98,0.999959526926], [97,98,0.706392926206], [98,98,2.000000000000], [115,98,0.709245587090], [117,98,0.999959384282], [126,98,0.005869722446], [73,99,-0.704600810840], [77,99,-0.004103122857], [78,99,0.705679723447], [79,99,0.705574008874], [93,99,-0.999998212052], [94,99,0.999999549700], [99,99,2.000000000000], [100,99,-0.004084861106], [101,99,0.707023389672], [102,99,0.000518702699], [