{
"N": {
"shape": [192, 140],
"data": [[0,0,-0.999997698451], [1,0,-0.002145482090], [24,0,0.999997698451], [25,0,0.002145482090], [0,1,-0.704479174283], [1,1,-0.709724659993], [27,1,0.704479174283], [28,1,0.709724659993], [0,2,-0.999994469636], [1,2,-0.003325762587], [48,2,0.999994469636], [49,2,0.003325762587], [3,3,0.001985948279], [4,3,-0.999998028003], [6,3,-0.001985948279], [7,3,0.999998028003], [3,4,0.003257734160], [4,4,-0.999994693570], [9,4,-0.003257734160], [10,4,0.999994693570], [3,5,-0.707005668259], [4,5,-0.707207879657], [30,5,0.707005668259], [31,5,0.707207879657], [6,6,0.004531480969], [7,6,-0.999989732787], [9,6,-0.004531480969], [10,6,0.999989732787], [6,7,-0.000571342308], [7,7,-0.999999836784], [12,7,0.000571342308], [13,7,0.999999836784], [6,8,-0.708426451725], [7,8,-0.705784643143], [33,8,0.708426451725], [34,8,0.705784643143], [9,9,-0.005714247527], [10,9,-0.999983673554], [12,9,0.005714247527], [13,9,0.999983673554], [9,10,-0.999997321826], [10,10,0.002314376911], [33,10,0.999997321826], [34,10,-0.002314376911], [9,11,-0.999999492778], [10,11,0.001007196368], [57,11,0.999999492778], [58,11,-0.001007196368], [12,12,0.000405712778], [13,12,-0.999999917699], [18,12,-0.000405712778], [19,12,0.999999917699], [12,13,-0.709139401877], [13,13,0.705068300738], [33,13,0.709139401877], [34,13,-0.705068300738], [12,14,-0.999991478844], [13,14,-0.004128224699], [36,14,0.999991478844], [37,14,0.004128224699], [12,15,-0.705163236645], [13,15,-0.709044998349], [39,15,0.705163236645], [40,15,0.709044998349], [12,16,-0.999999995121], [13,16,0.000098782488], [60,16,0.999999995121], [61,16,-0.000098782488], [15,17,0.002689127273], [16,17,-0.999996384291], [18,17,-0.002689127273], [19,17,0.999996384291], [15,18,0.000549381154], [16,18,-0.999999849090], [21,18,-0.000549381154], [22,18,0.999999849090], [15,19,-0.706293279785], [16,19,0.707919347759], [36,19,0.706293279785], [37,19,-0.707919347759], [15,20,-0.703933213536], [16,20,-0.710266169039], [42,20,0.703933213536], [43,20,0.710266169039], [15,21,-0.999996553520], [16,21,-0.002625442428], [63,21,0.999996553520], [64,21,0.002625442428], [21,22,-0.703705677699], [22,22,0.710491603873], [42,22,0.703705677699], [43,22,-0.710491603873], [24,23,-0.002262293355], [25,23,-0.999997441011], [30,23,0.002262293355], [31,23,0.999997441011], [24,24,-0.710052361472], [25,24,-0.704148879122], [51,24,0.710052361472], [52,24,0.704148879122], [27,25,-0.002988986883], [28,25,-0.999995532969], [30,25,0.002988986883], [31,25,0.999995532969], [27,26,-0.002792120498], [28,26,-0.999996102024], [33,26,0.002792120498], [34,26,0.999996102024], [27,27,-0.999994449122], [28,27,0.003331925073], [51,27,0.999994449122], [52,27,-0.003331925073], [27,28,-0.707490591635], [28,28,-0.706722762296], [54,28,0.707490591635], [55,28,0.706722762296], [30,29,-0.708681048864], [31,29,0.705529000808], [51,29,0.708681048864], [52,29,-0.705529000808], [30,30,-0.999980795016], [31,30,-0.006197547770], [54,30,0.999980795016], [55,30,0.006197547770], [30,31,-0.706009251958], [31,31,-0.708202609534], [57,31,0.706009251958], [58,31,0.708202609534], [30,32,-0.999996872246], [31,32,-0.002501099592], [78,32,0.999996872246], [79,32,0.002501099592], [33,33,0.001189552029], [34,33,-0.999999292483], [39,33,-0.001189552029], [40,33,0.999999292483], [33,34,-0.999999951308], [34,34,-0.000312064664], [57,34,0.999999951308], [58,34,0.000312064664], [36,35,-0.000144358430], [37,35,-0.999999989580], [39,35,0.000144358430], [40,35,0.999999989580], [36,36,0.002534516197], [37,36,-0.999996788109], [42,36,-0.002534516197], [43,36,0.999996788109], [36,37,-0.704281884185], [37,37,-0.709920437520], [63,37,0.704281884185], [64,37,0.709920437520], [39,38,-0.703797854069], [40,38,0.710400296035], [60,38,0.703797854069], [61,38,-0.710400296035], [39,39,-0.999991391509], [40,39,-0.004149326259], [63,39,0.999991391509], [64,39,0.004149326259], [42,40,-0.709227735622], [43,40,0.704979445817], [63,40,0.709227735622], [64,40,-0.704979445817], [45,41,-0.999989635223], [46,41,0.004552960093], [69,41,0.999989635223], [70,41,-0.004552960093], [45,42,-0.999999474219], [46,42,-0.001025456431], [93,42,0.999999474219], [94,42,0.001025456431], [48,43,-0.008904191745], [49,43,-0.999960356899], [51,43,0.008904191745], [52,43,0.999960356899], [48,44,-0.002676720035], [49,44,-0.999996417579], [54,44,0.002676720035], [55,44,0.999996417579], [48,45,-0.710877219704], [49,45,-0.703316129849], [75,45,0.710877219704], [76,45,0.703316129849], [51,46,0.003488538729], [52,46,-0.999993915030], [54,46,-0.003488538729], [55,46,0.999993915030], [51,47,0.001712118239], [52,47,-0.999998534324], [57,47,-0.001712118239], [58,47,0.999998534324], [51,48,-0.702489666572], [52,48,-0.711693942899], [78,48,0.702489666572], [79,48,0.711693942899], [54,49,-0.000079023855], [55,49,-0.999999996878], [57,49,0.000079023855], [58,49,0.999999996878], [54,50,-0.708012355032], [55,50,0.706200046107], [75,50,0.708012355032], [76,50,-0.706200046107], [54,51,-0.999999261045], [55,51,0.001215693302], [78,51,0.999999261045], [79,51,-0.001215693302], [54,52,-0.999995116528], [55,52,0.003125207310], [102,52,0.999995116528], [103,52,-0.003125207310], [57,53,-0.705784762319], [58,53,0.708426332993], [78,53,0.705784762319], [79,53,-0.708426332993], [60,54,-0.999999424465], [61,54,-0.001072878884], [84,54,0.999999424465], [85,54,0.001072878884], [63,55,-0.005124533608], [64,55,-0.999986869491], [66,55,0.005124533608], [67,55,0.999986869491], [63,56,-0.003968945125], [64,56,-0.999992123706], [69,56,0.003968945125], [70,56,0.999992123706], [66,57,-0.704378450306], [67,57,0.709824625344], [87,57,0.704378450306], [88,57,-0.709824625344], [66,58,-0.999996180023], [67,58,0.002764044179], [90,58,0.999996180023], [91,58,-0.002764044179], [66,59,-0.704439530080], [67,59,-0.709764008992], [93,59,0.704439530080], [94,59,0.709764008992], [66,60,-0.999999119887], [67,60,-0.001326734735], [114,60,0.999999119887], [115,60,0.001326734735], [69,61,-0.999998803678], [70,61,-0.001546817033], [117,61,0.999998803678], [118,61,0.001546817033], [72,62,-0.000589818839], [73,62,-0.999999826057], [75,62,0.000589818839], [76,62,0.999999826057], [72,63,-0.999999142966], [73,63,0.001309224184], [96,63,0.999999142966], [97,63,-0.001309224184], [75,64,-0.703713493143], [76,64,0.710483862989], [96,64,0.703713493143], [97,64,-0.710483862989], [78,65,-0.002518973666], [79,65,-0.999996827381], [81,65,0.002518973666], [82,65,0.999996827381], [81,66,-0.708655347401], [82,66,0.705554816155], [102,66,0.708655347401], [103,66,-0.705554816155], [81,67,-0.999994599195], [82,67,0.003286575900], [105,67,0.999994599195], [106,67,-0.003286575900], [81,68,-0.999998317325], [82,68,-0.001834488494], [129,68,0.999998317325], [130,68,0.001834488494], [84,69,0.000251589732], [85,69,-0.999999968351], [90,69,-0.000251589732], [91,69,0.999999968351], [84,70,-0.708840954403], [85,70,0.705368344456], [105,70,0.708840954403], [106,70,-0.705368344456], [87,71,-0.002636969815], [88,71,-0.999996523189], [90,71,0.002636969815], [91,71,0.999996523189], [87,72,-0.001701256826], [88,72,-0.999998552862], [93,72,0.001701256826], [94,72,0.999998552862], [87,73,-0.999987542327], [88,73,-0.004991511907], [111,73,0.999987542327], [112,73,0.004991511907], [87,74,-0.708720355031], [88,74,-0.705489516836], [114,74,0.708720355031], [115,74,0.705489516836], [87,75,-0.999999505909], [88,75,0.000994073531], [135,75,0.999999505909], [136,75,-0.000994073531], [90,76,-0.708800828222], [91,76,0.705408665890], [111,76,0.708800828222], [112,76,-0.705408665890], [90,77,-0.999985537795], [91,77,-0.005378122487], [114,77,0.999985537795], [115,77,0.005378122487], [90,78,-0.999998197897], [91,78,-0.001898473757], [138,78,0.999998197897], [139,78,0.001898473757], [93,79,-0.708244506045], [94,79,0.705967222793], [114,79,0.708244506045], [115,79,-0.705967222793], [93,80,-0.999993890183], [94,80,0.003495653955], [117,80,0.999993890183], [118,80,-0.003495653955], [93,81,-0.999998789946], [94,81,0.001555668933], [141,81,0.999998789946], [142,81,-0.001555668933], [96,82,0.004086534154], [97,82,-0.999991650084], [99,82,-0.004086534154], [100,82,0.999991650084], [96,83,-0.701696386967], [97,83,-0.712476091190], [123,83,0.701696386967], [124,83,0.712476091190], [99,84,-0.006657522252], [100,84,-0.999977838453], [102,84,0.006657522252], [103,84,0.999977838453], [99,85,-0.003139983662], [100,85,-0.999995070239], [105,85,0.003139983662], [106,85,0.999995070239], [99,86,-0.710957313795], [100,86,-0.703235165476], [126,86,0.710957313795], [127,86,0.703235165476], [102,87,0.000363729062], [103,87,-0.999999933851], [105,87,-0.000363729062], [106,87,0.999999933851], [102,88,-0.704564187007], [103,88,-0.709640265478], [129,88,0.704564187007], [130,88,0.709640265478], [108,89,0.008235885490], [109,89,-0.999966084520], [111,89,-0.008235885490], [112,89,0.999966084520], [108,90,0.000330184000], [109,90,-0.999999945489], [114,90,-0.000330184000], [115,90,0.999999945489], [108,91,-0.999990110928], [109,91,0.004447251629], [132,91,0.999990110928], [133,91,-0.004447251629], [108,92,-0.706780757360], [109,92,-0.707432654763], [135,92,0.706780757360], [136,92,0.707432654763], [111,93,-0.705735329939], [112,93,0.708475577614], [132,93,0.705735329939], [133,93,-0.708475577614], [111,94,-0.999975706917], [112,94,0.006970335464], [135,94,0.999975706917], [136,94,-0.006970335464], [111,95,-0.709275189281], [112,95,-0.704931702983], [138,95,0.709275189281], [139,95,0.704931702983], [114,96,-0.703195764867], [115,96,0.710996284289], [135,96,0.703195764867], [136,96,-0.710996284289], [117,97,-0.999999600430], [118,97,-0.000893945878], [165,97,0.999999600430], [166,97,0.000893945878], [120,98,0.005330205603], [121,98,-0.999985794353], [123,98,-0.005330205603], [124,98,0.999985794353], [120,99,-0.000987517123], [121,99,-0.999999512405], [126,99,0.000987517123], [127,99,0.999999512405], [120,100,-0.999995727039], [121,100,-0.002923337667], [144,100,0.999995727039], [145,100,0.002923337667], [120,101,-0.999994290342], [121,101,0.003379243142], [168,101,0.999994290342], [169,101,-0.003379243142], [123,102,-0.707849039841], [124,102,0.706363742555], [144,102,0.707849039841], [145,102,-0.706363742555], [123,103,-0.999969604779], [124,103,0.007796763364], [147,103,0.999969604779], [148,103,-0.007796763364], [123,104,-0.999997203768], [124,104,0.002364837643], [171,104,0.999997203768], [172,104,-0.002364837643], [126,105,0.000452838383], [127,105,-0.999999897469], [129,105,-0.000452838383], [130,105,0.999999897469], [126,106,-0.704771680834], [127,106,-0.709434195606], [153,106,0.704771680834], [154,106,0.709434195606], [129,107,-0.706890553469], [130,107,0.707322942804], [150,107,0.706890553469], [151,107,-0.707322942804], [129,108,-0.999999387195], [130,108,0.001107072141], [153,108,0.999999387195], [154,108,-0.001107072141], [129,109,-0.706527001771], [130,109,-0.707686085612], [156,109,0.706527001771], [157,109,0.707686085612], [132,110,0.000180439479], [133,110,-0.999999983721], [135,110,-0.000180439479], [136,110,0.999999983721], [132,111,-0.000404511725], [133,111,-0.999999918185], [138,111,0.000404511725], [139,111,0.999999918185], [135,112,-0.000986697140], [136,112,-0.999999513214], [138,112,0.000986697140], [139,112,0.999999513214], [138,113,-0.999998833935], [139,113,0.001527130988], [186,113,0.999998833935], [187,113,-0.001527130988], [141,114,-0.999999054710], [142,114,-0.001374983612], [165,114,0.999999054710], [166,114,0.001374983612], [144,115,-0.004661803884], [145,115,-0.999989133733], [147,115,0.004661803884], [148,115,0.999989133733], [144,116,-0.999953791987], [145,116,0.009613214390], [168,116,0.999953791987], [169,116,-0.009613214390], [147,117,0.000478919233], [148,117,-0.999999885318], [153,117,-0.000478919233], [154,117,0.999999885318], [147,118,-0.707529973948], [148,118,0.706683334999], [168,118,0.707529973948], [169,118,-0.706683334999], [147,119,-0.999995082026], [148,119,-0.003136227549], [171,119,0.999995082026], [172,119,0.003136227549], [147,120,-0.704182241339], [148,120,-0.710019275078], [174,120,0.704182241339], [175,120,0.710019275078], [150,121,0.002274778749], [151,121,-0.999997412687], [153,121,-0.002274778749], [154,121,0.999997412687], [150,122,0.002288062377], [151,122,-0.999997382382], [156,122,-0.002288062377], [157,122,0.999997382382], [150,123,-0.999993540880], [151,123,0.003594189498], [174,123,0.999993540880], [175,123,-0.003594189498], [153,124,0.002301363840], [154,124,-0.999997351859], [156,124,-0.002301363840], [157,124,0.999997351859], [153,125,-0.708094671425], [154,125,-0.706117508847], [180,125,0.708094671425], [181,125,0.706117508847], [156,126,-0.708801965135], [157,126,0.705407523507], [177,126,0.708801965135], [178,126,-0.705407523507], [156,127,-0.999998709733], [157,127,-0.001606403608], [180,127,0.999998709733], [181,127,0.001606403608], [156,128,-0.710112314475], [157,128,-0.704088418333], [183,128,0.710112314475], [184,128,0.704088418333], [159,129,-0.002475290152], [160,129,-0.999996936465], [162,129,0.002475290152], [163,129,0.999996936465], [159,130,-0.710094737461], [160,130,0.704106145286], [180,130,0.710094737461], [181,130,-0.704106145286], [159,131,-0.999999904367], [160,131,-0.000437339078], [183,131,0.999999904367], [184,131,0.000437339078], [159,132,-0.705756850303], [160,132,-0.708454139836], [186,132,0.705756850303], [187,132,0.708454139836], [162,133,-0.704944439612], [163,133,0.709262530421], [183,133,0.704944439612], [184,133,-0.709262530421], [162,134,-0.999987125986], [163,134,0.005074235197], [186,134,0.999987125986], [187,134,-0.005074235197], [168,135,0.008880521864], [169,135,-0.999960567388], [171,135,-0.008880521864], [172,135,0.999960567388], [168,136,0.004987134127], [169,136,-0.999987564169], [174,136,-0.004987134127], [175,136,0.999987564169], [171,137,0.001067018126], [172,137,-0.999999430736], [174,137,-0.001067018126], [175,137,0.999999430736], [177,138,-0.003491505590], [178,138,-0.999993904676], [180,138,0.003491505590], [181,138,0.999993904676], [177,139,-0.001051405800], [178,139,-0.999999447273], [183,139,0.001051405800], [184,139,0.999999447273], ]
},
"Q": {
"shape": [140, 140],
"data": [[0,0,2.000000000000], [1,0,0.706000254436], [2,0,0.999999303464], [23,0,-0.004407764748], [24,0,-0.711561466060], [0,1,0.706000254436], [1,1,2.000000000000], [2,1,0.706835653978], [25,1,-0.711827168641], [26,1,-0.711688884246], [27,1,-0.702110514415], [28,1,-0.999990959988], [0,2,0.999999303464], [1,2,0.706835653978], [2,2,2.000000000000], [43,2,-0.012229773245], [44,2,-0.006002455905], [45,2,-0.713212350766], [3,3,2.000000000000], [4,3,0.999999191275], [5,3,0.705802408355], [6,3,-0.999996760097], [7,3,-0.999996730131], [8,3,-0.704376353046], [3,4,0.999999191275], [4,4,2.000000000000], [5,4,0.704900890391], [6,4,0.999999188772], [9,4,-0.999959751712], [10,4,0.005572090065], [11,4,0.004264923530], [3,5,0.705802408355], [4,5,0.704900890391], [5,5,2.000000000000], [23,5,0.708805524146], [25,5,0.709317951206], [29,5,-0.002085849837], [30,5,-0.711375044844], [31,5,-0.999999008834], [32,5,-0.708772254258], [3,6,-0.999996760097], [4,6,0.999999188772], [6,6,2.000000000000], [7,6,0.999986980546], [8,6,0.702567175718], [9,6,-0.999947512505], [10,6,0.006845821982], [11,6,0.005538664698], [3,7,-0.999996730131], [6,7,0.999986980546], [7,7,2.000000000000], [8,7,0.706189281952], [9,7,0.999986775132], [12,7,-0.999999522682], [13,7,0.704663024317], [14,7,-0.004699561464], [15,7,-0.709447772212], [16,7,-0.000472559833], [3,8,-0.704376353046], [6,8,0.702567175718], [7,8,0.706189281952], [8,8,2.000000000000], [10,8,0.706791102753], [13,8,0.004746731221], [26,8,0.707759904029], [33,8,-0.704941433666], [34,8,-0.708646667677], [4,9,-0.999959751712], [6,9,-0.999947512505], [7,9,0.999986775132], [9,9,2.000000000000], [10,9,0.003399893098], [11,9,0.004707064705], [12,9,-0.999981272911], [13,9,0.701004591406], [14,9,-0.009842356135], [15,9,-0.713062899445], [16,9,-0.005615466624], [4,10,0.005572090065], [6,10,0.006845821982], [8,10,0.706791102753], [9,10,0.003399893098], [10,10,2.000000000000], [11,10,0.999999145637], [13,10,0.710769296474], [26,10,0.000477745131], [33,10,0.003503924117], [34,10,-0.999996550899], [4,11,0.004264923530], [6,11,0.005538664698], [9,11,0.004707064705], [10,11,0.999999145637], [11,11,2.000000000000], [31,11,0.705295594758], [34,11,0.999999129775], [47,11,-0.002719312262], [49,11,-0.000928172550], [53,11,-0.706497928759], [7,12,-0.999999522682], [9,12,-0.999981272911], [12,12,2.000000000000], [13,12,-0.705355949627], [14,12,0.003722515038], [15,12,0.708758846258], [16,12,-0.000504495256], [17,12,0.999997393003], [7,13,0.704663024317], [8,13,0.004746731221], [9,13,0.701004591406], [10,13,0.710769296474], [12,13,-0.705355949627], [13,13,2.000000000000], [14,13,0.706222678816], [15,13,0.000133883727], [16,13,0.709209046818], [26,13,-0.703085549739], [33,13,0.705911360104], [34,13,-0.708919340445], [7,14,-0.004699561464], [9,14,-0.009842356135], [12,14,0.003722515038], [13,14,0.706222678816], [14,14,2.000000000000], [15,14,0.708084324914], [16,14,0.999991066169], [19,14,0.703364811213], [35,14,-0.004272581856], [36,14,-0.001593716839], [37,14,-0.707206593974], [7,15,-0.709447772212], [9,15,-0.713062899445], [12,15,0.708758846258], [13,15,0.000133883727], [14,15,0.708084324914], [15,15,2.000000000000], [16,15,0.705093191976], [33,15,0.708205668329], [35,15,0.709146787219], [38,15,0.007413404010], [39,15,-0.708099225284], [7,16,-0.000472559833], [9,16,-0.005615466624], [12,16,-0.000504495256], [13,16,0.709209046818], [14,16,0.999991066169], [15,16,0.705093191976], [16,16,2.000000000000], [38,16,0.703868025744], [54,16,-0.999999313605], [12,17,0.999997393003], [17,17,2.000000000000], [18,17,0.999997710737], [19,17,-0.709816100650], [20,17,0.708370634920], [21,17,-0.000063685070], [17,18,0.999997710737], [18,18,2.000000000000], [19,18,-0.708307265143], [20,18,0.709879334212], [21,18,0.002076062772], [22,18,0.710878099290], [14,19,0.703364811213], [17,19,-0.709816100650], [18,19,-0.708307265143], [19,19,2.000000000000], [20,19,-0.005627864984], [21,19,0.704432244068], [35,19,0.707817380993], [36,19,0.709707185756], [37,19,0.005136851216], [17,20,0.708370634920], [18,20,0.709879334212], [19,20,-0.005627864984], [20,20,2.000000000000], [21,20,0.705795550379], [22,20,-0.009276350532], [36,20,0.708479757610], [40,20,0.001474091166], [17,21,-0.000063685070], [18,21,0.002076062772], [19,21,0.704432244068], [20,21,0.705795550379], [21,21,2.000000000000], [37,21,0.706143312129], [39,21,0.999998838876], [40,21,0.707374408335], [55,21,-0.007749923902], [56,21,-0.006594353196], [18,22,0.710878099290], [20,22,-0.009276350532], [22,22,2.000000000000], [36,22,-0.712272875289], [40,22,-0.999969561495], [0,23,-0.004407764748], [5,23,0.708805524146], [23,23,2.000000000000], [24,23,0.705753423952], [25,23,0.999999735956], [29,23,0.703923950939], [30,23,-0.008459781818], [31,23,-0.709797997290], [32,23,-0.004763379471], [0,24,-0.711561466060], [23,24,0.705753423952], [24,24,2.000000000000], [27,24,0.707702248752], [29,24,0.006403197170], [43,24,0.710443406852], [46,24,-0.701667549234], [47,24,-0.702932153469], [48,24,-0.999942938829], [1,25,-0.711827168641], [5,25,0.709317951206], [23,25,0.999999735956], [25,25,2.000000000000], [26,25,0.999999980622], [27,25,-0.000342939898], [28,25,0.708834285442], [29,25,0.703407610829], [30,25,-0.009186449564], [31,25,-0.710309698363], [32,25,-0.005490065953], [1,26,-0.711688884246], [8,26,0.707759904029], [10,26,0.000477745131], [13,26,-0.703085549739], [25,26,0.999999980622], [26,26,2.000000000000], [27,26,-0.000539807086], [28,26,0.708695406491], [33,26,-0.999992073137], [34,26,-0.003104183810], [1,27,-0.702110514415], [24,27,0.707702248752], [25,27,-0.000342939898], [26,27,-0.000539807086], [27,27,2.000000000000], [28,27,0.705131917150], [29,27,0.711027884830], [43,27,0.005572349333], [46,27,0.006820424163], [47,27,0.005044028925], [48,27,-0.700114456245], [1,28,-0.999990959988], [25,28,0.708834285442], [26,28,0.708695406491], [27,28,0.705131917150], [28,28,2.000000000000], [30,28,0.711856952369], [44,28,0.708613984759], [46,28,0.704250353580], [49,28,-0.706778668723], [50,28,-0.001824432628], [51,28,-0.706630910703], [52,28,-0.705278481482], [5,29,-0.002085849837], [23,29,0.703923950939], [24,29,0.006403197170], [25,29,0.703407610829], [27,29,0.711027884830], [29,29,2.000000000000], [30,29,0.704294888971], [31,29,0.000677897711], [32,29,0.706914233988], [43,29,-0.699190799505], [46,29,0.707996968971], [47,29,0.706741312481], [48,29,0.004279602693], [5,30,-0.711375044844], [23,30,-0.008459781818], [25,30,-0.009186449564], [28,30,0.711856952369], [29,30,0.704294888971], [30,30,2.000000000000], [31,30,0.710384812565], [32,30,0.999993168006], [44,30,0.008874194196], [46,30,0.002709038326], [49,30,-0.006276570087], [50,30,-0.703622049145], [51,30,-0.999972521758], [52,30,-0.999956543016], [5,31,-0.999999008834], [11,31,0.705295594758], [23,31,-0.709797997290], [25,31,-0.710309698363], [29,31,0.000677897711], [30,31,0.710384812565], [31,31,2.000000000000], [32,31,0.707778328992], [34,31,0.706230222590], [47,31,0.706992800221], [49,31,0.708258398895], [53,31,0.003418805600], [5,32,-0.708772254258], [23,32,-0.004763379471], [25,32,-0.005490065953], [29,32,0.706914233988], [30,32,0.999993168006], [31,32,0.707778328992], [32,32,2.000000000000], [48,32,0.704267486787], [51,32,0.999993092722], [53,32,0.704010709986], [65,32,-0.005020057444], [8,33,-0.704941433666], [10,33,0.003503924117], [13,33,0.705911360104], [15,33,0.708205668329], [26,33,-0.999992073137], [33,33,2.000000000000], [34,33,-0.000877487528], [35,33,0.999999110341], [38,33,0.711236997580], [39,33,-0.002959781534], [8,34,-0.708646667677], [10,34,-0.999996550899], [11,34,0.999999129775], [13,34,-0.708919340445], [26,34,-0.003104183810], [31,34,0.706230222590], [33,34,-0.000877487528], [34,34,2.000000000000], [47,34,-0.001400053949], [49,34,0.000391088514], [53,34,-0.705563653128], [14,35,-0.004272581856], [15,35,0.709146787219], [19,35,0.707817380993], [33,35,0.999999110341], [35,35,2.000000000000], [36,35,0.999996411810], [37,35,0.710022099150], [38,35,0.710298689480], [39,35,-0.004293683402], [14,36,-0.001593716839], [19,36,0.709707185756], [20,36,0.708479757610], [22,36,-0.712272875289], [35,36,0.999996411810], [36,36,2.000000000000], [37,36,0.708133143490], [40,36,0.706774730683], [14,37,-0.707206593974], [19,37,0.005136851216], [21,37,0.706143312129], [35,37,0.710022099150], [36,37,0.708133143490], [37,37,2.000000000000], [39,37,0.707221512894], [40,37,-0.000983070656], [55,37,-0.713520232089], [56,37,-0.712710102129], [15,38,0.007413404010], [16,38,0.703868025744], [33,38,0.711236997580], [35,38,0.710298689480], [38,38,2.000000000000], [39,38,0.700844112829], [54,38,-0.703035275533], [15,39,-0.708099225284], [21,39,0.999998838876], [33,39,-0.002959781534], [35,39,-0.004293683402], [37,39,0.707221512894], [38,39,0.700844112829], [39,39,2.000000000000], [40,39,0.706296440515], [55,39,-0.009273761270], [56,39,-0.008118204536], [20,40,0.001474091166], [21,40,0.707374408335], [22,40,-0.999969561495], [36,40,0.706774730683], [37,40,-0.000983070656], [39,40,0.706296440515], [40,40,2.000000000000], [55,40,0.701335727711], [56,40,0.702159007228], [41,41,2.000000000000], [42,41,0.999984440586], [56,41,-0.000584020244], [61,41,-0.999981396317], [41,42,0.999984440586], [42,42,2.000000000000], [59,42,0.705166991767], [72,42,0.002726710879], [79,42,-0.707520195034], [80,42,-0.999989779765], [81,42,-0.999996668896], [2,43,-0.012229773245], [24,43,0.710443406852], [27,43,0.005572349333], [29,43,-0.699190799505], [43,43,2.000000000000], [44,43,0.999980608648], [45,43,0.709618035288], [46,43,-0.999923209553], [47,43,-0.999943646252], [48,43,-0.717920831835], [2,44,-0.006002455905], [28,44,0.708613984759], [30,44,0.008874194196], [43,44,0.999980608648], [44,44,2.000000000000], [45,44,0.705216429570], [46,44,0.999980994789], [49,44,-0.999996625981], [50,44,0.704302365345], [51,44,-0.001461029110], [52,44,0.000448489151], [2,45,-0.713212350766], [43,45,0.709618035288], [44,45,0.705216429570], [45,45,2.000000000000], [50,45,0.006627971134], [62,45,0.703735296288], [64,45,-0.000559130637], [24,46,-0.701667549234], [27,46,0.006820424163], [28,46,0.704250353580], [29,46,0.707996968971], [30,46,0.002709038326], [43,46,-0.999923209553], [44,46,0.999980994789], [46,46,2.000000000000], [47,46,0.999998422154], [48,46,0.709238949855], [49,46,-0.999993636230], [50,46,0.708665677423], [51,46,0.004704222056], [52,46,0.006613709986], [11,47,-0.002719312262], [24,47,-0.702932153469], [27,47,0.005044028925], [29,47,0.706741312481], [31,47,0.706992800221], [34,47,-0.001400053949], [43,47,-0.999943646252], [46,47,0.999998422154], [47,47,2.000000000000], [48,47,0.710490154416], [49,47,0.999998395904], [53,47,0.709633681634], [24,48,-0.999942938829], [27,48,-0.700114456245], [29,48,0.004279602693], [32,48,0.704267486787], [43,48,-0.717920831835], [46,48,0.709238949855], [47,48,0.710490154416], [48,48,2.000000000000], [51,48,0.701623945904], [53,48,-0.008376227828], [65,48,-0.713461237936], [11,49,-0.000928172550], [28,49,-0.706778668723], [30,49,-0.006276570087], [31,49,0.708258398895], [34,49,0.000391088514], [44,49,-0.999996625981], [46,49,-0.999993636230], [47,49,0.999998395904], [49,49,2.000000000000], [50,49,-0.706144094037], [51,49,-0.001136669502], [52,49,-0.003046183831], [53,49,0.708370556948], [28,50,-0.001824432628], [30,50,-0.703622049145], [44,50,0.704302365345], [45,50,0.006627971134], [46,50,0.708665677423], [49,50,-0.706144094037], [50,50,2.000000000000], [51,50,0.708870354508], [52,50,0.710215919019], [62,50,-0.705782324244], [64,50,-0.999981584350], [28,51,-0.706630910703], [30,51,-0.999972521758], [32,51,0.999993092722], [44,51,-0.001461029110], [46,51,0.004704222056], [48,51,0.701623945904], [49,51,-0.001136669502], [50,51,0.708870354508], [51,51,2.000000000000], [52,51,0.999998176870], [53,51,0.706645469924], [65,51,-0.001303282359], [28,52,-0.705278481482], [30,52,-0.999956543016], [44,52,0.000448489151], [46,52,0.006613709986], [49,52,-0.003046183831], [50,52,0.710215919019], [51,52,0.999998176870], [52,52,2.000000000000], [66,52,0.710856891771], [84,52,0.003532351690], [87,52,0.003488934389], [88,52,-0.702342973342], [11,53,-0.706497928759], [31,53,0.003418805600], [32,53,0.704010709986], [34,53,-0.705563653128], [47,53,0.709633681634], [48,53,-0.008376227828], [49,53,0.708370556948], [51,53,0.706645469924], [53,53,2.000000000000], [65,53,0.706646232196], [16,54,-0.999999313605], [38,54,-0.703035275533], [54,54,2.000000000000], [69,54,-0.000821289263], [70,54,-0.708083771638], [21,55,-0.007749923902], [37,55,-0.713520232089], [39,55,-0.009273761270], [40,55,0.701335727711], [55,55,2.000000000000], [56,55,0.999999332294], [57,55,0.706205693944], [58,55,-0.002360506147], [59,55,-0.713364613477], [60,55,-0.006451246413], [21,56,-0.006594353196], [37,56,-0.712710102129], [39,56,-0.008118204536], [40,56,0.702159007228], [41,56,-0.000584020244], [55,56,0.999999332294], [56,56,2.000000000000], [61,56,-0.005515745227], [55,57,0.706205693944], [57,57,2.000000000000], [58,57,0.706337746220], [59,57,-0.007615947234], [60,57,0.703436081387], [71,57,0.707964732706], [72,57,0.708625269483], [73,57,-0.700826577320], [74,57,0.001566486595], [75,57,-0.705083720151], [55,58,-0.002360506147], [57,58,0.706337746220], [58,58,2.000000000000], [59,58,0.702475020059], [60,58,0.999991632760], [69,58,-0.003015632862], [71,58,-0.000127074827], [76,58,-0.710747901335], [77,58,-0.999966852504], [78,58,-0.999989130461], [42,59,0.705166991767], [55,59,-0.713364613477], [57,59,-0.007615947234], [58,59,0.702475020059], [59,59,2.000000000000], [60,59,0.705380578658], [72,59,0.710961414425], [79,59,0.002154699247], [80,59,-0.701954136718], [81,59,-0.703334519851], [55,60,-0.006451246413], [57,60,0.703436081387], [58,60,0.999991632760], [59,60,0.705380578658], [60,60,2.000000000000], [74,60,0.709655728724], [77,60,0.999991793036], [79,60,0.707307251473], [90,60,0.000996550954], [96,60,-0.702251842509], [41,61,-0.999981396317], [56,61,-0.005515745227], [61,61,2.000000000000], [80,61,0.999987286731], [97,61,-0.999999786879], [45,62,0.703735296288], [50,62,-0.705782324244], [62,62,2.000000000000], [63,62,-0.000719405623], [64,62,0.710068675930], [62,63,-0.000719405623], [63,63,2.000000000000], [64,63,0.704643072693], [82,63,0.005395743904], [83,63,-0.700762994660], [45,64,-0.000559130637], [50,64,-0.999981584350], [62,64,0.710068675930], [63,64,0.704643072693], [64,64,2.000000000000], [82,64,0.713353679733], [83,64,0.012409549957], [32,65,-0.005020057444], [48,65,-0.713461237936], [51,65,-0.001303282359], [53,65,0.706646232196], [65,65,2.000000000000], [66,65,0.703767493540], [67,65,0.000767605412], [68,65,-0.004353452101], [52,66,0.710856891771], [65,66,0.703767493540], [66,66,2.000000000000], [67,66,0.710970379547], [68,66,0.707359822772], [84,66,-0.700821291225], [87,66,0.705812528028], [88,66,0.001396928336], [65,67,0.000767605412], [66,67,0.710970379547], [67,67,2.000000000000], [68,67,0.999986887343], [70,67,0.711155372693], [85,67,-0.000146592995], [87,67,-0.003650302781], [65,68,-0.004353452101], [66,68,0.707359822772], [67,68,0.999986887343], [68,68,2.000000000000], [88,68,0.705864828356], [105,68,0.001381650685], [107,68,-0.705591788201], [108,68,-0.999995673610], [109,68,-0.707824054896], [54,69,-0.000821289263], [58,69,-0.003015632862], [69,69,2.000000000000], [70,69,-0.705546659238], [71,69,0.999995828106], [76,69,0.705586970575], [77,69,-0.005126536223], [78,69,-0.001646884418], [54,70,-0.708083771638], [67,70,0.711155372693], [69,70,-0.705546659238], [70,70,2.000000000000], [85,70,-0.703139118144], [87,70,-0.705626123852], [57,71,0.707964732706], [58,71,-0.000127074827], [69,71,0.999995828106], [71,71,2.000000000000], [72,71,0.999999562219], [73,71,0.007628431518], [74,71,0.707355938166], [75,71,0.001642898437], [76,71,0.703537126928], [77,71,-0.008015035467], [78,71,-0.004535432219], [42,72,0.002726710879], [57,72,0.708625269483], [59,72,0.710961414425], [71,72,0.999999562219], [72,72,2.000000000000], [73,72,0.006692740317], [74,72,0.706694211237], [75,72,0.000707183893], [79,72,0.704761295360], [80,72,0.001794402465], [81,72,-0.000145588086], [57,73,-0.700826577320], [71,73,0.007628431518], [72,73,0.006692740317], [73,73,2.000000000000], [74,73,0.712232985348], [75,73,0.999982086312], [76,73,0.705270942457], [89,73,-0.003244440272], [93,73,-0.702190173837], [94,73,-0.999928457034], [95,73,-0.712785028351], [57,74,0.001566486595], [60,74,0.709655728724], [71,74,0.707355938166], [72,74,0.706694211237], [73,74,0.712232985348], [74,74,2.000000000000], [75,74,0.708018696403], [77,74,0.712504314406], [79,74,0.003894822862], [90,74,0.705255470258], [96,74,0.003231272942], [57,75,-0.705083720151], [71,75,0.001642898437], [72,75,0.000707183893], [73,75,0.999982086312], [74,75,0.708018696403], [75,75,2.000000000000], [92,75,0.706077168068], [94,75,0.999982141863], [96,75,0.703902200012], [110,75,-0.001174512905], [112,75,0.000007376395], [58,76,-0.710747901335], [69,76,0.705586970575], [71,76,0.703537126928], [73,76,0.705270942457], [76,76,2.000000000000], [77,76,0.704996803190], [78,76,0.707460351050], [89,76,-0.711222344072], [93,76,-0.999990598386], [94,76,-0.713700544304], [95,76,-0.005469909454], [58,77,-0.999966852504], [60,77,0.999991793036], [69,77,-0.005126536223], [71,77,-0.008015035467], [74,77,0.712504314406], [76,77,0.704996803190], [77,77,2.000000000000], [78,77,0.999993945942], [79,77,0.704437485071], [90,77,0.005047942969], [96,77,-0.699361770001], [58,78,-0.999989130461], [69,78,-0.001646884418], [71,78,-0.004535432219], [76,78,0.707460351050], [77,78,0.999993945942], [78,78,2.000000000000], [95,78,0.710612205432], [111,78,0.002302984597], [112,78,0.002885168195], [113,78,-0.999994132616], [42,79,-0.707520195034], [59,79,0.002154699247], [60,79,0.707307251473], [72,79,0.704761295360], [74,79,0.003894822862], [77,79,0.704437485071], [79,79,2.000000000000], [80,79,0.710707995915], [81,79,0.709341900307], [90,79,-0.706201035314], [96,79,-0.999974609376], [42,80,-0.999989779765], [59,80,-0.701954136718], [61,80,0.999987286731], [72,80,0.001794402465], [79,80,0.710707995915], [80,80,2.000000000000], [81,80,0.999998118217], [97,80,-0.999990365690], [42,81,-0.999996668896], [59,81,-0.703334519851], [72,81,-0.000145588086], [79,81,0.709341900307], [80,81,0.999998118217], [81,81,2.000000000000], [114,81,-0.999995705638], [63,82,0.005395743904], [64,82,0.713353679733], [82,82,2.000000000000], [83,82,0.709602635823], [84,82,-0.999942282531], [85,82,-0.999973888714], [86,82,-0.700323942177], [63,83,-0.700762994660], [64,83,0.012409549957], [82,83,0.709602635823], [83,83,2.000000000000], [98,83,0.708725783993], [102,83,0.006572164479], [103,83,-0.696120051265], [104,83,-0.700009534581], [52,84,0.003532351690], [66,84,-0.700821291225], [82,84,-0.999942282531], [84,84,2.000000000000], [85,84,0.999993813313], [86,84,0.707952794833], [87,84,-0.999975350771], [88,84,-0.714315190505], [67,85,-0.000146592995], [70,85,-0.703139118144], [82,85,-0.999973888714], [84,85,0.999993813313], [85,85,2.000000000000], [86,85,0.705464093044], [87,85,0.999993861987], [82,86,-0.700323942177], [84,86,0.707952794833], [85,86,0.705464093044], [86,86,2.000000000000], [99,86,0.703936905103], [105,86,-0.702913144612], [106,86,-0.999961654985], [52,87,0.003488934389], [66,87,0.705812528028], [67,87,-0.003650302781], [70,87,-0.705626123852], [84,87,-0.999975350771], [85,87,0.999993861987], [87,87,2.000000000000], [88,87,0.709383948065], [52,88,-0.702342973342], [66,88,0.001396928336], [68,88,0.705864828356], [84,88,-0.714315190505], [87,88,0.709383948065], [88,88,2.000000000000], [105,88,0.709321139010], [107,88,0.003895072802], [108,88,-0.703778132279], [109,88,-0.999996164270], [73,89,-0.003244440272], [76,89,-0.711222344072], [89,89,2.000000000000], [90,89,0.999968749369], [91,89,-0.012682904843], [92,89,0.701587696462], [93,89,0.714263904688], [94,89,0.015205784476], [95,89,-0.699066285647], [60,90,0.000996550954], [74,90,0.705255470258], [77,90,0.005047942969], [79,90,-0.706201035314], [89,90,0.999968749369], [90,90,2.000000000000], [91,90,-0.004777432121], [92,90,0.707199248503], [96,90,0.711228429522], [89,91,-0.012682904843], [90,91,-0.004777432121], [91,91,2.000000000000], [92,91,0.703627636927], [93,91,0.708879120038], [110,91,0.004627689251], [111,91,0.004042743541], [75,92,0.706077168068], [89,92,0.701587696462], [90,92,0.707199248503], [91,92,0.703627636927], [92,92,2.000000000000], [94,92,0.701832544554], [96,92,-0.005976753656], [110,92,0.707305112096], [112,92,-0.708129688948], [73,93,-0.702190173837], [76,93,-0.999990598386], [89,93,0.714263904688], [91,93,0.708879120038], [93,93,2.000000000000], [94,93,0.710656497896], [95,93,0.001133664275], [110,93,0.708602908596], [111,93,0.708190041435], [73,94,-0.999928457034], [75,94,0.999982141863], [76,94,-0.713700544304], [89,94,0.015205784476], [92,94,0.701832544554], [93,94,0.710656497896], [94,94,2.000000000000], [95,94,0.704344348350], [96,94,0.708134564689], [110,94,-0.007150770446], [112,94,0.005983658900], [73,95,-0.712785028351], [76,95,-0.005469909454], [78,95,0.710612205432], [89,95,-0.699066285647], [93,95,0.001133664275], [94,95,0.704344348350], [95,95,2.000000000000], [111,95,0.705218555440], [112,95,0.705631199634], [113,95,-0.708197839172], [60,96,-0.702251842509], [74,96,0.003231272942], [75,96,0.703902200012], [77,96,-0.699361770001], [79,96,-0.999974609376], [90,96,0.711228429522], [92,96,-0.005976753656], [94,96,0.708134564689], [96,96,2.000000000000], [110,96,-0.711123156992], [112,96,0.710302096936], [61,97,-0.999999786879], [80,97,-0.999990365690], [97,97,2.000000000000], [114,97,0.999999884301], [83,98,0.708725783993], [98,98,2.000000000000], [99,98,0.999980043096], [100,98,-0.002406886689], [101,98,-0.008709370307], [102,98,0.710126689119], [103,98,0.013126696196], [104,98,0.007694994748], [86,99,0.703936905103], [98,99,0.999980043096], [99,99,2.000000000000], [100,99,0.003910849145], [101,99,-0.002391730009], [105,99,-0.999998962688], [106,99,-0.710129823792], [98,100,-0.002406886689], [99,100,0.003910849145], [100,100,2.000000000000], [101,100,0.999980138737], [102,100,0.705781075495], [115,100,-0.007585089865], [116,100,-0.999921416552], [98,101,-0.008709370307], [99,101,-0.002391730009], [100,101,0.999980138737], [101,101,2.000000000000], [116,101,0.999980567981], [118,101,0.709913989007], [135,101,0.012259581049], [136,101,0.008366306771], [83,102,0.006572164479], [98,102,0.710126689119], [100,102,0.705781075495], [102,102,2.000000000000], [103,102,0.713334875562], [104,102,0.709517496099], [115,102,0.703056213615], [116,102,-0.714606757638], [83,103,-0.696120051265], [98,103,0.013126696196], [102,103,0.713334875562], [103,103,2.000000000000], [104,103,0.999985246711], [115,103,-0.003135016455], [117,103,0.008275667146], [118,103,-0.713018311154], [119,103,-0.999940234530], [120,103,-0.698624985292], [83,104,-0.700009534581], [98,104,0.007694994748], [102,104,0.709517496099], [103,104,0.999985246711], [104,104,2.000000000000], [119,104,0.999984869139], [135,104,-0.011245241424], [137,104,0.003431851439], [68,105,0.001381650685], [86,105,-0.702913144612], [88,105,0.709321139010], [99,105,-0.999998962688], [105,105,2.000000000000], [106,105,0.709114975199], [107,105,0.707642977456], [108,105,0.001559910133], [109,105,-0.707366070507], [86,106,-0.999961654985], [99,106,-0.710129823792], [105,106,0.709114975199], [106,106,2.000000000000], [108,106,0.703985854113], [117,106,0.709096585534], [121,106,0.707829160435], [124,106,-0.707810380862], [125,106,-0.999988978661], [68,107,-0.705591788201], [88,107,0.003895072802], [105,107,0.707642977456], [107,107,2.000000000000], [108,107,0.707673177808], [109,107,-0.001125341334], [121,107,0.708929132347], [122,107,0.708938500982], [123,107,-0.709428240271], [68,108,-0.999995673610], [88,108,-0.703778132279], [105,108,0.001559910133], [106,108,0.703985854113], [107,108,0.707673177808], [108,108,2.000000000000], [109,108,0.705743109258], [117,108,-0.001585990953], [121,108,-0.003381846632], [124,108,0.003408431639], [125,108,-0.707312514479], [68,109,-0.707824054896], [88,109,-0.999996164270], [105,109,-0.707366070507], [107,109,-0.001125341334], [108,109,0.705743109258], [109,109,2.000000000000], [122,109,0.706067655309], [124,109,0.706058235866], [126,109,-0.001580638204], [127,109,-0.707662919644], [128,109,-0.999987101161], [75,110,-0.001174512905], [91,110,0.004627689251], [92,110,0.707305112096], [93,110,0.708602908596], [94,110,-0.007150770446], [96,110,-0.711123156992], [110,110,2.000000000000], [111,110,0.999999828916], [112,110,-0.999999318896], [78,111,0.002302984597], [91,111,0.004042743541], [93,111,0.708190041435], [95,111,0.705218555440], [110,111,0.999999828916], [111,111,2.000000000000], [112,111,0.999999830530], [113,111,0.001122619610], [75,112,0.000007376395], [78,112,0.002885168195], [92,112,-0.708129688948], [94,112,0.005983658900], [95,112,0.705631199634], [96,112,0.710302096936], [110,112,-0.999999318896], [111,112,0.999999830530], [112,112,2.000000000000], [113,112,0.000540434254], [78,113,-0.999994132616], [95,113,-0.708197839172], [111,113,0.001122619610], [112,113,0.000540434254], [113,113,2.000000000000], [132,113,0.704674125074], [134,113,0.999993708957], [81,114,-0.999995705638], [97,114,0.999999884301], [114,114,2.000000000000], [100,115,-0.007585089865], [102,115,0.703056213615], [103,115,-0.003135016455], [115,115,2.000000000000], [116,115,-0.004951521459], [117,115,-0.999986786425], [118,115,0.703377290009], [119,115,-0.007797974428], [120,115,-0.713294319327], [100,116,-0.999921416552], [101,116,0.999980567981], [102,116,-0.714606757638], [115,116,-0.004951521459], [116,116,2.000000000000], [118,116,0.714290778799], [135,116,0.018492946829], [136,116,0.014599998524], [103,117,0.008275667146], [106,117,0.709096585534], [108,117,-0.001585990953], [115,117,-0.999986786425], [117,117,2.0000000