{
"N": {
"shape": [192, 152],
"data": [[0,0,0.005447083219], [1,0,-0.999985164532], [3,0,-0.005447083219], [4,0,0.999985164532], [3,1,-0.707617008400], [4,1,0.706596185542], [24,1,0.707617008400], [25,1,-0.706596185542], [6,2,0.003575722481], [7,2,-0.999993607084], [9,2,-0.003575722481], [10,2,0.999993607084], [6,3,0.003071341260], [7,3,-0.999995283420], [12,3,-0.003071341260], [13,3,0.999995283420], [6,4,-0.702222972474], [7,4,0.711957089247], [27,4,0.702222972474], [28,4,-0.711957089247], [6,5,-0.999994298994], [7,5,0.003376681669], [30,5,0.999994298994], [31,5,-0.003376681669], [6,6,-0.706165349438], [7,6,-0.708046961192], [33,6,0.706165349438], [34,6,0.708046961192], [6,7,-0.999995446562], [7,7,0.003017756746], [54,7,0.999995446562], [55,7,-0.003017756746], [9,8,0.002566622404], [10,8,-0.999996706219], [12,8,-0.002566622404], [13,8,0.999996706219], [9,9,0.002014145307], [10,9,-0.999997971607], [15,9,-0.002014145307], [16,9,0.999997971607], [9,10,-0.703485966082], [10,10,0.710709149741], [30,10,0.703485966082], [31,10,-0.710709149741], [9,11,-0.999984132945], [10,11,0.005633281332], [33,11,0.999984132945], [34,11,-0.005633281332], [9,12,-0.709005847779], [10,12,-0.705202600545], [36,12,0.709005847779], [37,12,0.705202600545], [9,13,-0.999993491775], [10,13,0.003607825758], [57,13,0.999993491775], [58,13,-0.003607825758], [12,14,0.001457541843], [13,14,-0.999998937785], [15,14,-0.001457541843], [16,14,0.999998937785], [12,15,-0.001741167194], [13,15,-0.999998484167], [18,15,0.001741167194], [19,15,0.999998484167], [12,16,-0.999974723918], [13,16,0.007109959543], [36,16,0.999974723918], [37,16,-0.007109959543], [15,17,-0.708005667000], [16,17,0.706206751239], [36,17,0.708005667000], [37,17,-0.706206751239], [15,18,-0.999988707324], [16,18,-0.004752391547], [39,18,0.999988707324], [40,18,0.004752391547], [15,19,-0.999999062710], [16,19,-0.001369152512], [63,19,0.999999062710], [64,19,0.001369152512], [18,20,0.001833803595], [19,20,-0.999998318581], [21,20,-0.001833803595], [22,20,0.999998318581], [21,21,-0.705323394514], [22,21,0.708885681299], [42,21,0.705323394514], [43,21,-0.708885681299], [24,22,0.001926769659], [25,22,-0.999998143778], [30,22,-0.001926769659], [31,22,0.999998143778], [27,23,-0.000094888385], [28,23,-0.999999995498], [30,23,0.000094888385], [31,23,0.999999995498], [27,24,-0.001139798110], [28,24,-0.999999350430], [33,24,0.001139798110], [34,24,0.999999350430], [27,25,-0.709210196685], [28,25,-0.704997090007], [54,25,0.709210196685], [55,25,0.704997090007], [30,26,-0.002186917603], [31,26,-0.999997608693], [33,26,0.002186917603], [34,26,0.999997608693], [30,27,-0.002220704708], [31,27,-0.999997534232], [36,27,0.002220704708], [37,27,0.999997534232], [30,28,-0.711133585068], [31,28,-0.703056913905], [57,28,0.711133585068], [58,28,0.703056913905], [33,29,-0.002254488515], [34,29,-0.999997458638], [36,29,0.002254488515], [37,29,0.999997458638], [33,30,-0.001825353354], [34,30,-0.999998334041], [39,30,0.001825353354], [40,30,0.999998334041], [36,31,-0.708409295263], [37,31,0.705801863404], [57,31,0.708409295263], [58,31,-0.705801863404], [39,32,-0.999997963299], [40,32,0.002018266075], [63,32,0.999997963299], [64,32,-0.002018266075], [39,33,-0.710525403169], [40,33,-0.703671550833], [66,33,0.710525403169], [67,33,0.703671550833], [39,34,-0.999999199859], [40,34,0.001265022291], [87,34,0.999999199859], [88,34,-0.001265022291], [42,35,0.003845495971], [43,35,-0.999992606053], [45,35,-0.003845495971], [46,35,0.999992606053], [42,36,-0.709015712717], [43,36,0.705192682265], [63,36,0.709015712717], [64,36,-0.705192682265], [42,37,-0.999999999638], [43,37,0.000026888967], [66,37,0.999999999638], [67,37,-0.000026888967], [42,38,-0.702678229191], [43,38,-0.711507769614], [69,38,0.702678229191], [70,38,0.711507769614], [42,39,-0.999994029714], [43,39,-0.003455508221], [90,39,0.999994029714], [91,39,0.003455508221], [45,40,-0.706692167057], [46,40,0.707521152348], [66,40,0.706692167057], [67,40,-0.707521152348], [45,41,-0.999999702483], [46,41,-0.000771384792], [93,41,0.999999702483], [94,41,0.000771384792], [48,42,-0.999997486405], [49,42,-0.002242138238], [72,42,0.999997486405], [73,42,0.002242138238], [51,43,-0.704458384862], [52,43,0.709745295157], [72,43,0.704458384862], [73,43,-0.709745295157], [51,44,-0.999992855872], [52,44,0.003779974164], [75,44,0.999992855872], [76,44,-0.003779974164], [51,45,-0.705830121818], [52,45,-0.708381139737], [78,45,0.705830121818], [79,45,0.708381139737], [51,46,-0.999999984089], [52,46,0.000178389796], [99,46,0.999999984089], [100,46,-0.000178389796], [54,47,-0.004531454154], [55,47,-0.999989732909], [57,47,0.004531454154], [58,47,0.999989732909], [54,48,-0.002052966115], [55,48,-0.999997892663], [60,48,0.002052966115], [61,48,0.999997892663], [54,49,-0.708532463574], [55,49,0.705678218497], [75,49,0.708532463574], [76,49,-0.705678218497], [54,50,-0.999989321118], [55,50,-0.004621433862], [78,50,0.999989321118], [79,50,0.004621433862], [57,51,0.000415138330], [58,51,-0.999999913830], [60,51,-0.000415138330], [61,51,0.999999913830], [57,52,-0.703607525069], [58,52,-0.710588805616], [84,52,0.703607525069], [85,52,0.710588805616], [60,53,-0.703437543587], [61,53,0.710757076836], [81,53,0.703437543587], [82,53,-0.710757076836], [60,54,-0.999996665151], [61,54,0.002582573653], [108,54,0.999996665151], [109,54,-0.002582573653], [63,55,0.003664892427], [64,55,-0.999993284259], [69,55,-0.003664892427], [70,55,0.999993284259], [63,56,-0.704272014381], [64,56,-0.709930228797], [90,56,0.704272014381], [91,56,0.709930228797], [63,57,-0.999999965381], [64,57,-0.000263131891], [111,57,0.999999965381], [112,57,0.000263131891], [66,58,0.006628598108], [67,58,-0.999978030602], [69,58,-0.006628598108], [70,58,0.999978030602], [66,59,-0.999994884540], [67,59,-0.003198576722], [114,59,0.999994884540], [115,59,0.003198576722], [69,60,-0.708021467372], [70,60,0.706190910265], [90,60,0.708021467372], [91,60,-0.706190910265], [69,61,-0.999999724747], [70,61,-0.000741960361], [93,61,0.999999724747], [94,61,0.000741960361], [69,62,-0.999998894055], [70,62,0.001487242294], [117,62,0.999998894055], [118,62,-0.001487242294], [72,63,-0.999998770497], [73,63,0.001568121460], [120,63,0.999998770497], [121,63,-0.001568121460], [75,64,0.002694875598], [76,64,-0.999996368816], [78,64,-0.002694875598], [79,64,0.999996368816], [75,65,-0.999999398113], [76,65,-0.001097165972], [123,65,0.999999398113], [124,65,0.001097165972], [78,66,-0.001019154726], [79,66,-0.999999480662], [84,66,0.001019154726], [85,66,0.999999480662], [78,67,-0.708222563355], [79,67,0.705989235580], [99,67,0.708222563355], [100,67,-0.705989235580], [81,68,-0.003926503052], [82,68,-0.999992291257], [84,68,0.003926503052], [85,68,0.999992291257], [81,69,-0.707029451617], [82,69,0.707184102300], [102,69,0.707029451617], [103,69,-0.707184102300], [81,70,-0.999999041901], [82,70,-0.001384267520], [105,70,0.999999041901], [106,70,0.001384267520], [81,71,-0.706812551969], [82,71,-0.707400888025], [108,71,0.706812551969], [109,71,0.707400888025], [81,72,-0.999993115662], [82,72,-0.003710610248], [129,72,0.999993115662], [130,72,0.003710610248], [84,73,-0.702781830252], [85,73,0.711405439301], [105,73,0.702781830252], [106,73,-0.711405439301], [84,74,-0.999962544512], [85,74,0.008655031664], [108,74,0.999962544512], [109,74,-0.008655031664], [84,75,-0.707503008910], [85,75,-0.706710331312], [111,75,0.707503008910], [112,75,0.706710331312], [84,76,-0.999999625867], [85,76,0.000865023661], [132,76,0.999999625867], [133,76,-0.000865023661], [87,77,0.005588523812], [88,77,-0.999984384079], [90,77,-0.005588523812], [91,77,0.999984384079], [87,78,0.000921783131], [88,78,-0.999999575158], [93,78,-0.000921783131], [94,78,0.999999575158], [87,79,-0.703252561349], [88,79,0.710940106448], [108,79,0.703252561349], [109,79,-0.710940106448], [87,80,-0.999999461740], [88,80,-0.001037555091], [111,80,0.999999461740], [112,80,0.001037555091], [87,81,-0.705042751041], [88,81,-0.709164803980], [114,81,0.705042751041], [115,81,0.709164803980], [90,82,-0.003759049906], [91,82,-0.999992934747], [93,82,0.003759049906], [94,82,0.999992934747], [90,83,-0.707352100067], [91,83,0.706861377167], [111,83,0.707352100067], [112,83,-0.706861377167], [90,84,-0.999999858339], [91,84,0.000532279398], [114,84,0.999999858339], [115,84,-0.000532279398], [90,85,-0.999999620280], [91,85,0.000871459000], [138,85,0.999999620280], [139,85,-0.000871459000], [93,86,-0.706384566999], [94,86,0.707828258482], [114,86,0.706384566999], [115,86,-0.707828258482], [93,87,-0.999998025946], [94,87,0.001986983692], [141,87,0.999998025946], [142,87,-0.001986983692], [96,88,-0.999997715223], [97,88,0.002137650234], [120,88,0.999997715223], [121,88,-0.002137650234], [96,89,-0.705465859307], [97,89,-0.708743903926], [123,89,0.705465859307], [124,89,0.708743903926], [99,90,0.008717016787], [100,90,-0.999962006087], [102,90,-0.008717016787], [103,90,0.999962006087], [99,91,0.003405128021], [100,91,-0.999994202535], [105,91,-0.003405128021], [106,91,0.999994202535], [99,92,-0.704658014579], [100,92,0.709547096739], [120,92,0.704658014579], [121,92,-0.709547096739], [99,93,-0.999999224840], [100,93,0.001245118383], [123,93,0.999999224840], [124,93,-0.001245118383], [99,94,-0.704595175153], [100,94,-0.709609497647], [126,94,0.704595175153], [127,94,0.709609497647], [102,95,-0.001908625727], [103,95,-0.999998178572], [105,95,0.001908625727], [106,95,0.999998178572], [102,96,-0.001047730992], [103,96,-0.999999451130], [108,96,0.001047730992], [109,96,0.999999451130], [102,97,-0.999997150930], [103,97,-0.002387076039], [126,97,0.999997150930], [127,97,0.002387076039], [102,98,-0.708221981837], [103,98,-0.705989818938], [129,98,0.708221981837], [130,98,0.705989818938], [102,99,-0.999998549703], [103,99,-0.001703112615], [150,99,0.999998549703], [151,99,0.001703112615], [105,100,-0.999981875695], [106,100,-0.006020654500], [129,100,0.999981875695], [130,100,0.006020654500], [105,101,-0.706134629141], [106,101,-0.708077598522], [132,101,0.706134629141], [133,101,0.708077598522], [111,102,0.000415476798], [112,102,-0.999999913690], [114,102,-0.000415476798], [115,102,0.999999913690], [111,103,0.001029016279], [112,103,-0.999999470563], [117,103,-0.001029016279], [118,103,0.999999470563], [111,104,-0.708263971140], [112,104,-0.705947694369], [138,104,0.708263971140], [139,104,0.705947694369], [117,105,-0.709762091536], [118,105,0.704441462024], [138,105,0.709762091536], [139,105,-0.704441462024], [117,106,-0.999999967877], [118,106,0.000253465978], [141,106,0.999999967877], [142,106,-0.000253465978], [117,107,-0.999999656843], [118,107,-0.000828440435], [165,107,0.999999656843], [166,107,0.000828440435], [120,108,0.006608948381], [121,108,-0.999978160662], [123,108,-0.006608948381], [124,108,0.999978160662], [120,109,0.001959815406], [121,109,-0.999998079560], [126,109,-0.001959815406], [127,109,0.999998079560], [123,110,-0.002695533487], [124,110,-0.999996367043], [126,110,0.002695533487], [127,110,0.999996367043], [126,111,-0.706300741961], [127,111,0.707911902644], [147,111,0.706300741961], [148,111,-0.707911902644], [126,112,-0.999999483598], [127,112,-0.001016269887], [150,112,0.999999483598], [151,112,0.001016269887], [126,113,-0.999999747695], [127,113,-0.000710358792], [174,113,0.999999747695], [175,113,0.000710358792], [129,114,0.003262155085], [130,114,-0.999994679158], [132,114,-0.003262155085], [133,114,0.999994679158], [129,115,-0.704466470534], [130,115,0.709737269624], [150,115,0.704466470534], [151,115,-0.709737269624], [129,116,-0.705058342126], [130,116,-0.709149303178], [156,116,0.705058342126], [157,116,0.709149303178], [129,117,-0.999999971285], [130,117,0.000239645338], [177,117,0.999999971285], [178,117,-0.000239645338], [132,118,-0.707104286941], [133,118,0.707109275423], [153,118,0.707104286941], [154,118,-0.707109275423], [132,119,-0.999999392819], [133,119,-0.001101980805], [156,119,0.999999392819], [157,119,0.001101980805], [132,120,-0.999998350617], [133,120,0.001816249557], [180,120,0.999998350617], [181,120,-0.001816249557], [135,121,-0.007079093306], [136,121,-0.999974942905], [138,121,0.007079093306], [139,121,0.999974942905], [135,122,-0.707535531998], [136,122,0.706677770246], [156,122,0.707535531998], [157,122,-0.706677770246], [135,123,-0.999993149710], [136,123,0.003701423145], [159,123,0.999993149710], [160,123,-0.003701423145], [141,124,-0.999999613077], [142,124,-0.000879685243], [189,124,0.999999613077], [190,124,0.000879685243], [144,125,-0.999975008364], [145,125,0.007069840680], [168,125,0.999975008364], [169,125,-0.007069840680], [144,126,-0.708649194291], [145,126,-0.705560996251], [171,126,0.708649194291], [172,126,0.705560996251], [147,127,-0.708534857568], [148,127,0.705675814812], [168,127,0.708534857568], [169,127,-0.705675814812], [150,128,-0.004364032170], [151,128,-0.999990477566], [153,128,0.004364032170], [154,128,0.999990477566], [150,129,-0.000442493128], [151,129,-0.999999902100], [156,129,0.000442493128], [157,129,0.999999902100], [150,130,-0.999999917384], [151,130,-0.000406487279], [174,130,0.999999917384], [175,130,0.000406487279], [150,131,-0.709914630803], [151,131,-0.704287737343], [177,131,0.709914630803], [178,131,0.704287737343], [153,132,0.003465916250], [154,132,-0.999993993694], [156,132,-0.003465916250], [157,132,0.999993993694], [153,133,-0.000550595573], [154,133,-0.999999848422], [159,133,0.000550595573], [160,133,0.999999848422], [153,134,-0.707918452597], [154,134,0.706294177007], [174,134,0.707918452597], [175,134,-0.706294177007], [153,135,-0.999998746685], [154,135,-0.001583233386], [177,135,0.999998746685], [178,135,0.001583233386], [153,136,-0.707645959548], [154,136,-0.706567191380], [180,136,0.707645959548], [181,136,0.706567191380], [156,137,-0.004591269749], [157,137,-0.999989460066], [159,137,0.004591269749], [160,137,0.999989460066], [156,138,-0.999988859173], [157,138,0.004720331548], [180,138,0.999988859173], [181,138,-0.004720331548], [159,139,-0.706029901257], [160,139,0.708182023587], [180,139,0.706029901257], [181,139,-0.708182023587], [162,140,-0.000834411168], [163,140,-0.999999651879], [165,140,0.000834411168], [166,140,0.999999651879], [162,141,-0.999999974032], [163,141,0.000227896291], [186,141,0.999999974032], [187,141,-0.000227896291], [162,142,-0.705137769628], [163,142,-0.709070325034], [189,142,0.705137769628], [190,142,0.709070325034], [165,143,-0.999999986931], [166,143,0.000161671381], [189,143,0.999999986931], [190,143,-0.000161671381], [168,144,0.002422132792], [169,144,-0.999997066632], [171,144,-0.002422132792], [172,144,0.999997066632], [174,145,-0.003335929119], [175,145,-0.999994435773], [177,145,0.003335929119], [178,145,0.999994435773], [174,146,0.000869765044], [175,146,-0.999999621754], [180,146,-0.000869765044], [181,146,0.999999621754], [180,147,0.001990447169], [181,147,-0.999998019058], [183,147,-0.001990447169], [184,147,0.999998019058], [180,148,0.001280318051], [181,148,-0.999999180393], [186,148,-0.001280318051], [187,148,0.999999180393], [183,149,0.000572297464], [184,149,-0.999999836238], [186,149,-0.000572297464], [187,149,0.999999836238], [183,150,0.000320435594], [184,150,-0.999999948661], [189,150,-0.000320435594], [190,150,0.999999948661], [186,151,0.000068778074], [187,151,-0.999999997635], [189,151,-0.000068778074], [190,151,0.999999997635], ]
},
"Q": {
"shape": [152, 152],
"data": [[0,0,2.000000000000], [1,0,0.710440151589], [0,1,0.710440151589], [1,1,2.000000000000], [22,1,0.707958288925], [2,2,2.000000000000], [3,2,0.999999872798], [4,2,-0.714463492235], [5,2,-0.006952362178], [6,2,0.705517383392], [7,2,-0.006593443653], [8,2,-0.999999490854], [9,2,-0.999998780729], [10,2,0.713220076821], [11,2,0.009208911063], [12,2,-0.702662884094], [13,2,0.007183501903], [2,3,0.999999872798], [3,3,2.000000000000], [4,3,-0.714110497634], [5,3,-0.006447989493], [6,3,0.705874746858], [7,3,-0.006089069787], [8,3,0.999999872628], [14,3,-0.999998697819], [15,3,-0.999988419876], [16,3,0.010181189636], [2,4,-0.714463492235], [3,4,-0.714110497634], [4,4,2.000000000000], [5,4,0.704623021550], [6,4,-0.008213522800], [7,4,0.704368288254], [23,4,0.711890453238], [24,4,0.711156234365], [25,4,0.003903983704], [2,5,-0.006952362178], [3,5,-0.006447989493], [4,5,0.704623021550], [5,5,2.000000000000], [6,5,0.703770474391], [7,5,0.999999935586], [10,5,0.705881794062], [22,5,-0.005303434076], [23,5,-0.003281793810], [26,5,0.001189768459], [27,5,0.001155981296], [28,5,-0.708755531497], [2,6,0.705517383392], [3,6,0.705874746858], [4,6,-0.008213522800], [5,6,0.703770474391], [6,6,2.000000000000], [7,6,0.704025420464], [11,6,0.702165516945], [24,6,0.708851387196], [26,6,0.709589593467], [29,6,-0.709637203458], [30,6,-0.709334782904], [2,7,-0.006593443653], [3,7,-0.006089069787], [4,7,0.704368288254], [5,7,0.999999935586], [6,7,0.704025420464], [7,7,2.000000000000], [25,7,0.707079457616], [47,7,-0.001513707758], [48,7,0.000964793620], [49,7,-0.710658802520], [50,7,-0.999970821365], [2,8,-0.999999490854], [3,8,0.999999872628], [8,8,2.000000000000], [9,8,0.999999847384], [10,8,-0.712512391662], [11,8,-0.008199844456], [12,8,0.703380527469], [13,8,-0.006174419574], [14,8,-0.999999384968], [15,8,-0.999990721473], [16,8,0.009676493654], [2,9,-0.999998780729], [8,9,0.999999847384], [9,9,2.000000000000], [10,9,-0.712124631101], [11,9,-0.007647383253], [12,9,0.703773129316], [13,9,-0.005621950638], [14,9,0.999999845096], [17,9,0.707631345065], [18,9,-0.002738259346], [19,9,0.000644993684], [2,10,0.713220076821], [5,10,0.705881794062], [8,10,-0.712512391662], [9,10,-0.712124631101], [10,10,2.000000000000], [11,10,0.707478428417], [12,10,-0.002418276846], [13,10,0.706045502414], [22,10,-0.712063285922], [23,10,-0.710642393894], [26,10,0.709168984375], [27,10,0.709145162701], [28,10,-0.000603515604], [2,11,0.009208911063], [6,11,0.702165516945], [8,11,-0.008199844456], [9,11,-0.007647383253], [10,11,0.707478428417], [11,11,2.000000000000], [12,11,0.705021993300], [13,11,0.999997948721], [24,11,-0.004493497648], [26,11,-0.003446384958], [29,11,0.003378814272], [30,11,0.003807947556], [2,12,-0.702662884094], [8,12,0.703380527469], [9,12,0.703773129316], [10,12,-0.002418276846], [11,12,0.705021993300], [12,12,2.000000000000], [13,12,0.706456985303], [16,12,0.703973964930], [17,12,0.003961320669], [27,12,0.706775354303], [29,12,0.706799253910], [31,12,-0.004533023421], [2,13,0.007183501903], [8,13,-0.006174419574], [9,13,-0.005621950638], [10,13,0.706045502414], [11,13,0.999997948721], [12,13,0.706456985303], [13,13,2.000000000000], [28,13,0.708592450007], [31,13,0.710951094919], [47,13,0.000923635946], [51,13,0.004022961076], [52,13,-0.701039265237], [3,14,-0.999998697819], [8,14,-0.999999384968], [9,14,0.999999845096], [14,14,2.000000000000], [15,14,0.999994884130], [16,14,-0.008567456992], [17,14,0.707237948980], [18,14,-0.003294861116], [19,14,0.000088389419], [3,15,-0.999988419876], [8,15,-0.999990721473], [14,15,0.999994884130], [15,15,2.000000000000], [16,15,-0.005368825581], [20,15,-0.999993609792], [3,16,0.010181189636], [8,16,0.009676493654], [12,16,0.703973964930], [14,16,-0.008567456992], [15,16,-0.005368825581], [16,16,2.000000000000], [17,16,0.713008872822], [27,16,-0.004889293434], [29,16,-0.004855509943], [31,16,-0.713409612146], [9,17,0.707631345065], [12,17,0.003961320669], [14,17,0.707237948980], [16,17,0.713008872822], [17,17,2.000000000000], [18,17,0.704641500726], [19,17,0.707038098647], [27,17,-0.704632738379], [29,17,-0.704608765866], [31,17,-0.999999836575], [9,18,-0.002738259346], [14,18,-0.003294861116], [17,18,0.704641500726], [18,18,2.000000000000], [19,18,0.999994276793], [30,18,0.006577716371], [32,18,-0.999977079055], [33,18,-0.713861502165], [34,18,-0.999981895310], [9,19,0.000644993684], [14,19,0.000088389419], [17,19,0.707038098647], [18,19,0.999994276793], [19,19,2.000000000000], [32,19,0.999994262697], [36,19,0.708049531832], [55,19,0.002295745675], [56,19,-0.705243357030], [57,19,-0.999999388359], [15,20,-0.999993609792], [20,20,2.000000000000], [21,20,0.710177913941], [20,21,0.710177913941], [21,21,2.000000000000], [35,21,0.711592758108], [36,21,-0.999986364272], [37,21,-0.705342455463], [38,21,0.008762276148], [39,21,-0.702869623232], [1,22,0.707958288925], [5,22,-0.005303434076], [10,22,-0.712063285922], [22,22,2.000000000000], [23,22,0.999997956448], [26,22,-0.999991538788], [27,22,-0.999991399228], [28,22,-0.701685418259], [4,23,0.711890453238], [5,23,-0.003281793810], [10,23,-0.710642393894], [22,23,0.999997956448], [23,23,2.000000000000], [24,23,0.999999454082], [25,23,0.705064382643], [26,23,-0.999997811704], [27,23,-0.999997740449], [28,23,-0.703124389057], [4,24,0.711156234365], [6,24,0.708851387196], [11,24,-0.004493497648], [23,24,0.999999454082], [24,24,2.000000000000], [25,24,0.705804988503], [26,24,0.999999451769], [29,24,-0.999999378731], [30,24,-0.999999765006], [4,25,0.003903983704], [7,25,0.707079457616], [23,25,0.705064382643], [24,25,0.705804988503], [25,25,2.000000000000], [47,25,-0.708203605229], [48,25,-0.706451588842], [49,25,-0.004997357328], [50,25,-0.712460720537], [5,26,0.001189768459], [6,26,0.709589593467], [10,26,0.709168984375], [11,26,-0.003446384958], [22,26,-0.999991538788], [23,26,-0.999997811704], [24,26,0.999999451769], [26,26,2.000000000000], [27,26,0.999999999429], [28,26,0.704610423235], [29,26,-0.999999997717], [30,26,-0.999999934635], [5,27,0.001155981296], [10,27,0.709145162701], [12,27,0.706775354303], [16,27,-0.004889293434], [17,27,-0.704632738379], [22,27,-0.999991399228], [23,27,-0.999997740449], [26,27,0.999999999429], [27,27,2.000000000000], [28,27,0.704634398030], [29,27,0.999999999429], [31,27,0.704226955204], [5,28,-0.708755531497], [10,28,-0.000603515604], [13,28,0.708592450007], [22,28,-0.701685418259], [23,28,-0.703124389057], [26,28,0.704610423235], [27,28,0.704634398030], [28,28,2.000000000000], [31,28,0.007554761923], [47,28,0.706272164793], [51,28,-0.702761634513], [52,28,-0.999943314514], [6,29,-0.709637203458], [11,29,0.003378814272], [12,29,0.706799253910], [16,29,-0.004855509943], [17,29,-0.704608765866], [24,29,-0.999999378731], [26,29,-0.999999997717], [27,29,0.999999999429], [29,29,2.000000000000], [30,29,0.999999907921], [31,29,0.704202969085], [6,30,-0.709334782904], [11,30,0.003807947556], [18,30,0.006577716371], [24,30,-0.999999765006], [26,30,-0.999999934635], [29,30,0.999999907921], [30,30,2.000000000000], [32,30,0.000192913076], [33,30,-0.704967338474], [34,30,-0.000560331710], [12,31,-0.004533023421], [13,31,0.710951094919], [16,31,-0.713409612146], [17,31,-0.999999836575], [27,31,0.704226955204], [28,31,0.007554761923], [29,31,0.704202969085], [31,31,2.000000000000], [47,31,-0.702584492628], [51,31,0.706095890437], [52,31,0.003092792142], [18,32,-0.999977079055], [19,32,0.999994262697], [30,32,0.000192913076], [32,32,2.000000000000], [33,32,0.709103759622], [34,32,0.999999716311], [36,32,0.710437535131], [55,32,0.005683137483], [56,32,-0.702837751894], [57,32,-0.999997397610], [18,33,-0.713861502165], [30,33,-0.704967338474], [32,33,0.709103759622], [33,33,2.000000000000], [34,33,0.709634674450], [37,33,0.710506481911], [40,33,0.004260230394], [58,33,-0.698946304250], [59,33,-0.712772515947], [18,34,-0.999981895310], [30,34,-0.000560331710], [32,34,0.999999716311], [33,34,0.709634674450], [34,34,2.000000000000], [77,34,0.006853521877], [78,34,0.002186804147], [79,34,-0.704151353730], [80,34,-0.999997349069], [81,34,-0.704145077622], [21,35,0.711592758108], [35,35,2.000000000000], [36,35,-0.707913985174], [37,35,-0.003872384737], [38,35,0.708800362464], [39,35,-0.000389990341], [40,35,0.710233502855], [41,35,0.003074115738], [19,36,0.708049531832], [21,36,-0.999986364272], [32,36,0.710437535131], [35,36,-0.707913985174], [36,36,2.000000000000], [37,36,0.709034674363], [38,36,-0.003540167026], [39,36,0.706574680579], [55,36,0.707786412690], [56,36,0.001297678043], [57,36,-0.708830129487], [21,37,-0.705342455463], [33,37,0.710506481911], [35,37,-0.003872384737], [36,37,0.709034674363], [37,37,2.000000000000], [38,37,0.702659097228], [39,37,0.999993936437], [40,37,0.706711191314], [58,37,0.006655486482], [59,37,-0.999994798172], [21,38,0.008762276148], [35,38,0.708800362464], [36,38,-0.003540167026], [37,38,0.702659097228], [38,38,2.000000000000], [39,38,0.705132654948], [55,38,0.708927751191], [58,38,0.706834366636], [60,38,0.004949048562], [61,38,-0.703205946339], [62,38,-0.701619267619], [21,39,-0.702869623232], [35,39,-0.000389990341], [36,39,0.706574680579], [37,39,0.999993936437], [38,39,0.705132654948], [39,39,2.000000000000], [56,39,0.706720979417], [60,39,0.705576991785], [77,39,-0.002133036187], [82,39,-0.007214511270], [83,39,-0.704905311673], [84,39,-0.999992048758], [85,39,-0.999990638662], [33,40,0.004260230394], [35,40,0.710233502855], [37,40,0.706711191314], [40,40,2.000000000000], [41,40,0.706146185747], [58,40,0.712189986896], [59,40,-0.704425491314], [35,41,0.003074115738], [40,41,0.706146185747], [41,41,2.000000000000], [61,41,0.999999999567], [78,41,-0.000150398393], [82,41,0.004530428129], [86,41,-0.705838348883], [87,41,-0.999996195700], [42,42,2.000000000000], [43,42,0.702865267073], [63,42,-0.999992740960], [42,43,0.702865267073], [43,43,2.000000000000], [44,43,0.707136170999], [45,43,-0.005542233504], [46,43,0.704584984971], [63,43,-0.705570485557], [43,44,0.707136170999], [44,44,2.000000000000], [45,44,0.703147416871], [46,44,0.999993514270], [49,44,0.711194847162], [64,44,0.006474816783], [65,44,-0.999988106731], [43,45,-0.005542233504], [44,45,0.703147416871], [45,45,2.000000000000], [46,45,0.705703742620], [50,45,0.709096320927], [64,45,0.706476443103], [66,45,-0.709100121952], [67,45,0.000224641175], [43,46,0.704584984971], [44,46,0.999993514270], [45,46,0.705703742620], [46,46,2.000000000000], [67,46,0.708348493362], [90,46,0.008895399667], [91,46,0.003583516729], [92,46,-0.704784579328], [93,46,-0.999999431045], [94,46,-0.704468576849], [7,47,-0.001513707758], [13,47,0.000923635946], [25,47,-0.708203605229], [28,47,0.706272164793], [31,47,-0.702584492628], [47,47,2.000000000000], [48,47,0.999996928515], [49,47,-0.702460290859], [50,47,0.009152792177], [51,47,-0.999987765560], [52,47,-0.713769875178], [7,48,0.000964793620], [25,48,-0.706451588842], [47,48,0.999996928515], [48,48,2.000000000000], [49,48,-0.704222138256], [50,48,0.006674368315], [51,48,0.999996954228], [53,48,0.709311445590], [54,48,0.000529608942], [7,49,-0.710658802520], [25,49,-0.004997357328], [44,49,0.711194847162], [47,49,-0.702460290859], [48,49,-0.704222138256], [49,49,2.000000000000], [50,49,0.705263652025], [64,49,0.707585062896], [65,49,-0.707757790990], [7,50,-0.999970821365], [25,50,-0.712460720537], [45,50,0.709096320927], [47,50,0.009152792177], [48,50,0.006674368315], [49,50,0.705263652025], [50,50,2.000000000000], [64,50,0.001926570261], [66,50,-0.005640575305], [67,50,-0.704952317770], [13,51,0.004022961076], [28,51,-0.702761634513], [31,51,0.706095890437], [47,51,-0.999987765560], [48,51,0.999996954228], [51,51,2.000000000000], [52,51,0.710296649931], [53,51,0.711049039477], [54,51,0.002997710376], [13,52,-0.701039265237], [28,52,-0.999943314514], [31,52,0.003092792142], [47,52,-0.713769875178], [51,52,0.710296649931], [52,52,2.000000000000], [66,52,0.711305521514], [68,52,0.713346044964], [73,52,0.011034157174], [74,52,-0.697431002493], [75,52,-0.999984891321], [76,52,-0.702992585696], [48,53,0.709311445590], [51,53,0.711049039477], [53,53,2.000000000000], [54,53,0.705270780229], [68,53,0.707989548130], [69,53,-0.999987166025], [70,53,-0.702452991688], [71,53,0.005591701990], [72,53,-0.700795358392], [48,54,0.000529608942], [51,54,0.002997710376], [53,54,0.705270780229], [54,54,2.000000000000], [71,54,0.704983279961], [74,54,0.999981562045], [79,54,0.705086271295], [96,54,-0.001534844737], [19,55,0.002295745675], [32,55,0.005683137483], [36,55,0.707786412690], [38,55,0.708927751191], [55,55,2.000000000000], [56,55,0.707344379917], [57,55,-0.003401762176], [58,55,0.999995608108], [60,55,0.708780990183], [61,55,0.002922936040], [62,55,0.005152120680], [19,56,-0.705243357030], [32,56,-0.702837751894], [36,56,0.001297678043], [39,56,0.706720979417], [55,56,0.707344379917], [56,56,2.000000000000], [57,56,0.704458795284], [60,56,-0.002706569447], [77,56,0.705983301660], [82,56,-0.712572606610], [83,56,0.003653970829], [84,56,-0.703894033379], [85,56,-0.703653071867], [19,57,-0.999999388359], [32,57,-0.999997397610], [36,57,-0.708830129487], [55,57,-0.003401762176], [56,57,0.704458795284], [57,57,2.000000000000], [75,57,0.707688942443], [80,57,0.999999700134], [83,57,0.707166077808], [102,57,0.000152344915], [103,57,0.000765884492], [104,57,-0.708449703973], [33,58,-0.698946304250], [37,58,0.006655486482], [38,58,0.706834366636], [40,58,0.712189986896], [55,58,0.999995608108], [58,58,2.000000000000], [59,58,-0.003430057749], [60,58,0.710868585435], [61,58,0.005886652223], [62,58,0.008115800398], [33,59,-0.712772515947], [37,59,-0.999994798172], [40,59,-0.704425491314], [58,59,-0.003430057749], [59,59,2.000000000000], [81,59,0.707307462457], [84,59,0.999993040344], [86,59,0.704116910526], [102,59,0.002783101773], [38,60,0.004949048562], [39,60,0.705576991785], [55,60,0.708780990183], [56,60,-0.002706569447], [58,60,0.710868585435], [60,60,2.000000000000], [61,60,0.707497306825], [62,60,0.709070961329], [77,60,-0.710136677273], [82,60,0.703524432817], [83,60,-0.999999551211], [84,60,-0.708397257946], [85,60,-0.708636614946], [38,61,-0.703205946339], [41,61,0.999999999567], [55,61,0.002922936040], [58,61,0.005886652223], [60,61,0.707497306825], [61,61,2.000000000000], [62,61,0.999997515327], [78,61,-0.000179822831], [82,61,0.004501003990], [86,61,-0.705859192054], [87,61,-0.999996276431], [38,62,-0.701619267619], [55,62,0.005152120680], [58,62,0.008115800398], [60,62,0.709070961329], [61,62,0.999997515327], [62,62,2.000000000000], [103,62,-0.002516256648], [105,62,-0.710808981714], [106,62,-0.999999238897], [107,62,-0.999997318806], [42,63,-0.999992740960], [43,63,-0.705570485557], [63,63,2.000000000000], [88,63,0.999999837818], [92,63,0.705769804229], [108,63,0.008177027469], [109,63,0.003527931446], [44,64,0.006474816783], [45,64,0.706476443103], [49,64,0.707585062896], [50,64,0.001926570261], [64,64,2.000000000000], [65,64,-0.001597711988], [66,64,-0.999993102985], [67,64,0.707895243707], [44,65,-0.999988106731], [49,65,-0.707757790990], [64,65,-0.001597711988], [65,65,2.000000000000], [89,65,0.706243044390], [93,65,0.999997256852], [108,65,-0.005511802393], [110,65,-0.003792693850], [45,66,-0.709100121952], [50,66,-0.005640575305], [52,66,0.711305521514], [64,66,-0.999993102985], [66,66,2.000000000000], [67,66,-0.705267080560], [68,66,0.999995773637], [73,66,0.710688826417], [74,66,0.007635910616], [75,66,-0.707431019326], [76,66,-0.000154131133], [45,67,0.000224641175], [46,67,0.708348493362], [50,67,-0.704952317770], [64,67,0.707895243707], [66,67,-0.705267080560], [67,67,2.000000000000], [90,67,0.712136000261], [91,67,0.708396731128], [92,67,-0.999987317808], [93,67,-0.709101054544], [94,67,0.001966465730], [52,68,0.713346044964], [53,68,0.707989548130], [66,68,0.999995773637], [68,68,2.000000000000], [69,68,-0.704402497500], [70,68,0.005310756139], [71,68,0.710170736496], [72,68,0.007637057665], [73,68,0.708640480258], [74,68,0.004728608961], [75,68,-0.709482896188], [76,68,-0.003061484590], [53,69,-0.999987166025], [68,69,-0.704402497500], [69,69,2.000000000000], [70,69,0.706049842230], [71,69,-0.000525370949], [72,69,0.704400499610], [90,69,-0.713320421208], [95,69,0.705833359614], [96,69,0.706442937479], [97,69,-0.705339335015], [98,69,-0.001469023103], [99,69,-0.705824012048], [53,70,-0.702452991688], [68,70,0.005310756139], [69,70,0.706049842230], [70,70,2.000000000000], [71,70,0.707791106846], [72,70,0.999997294047], [73,70,0.701796381475], [91,70,-0.002020865264], [95,70,0.003292888897], [100,70,-0.999989251811], [101,70,-0.707114121415], [53,71,0.005591701990], [54,71,0.704983279961], [68,71,0.710170736496], [69,71,-0.000525370949], [70,71,0.707791106846], [71,71,2.000000000000], [72,71,0.709432575018], [74,71,0.700663500875], [79,71,-0.005851925068], [96,71,0.708141049170], [53,72,-0.700795358392], [68,72,0.007637057665], [69,72,0.704400499610], [70,72,0.999997294047], [71,72,0.709432575018], [72,72,2.000000000000], [98,72,0.710836759255], [100,72,0.999997331785], [114,72,-0.000448457877], [115,72,-0.701828062363], [116,72,-0.707684864938], [117,72,-0.999992197717], [52,73,0.011034157174], [66,73,0.710688826417], [68,73,0.708640480258], [70,73,0.701796381475], [73,73,2.000000000000], [74,73,0.708912743819], [75,73,-0.005537314195], [76,73,0.703396949856], [91,73,-0.713794377056], [95,73,-0.710062796046], [100,73,-0.698485966461], [101,73,0.007471667964], [52,74,-0.697431002493], [54,74,0.999981562045], [66,74,0.007635910616], [68,74,0.004728608961], [71,74,0.700663500875], [73,74,0.708912743819], [74,74,2.000000000000], [75,74,0.701359908745], [76,74,0.999969657200], [79,74,0.709379429814], [96,74,-0.007607335165], [52,75,-0.999984891321], [57,75,0.707688942443], [66,75,-0.707431019326], [68,75,-0.709482896188], [73,75,-0.005537314195], [74,75,0.701359908745], [75,75,2.000000000000], [76,75,0.706891423052], [80,75,0.708235878992], [83,75,0.000907501107], [102,75,-0.706416319231], [103,75,-0.705981925039], [104,75,-0.999999419661], [52,76,-0.702992585696], [66,76,-0.000154131133], [68,76,-0.003061484590], [73,76,0.703396949856], [74,76,0.999969657200], [75,76,0.706891423052], [76,76,2.000000000000], [101,76,0.705521861076], [114,76,-0.004127172923], [118,76,-0.707715688645], [119,76,-0.999998065447], [120,76,-0.999999547584], [34,77,0.006853521877], [39,77,-0.002133036187], [56,77,0.705983301660], [60,77,-0.710136677273], [77,77,2.000000000000], [78,77,0.999989110650], [79,77,-0.714859148148], [80,77,-0.004550981915], [81,77,0.705213581516], [82,77,-0.999956311396], [83,77,0.710803392931], [84,77,0.006120794107], [85,77,0.006459967081], [34,78,0.002186804147], [41,78,-0.000150398393], [61,78,-0.000179822831], [77,78,0.999989110650], [78,78,2.000000000000], [79,78,-0.711588050758], [80,78,0.000115772016], [81,78,0.708514606183], [82,78,0.999989044879], [86,78,0.708479091145], [87,78,0.002908764159], [34,79,-0.704151353730], [54,79,0.705086271295], [71,79,-0.005851925068], [74,79,0.709379429814], [77,79,-0.714859148148], [78,79,-0.711588050758], [79,79,2.000000000000], [80,79,0.702514543289], [81,79,-0.008350580701], [96,79,-0.710202896730], [34,80,-0.999997349069], [57,80,0.999999700134], [75,80,0.708235878992], [77,80,-0.004550981915], [78,80,0.000115772016], [79,80,0.702514543289], [80,80,2.000000000000], [81,80,0.705778169098], [83,80,0.706618311707], [102,80,-0.000622078427], [103,80,-0.000008538816], [104,80,-0.708996049534], [34,81,-0.704145077622], [59,81,0.707307462457], [77,81,0.705213581516], [78,81,0.708514606183], [79,81,-0.008350580701], [80,81,0.705778169098], [81,81,2.000000000000], [84,81,0.704665177349], [86,81,-0.003935569768], [102,81,0.708871813867], [39,82,-0.007214511270], [41,82,0.004530428129], [56,82,-0.712572606610], [60,82,0.703524432817], [61,82,0.004501003990], [77,82,-0.999956311396], [78,82,0.999989044879], [82,82,2.000000000000], [83,82,-0.704197411168], [84,82,0.003226773736], [85,82,0.002887595636], [86,82,0.705167922656], [87,82,-0.001772072832], [39,83,-0.704905311673], [56,83,0.003653970829], [57,83,0.707166077808], [60,83,-0.999999551211], [75,83,0.000907501107], [77,83,0.710803392931], [80,83,0.706618311707], [82,83,-0.704197411168], [83,83,2.000000000000], [84,83,0.707728247611], [85,83,0.707967832180], [102,83,0.707155204543], [103,83,0.707588879755], [104,83,-0.001984847938], [39,84,-0.999992048758], [56,84,-0.703894033379], [59,84,0.999993040344], [60,84,-0.708397257946], [77,84,0.006120794107], [81,84,0.704665177349], [82,84,0.003226773736], [83,84,0.707728247611], [84,84,2.000000000000], [85,84,0.999999942479], [86,84,0.706761229331], [102,84,-0.000947756092], [39,85,-0.999990638662], [56,85,-0.703653071867], [60,85,-0.708636614946], [77,85,0.006459967081], [82,85,0.002887595636], [83,85,0.707967832180], [84,85,0.999999942479], [85,85,2.000000000000], [104,85,0.707648497726], [105,85,0.710375713877], [121,85,0.006207653454], [41,86,-0.705838348883], [59,86,0.704116910526], [61,86,-0.705859192054], [78,86,0.708479091145], [81,86,-0.003935569768], [82,86,0.705167922656], [84,86,0.706761229331], [86,86,2.000000000000], [87,86,0.707789615764], [102,86,-0.708121683787], [41,87,-0.999996195700], [61,87,-0.999996276431], [78,87,0.002908764159], [82,87,-0.001772072832], [86,87,0.707789615764], [87,87,2.000000000000], [106,87,0.999998497456], [124,87,-0.999995891103], [63,88,0.999999837818], [88,88,2.000000000000], [89,88,0.703949200903], [92,88,0.706173168110], [108,88,0.008746536831], [109,88,0.004097457058], [65,89,0.706243044390], [88,89,0.703949200903], [89,89,2.000000000000], [93,89,0.704582842394], [108,89,0.704066037980], [110,89,-0.710642935938], [46,90,0.008895399667], [67,90,0.712136000261], [69,90,-0.713320421208], [90,90,2.000000000000], [91,90,0.999985891401], [92,90,-0.715662654010], [93,90,-0.009962081106], [94,90,0.703440568836], [95,90,-0.999943547206], [96,90,-0.999952324149], [97,90,0.006330006607], [98,90,-0.699789412717], [99,90,0.007013956238], [46,91,0.003583516729], [67,91,0.708396731128], [70,91,-0.002020865264], [73,91,-0.713794377056], [90,91,0.999985891401], [91,91,2.000000000000], [92,91,-0.711942433915], [93,91,-0.004650236546], [94,91,0.707206146936], [95,91,0.999985882003], [100,91,-0.002615553290], [101,91,-0.705669014654], [46,92,-0.704784579328], [63,92,0.705769804229], [67,92,-0.999987317808], [88,92,0.706173168110], [90,92,-0.715662654010], [91,92,-0.711942433915], [92,92,2.000000000000], [93,92,0.705540938489], [94,92,-0.007002721668], [108,92,0.714188649145], [109,92,0.710926733729], [46,93,-0.999999431045], [65,93,0.999997256852], [67,93,-0.709101054544], [89,93,0.704582842394], [90,93,-0.009962081106], [91,93,-0.004650236546], [92,93,0.705540938489], [93,93,2.000000000000], [94,93,0.703711081149], [108,93,-0.007854034449], [110,93,-0.001450417538], [46,94,-0.704468576849], [67,94,0.001966465730], [90,94,0.703440568836], [91,94,0.707206146936], [92,94,-0.007002721668], [93,94,0.703711081149], [94,94,2.000000000000], [97,94,0.706287059541], [109,94,0.708227258405], [110,94,0.711506179556], [111,94,0.004684914621], [112,94,-0.705315966063], [113,94,-0.705099074726], [69,95,0.705833359614], [70,95,0.003292888897], [73,95,-0.710062796046], [90,95,-0.999943547206], [91,95,0.999985882003], [95,95,2.000000000000], [96,95,0.999999629429], [97,95,0.004295691980], [98,95,0.707340263723], [99,95,0.003611732472], [100,95,-0.007929234668], [101,95,-0.709424055529], [54,96,-0.001534844737], [69,96,0.706442937479], [71,96,0.708141049170], [74,96,-0.007607335165], [79,96,-0.710202896730], [90,96,-0.999952324149], [95,96,0.999999629429], [96,96,2.000000000000], [97,96,0.003434802736], [98,96,0.706731457560], [99,96,0.002750841153], [69,97,-0.705339335015], [90,97,0.006330006607], [94,97,0.706287059541], [95,97,0.004295691980], [96,97,0.003434802736], [97,97,2.000000000000], [98,97,0.709905215443], [99,97,0.999999766096], [109,97,0.000427261632], [110,97,0.005082593174], [111,97,-0.704608890120], [112,97,-0.999999060443], [113,97,-0.999998594306], [69,98,-0.001469023103], [72,98,0.710836759255], [90,98,-0.699789412717], [95,98,0.707340263723], [96,98,0.706731457560], [97,98,0.709905215443], [98,98,2.000000000000], [99,98,0.709423334871], [100,98,0.712459666586], [114,98,-0.703675732538], [115,98,0.002148646576], [116,98,-0.999990004522], [117,98,-0.708052774331], [69,99,-0.705824012048], [90,99,0.007013956238], [95,99,0.003611732472], [96,99,0.002750841153], [97,99,0.999999766096], [98,99,0.709423334871], [99,99,2.000000000000], [112,99,0.999999764123], [115,99,0.703256686351], [128,99,-0.006067122238], [129,99,-0.002145604935], [130,99,-0.99999915938