{
"N": {
"shape": [192, 145],
"data": [[0,0,-0.002695155883], [1,0,-0.999996368061], [3,0,0.002695155883], [4,0,0.999996368061], [0,1,0.000153128071], [1,1,-0.999999988276], [6,1,-0.000153128071], [7,1,0.999999988276], [0,2,-0.999996072799], [1,2,0.002802567904], [24,2,0.999996072799], [25,2,-0.002802567904], [0,3,-0.709882760217], [1,3,-0.704319861105], [27,3,0.709882760217], [28,3,0.704319861105], [0,4,-0.999994728872], [1,4,0.003246879624], [48,4,0.999994728872], [49,4,-0.003246879624], [3,5,-0.706691346600], [4,5,0.707521971844], [24,5,0.706691346600], [25,5,-0.707521971844], [3,6,-0.999986974956], [4,6,0.005103912081], [27,6,0.999986974956], [28,6,-0.005103912081], [6,7,-0.003098769598], [7,7,-0.999995198802], [12,7,0.003098769598], [13,7,0.999995198802], [9,8,0.002044653409], [10,8,-0.999997909694], [12,8,-0.002044653409], [13,8,0.999997909694], [9,9,-0.999987101996], [10,9,0.005078960738], [33,9,0.999987101996], [34,9,-0.005078960738], [9,10,-0.704556173666], [10,10,-0.709648221409], [36,10,0.704556173666], [37,10,0.709648221409], [9,11,-0.999997150043], [10,11,0.002387447596], [57,11,0.999997150043], [58,11,-0.002387447596], [12,12,-0.706178455750], [13,12,0.708033889467], [33,12,0.706178455750], [34,12,-0.708033889467], [12,13,-0.999997015178], [13,13,-0.002443283809], [36,13,0.999997015178], [37,13,0.002443283809], [12,14,-0.999999969412], [13,14,-0.000247338049], [60,14,0.999999969412], [61,14,0.000247338049], [15,15,-0.004488673243], [16,15,-0.999989925856], [18,15,0.004488673243], [19,15,0.999989925856], [15,16,0.001374880768], [16,16,-0.999999054851], [21,16,-0.001374880768], [22,16,0.999999054851], [15,17,-0.707157715282], [16,17,-0.707055843422], [42,17,0.707157715282], [43,17,0.707055843422], [18,18,0.007313187322], [19,18,-0.999973258288], [21,18,-0.007313187322], [22,18,0.999973258288], [18,19,-0.706556747758], [19,19,0.707656387096], [39,19,0.706556747758], [40,19,-0.707656387096], [18,20,-0.708184705015], [19,20,-0.706027211644], [45,20,0.708184705015], [46,20,0.706027211644], [18,21,-0.999999312677], [19,21,0.001172452867], [66,21,0.999999312677], [67,21,-0.001172452867], [24,22,0.001582547004], [25,22,-0.999998747772], [27,22,-0.001582547004], [28,22,0.999998747772], [27,23,-0.706702664170], [28,23,0.707510667379], [48,23,0.706702664170], [49,23,-0.707510667379], [30,24,-0.999999499881], [31,24,0.001000118874], [54,24,0.999999499881], [55,24,-0.001000118874], [30,25,-0.712593276013], [31,25,-0.701577382033], [57,25,0.712593276013], [58,25,0.701577382033], [30,26,-0.999999812024], [31,26,0.000613149326], [78,26,0.999999812024], [79,26,-0.000613149326], [33,27,0.005120265631], [34,27,-0.999986891354], [36,27,-0.005120265631], [37,27,0.999986891354], [33,28,-0.999999954030], [34,28,-0.000303215857], [57,28,0.999999954030], [58,28,0.000303215857], [33,29,-0.705306944636], [34,29,-0.708902048134], [60,29,0.705306944636], [61,29,0.708902048134], [33,30,-0.999994974226], [34,30,-0.003170413740], [81,30,0.999994974226], [82,30,0.003170413740], [36,31,-0.002039238770], [37,31,-0.999997920750], [42,31,0.002039238770], [43,31,0.999997920750], [36,32,-0.706643784136], [37,32,0.707569475275], [57,32,0.706643784136], [58,32,-0.707569475275], [36,33,-0.999998136807], [37,33,0.001930383922], [60,33,0.999998136807], [61,33,-0.001930383922], [39,34,-0.001907911280], [40,34,-0.999998179936], [42,34,0.001907911280], [43,34,0.999998179936], [39,35,-0.000470046006], [40,35,-0.999999889528], [45,35,0.000470046006], [46,35,0.999999889528], [39,36,-0.706270651761], [40,36,-0.707941923085], [66,36,0.706270651761], [67,36,0.707941923085], [42,37,0.000965752152], [43,37,-0.999999533661], [45,37,-0.000965752152], [46,37,0.999999533661], [42,38,-0.708076008259], [43,38,0.706136223776], [63,38,0.708076008259], [64,38,-0.706136223776], [42,39,-0.999999977328], [43,39,-0.000212939801], [66,39,0.999999977328], [67,39,0.000212939801], [42,40,-0.999999907195], [43,40,0.000430824856], [90,40,0.999999907195], [91,40,-0.000430824856], [45,41,-0.705576503138], [46,41,0.708633754643], [66,41,0.705576503138], [67,41,-0.708633754643], [45,42,-0.999992967830], [46,42,-0.003750238696], [69,42,0.999992967830], [70,42,0.003750238696], [48,43,-0.999997557511], [49,43,-0.002210197180], [72,43,0.999997557511], [73,43,0.002210197180], [48,44,-0.999999987649], [49,44,0.000157165690], [96,44,0.999999987649], [97,44,-0.000157165690], [51,45,-0.003952918586], [52,45,-0.999992187187], [57,45,0.003952918586], [58,45,0.999992187187], [51,46,-0.710242978868], [52,46,0.703956611566], [72,46,0.710242978868], [73,46,-0.703956611566], [51,47,-0.999999969870], [52,47,0.000245479461], [75,47,0.999999969870], [76,47,-0.000245479461], [51,48,-0.704616796384], [52,48,-0.709588028544], [78,48,0.704616796384], [79,48,0.709588028544], [51,49,-0.999999525140], [52,49,0.000974535281], [99,49,0.999999525140], [100,49,-0.000974535281], [54,50,-0.005243431516], [55,50,-0.999986253118], [57,50,0.005243431516], [58,50,0.999986253118], [54,51,-0.002476665486], [55,51,-0.999996933059], [60,51,0.002476665486], [61,51,0.999996933059], [54,52,-0.999999975089], [55,52,0.000223207088], [78,52,0.999999975089], [79,52,-0.000223207088], [54,53,-0.708148569916], [55,53,-0.706063455311], [81,53,0.708148569916], [82,53,0.706063455311], [57,54,0.000259573782], [58,54,-0.999999966311], [60,54,-0.000259573782], [61,54,0.999999966311], [60,55,-0.706737188755], [61,55,0.707476180539], [81,55,0.706737188755], [82,55,-0.707476180539], [60,56,-0.999993428580], [61,56,0.003625299534], [108,56,0.999993428580], [109,56,-0.003625299534], [63,57,-0.707235853081], [64,57,0.706977685727], [84,57,0.707235853081], [85,57,-0.706977685727], [63,58,-0.999999904437], [64,58,0.000437180069], [87,58,0.999999904437], [88,58,-0.000437180069], [63,59,-0.709512106923], [64,59,-0.704693245412], [90,59,0.709512106923], [91,59,0.704693245412], [63,60,-0.999996156102], [64,60,0.002772684973], [111,60,0.999996156102], [112,60,-0.002772684973], [69,61,-0.999999803287], [70,61,-0.000627236798], [117,61,0.999999803287], [118,61,0.000627236798], [72,62,0.004790192078], [73,62,-0.999988526964], [78,62,-0.004790192078], [79,62,0.999988526964], [72,63,-0.999996737018], [73,63,0.002554594701], [96,63,0.999996737018], [97,63,-0.002554594701], [72,64,-0.708020030229], [73,64,-0.706192351130], [99,64,0.708020030229], [100,64,0.706192351130], [72,65,-0.999996889848], [73,65,-0.002494051656], [120,65,0.999996889848], [121,65,0.002494051656], [75,66,0.004675901029], [76,66,-0.999989067915], [78,66,-0.004675901029], [79,66,0.999989067915], [75,67,-0.704830868074], [76,67,0.709375392448], [96,67,0.704830868074], [97,67,-0.709375392448], [75,68,-0.999998550746], [76,68,0.001702499943], [99,68,0.999998550746], [100,68,-0.001702499943], [75,69,-0.705377753272], [76,69,-0.708831591557], [102,69,0.705377753272], [103,69,0.708831591557], [75,70,-0.999999409453], [76,70,-0.001086780929], [123,70,0.999999409453], [124,70,0.001086780929], [78,71,-0.707774763840], [79,71,0.706438166913], [99,71,0.707774763840], [100,71,-0.706438166913], [78,72,-0.708363902407], [79,72,-0.705847421024], [105,72,0.708363902407], [106,72,0.705847421024], [81,73,0.000295315374], [82,73,-0.999999956394], [87,73,-0.000295315374], [88,73,0.999999956394], [81,74,-0.708271514261], [82,74,-0.705940126418], [108,74,0.708271514261], [109,74,0.705940126418], [84,75,-0.000354052701], [85,75,-0.999999937323], [87,75,0.000354052701], [88,75,0.999999937323], [84,76,-0.000997614656], [85,76,-0.999999502382], [90,76,0.000997614656], [91,76,0.999999502382], [84,77,-0.999955882127], [85,77,0.009393284824], [108,77,0.999955882127], [109,77,-0.009393284824], [84,78,-0.710195839621], [85,78,-0.704004168585], [111,78,0.710195839621], [112,78,0.704004168585], [87,79,0.001072746001], [88,79,-0.999999424608], [93,79,-0.001072746001], [94,79,0.999999424608], [87,80,-0.702614924822], [88,80,0.711570282837], [108,80,0.702614924822], [109,80,-0.711570282837], [87,81,-0.999986978527], [88,81,0.005103212397], [111,81,0.999986978527], [112,81,-0.005103212397], [87,82,-0.709760233893], [88,82,-0.704443333693], [114,82,0.709760233893], [115,82,0.704443333693], [87,83,-0.999995703740], [88,83,0.002931297053], [135,83,0.999995703740], [136,83,-0.002931297053], [90,84,0.003785507352], [91,84,-0.999992834941], [93,84,-0.003785507352], [94,84,0.999992834941], [90,85,-0.707140902742], [91,85,0.707072657985], [111,85,0.707140902742], [112,85,-0.707072657985], [90,86,-0.999992246194], [91,86,0.003937962954], [114,86,0.999992246194], [115,86,-0.003937962954], [90,87,-0.999998546098], [91,87,0.001705227614], [138,87,0.999998546098], [139,87,-0.001705227614], [93,88,-0.707283527603], [94,88,0.706929990580], [114,88,0.707283527603], [115,88,-0.706929990580], [93,89,-0.999973659801], [94,89,-0.007258078558], [117,89,0.999973659801], [118,89,0.007258078558], [96,90,-0.009658726937], [97,90,-0.999953353409], [99,90,0.009658726937], [100,90,0.999953353409], [96,91,-0.001969323119], [97,91,-0.999998060881], [102,91,0.001969323119], [103,91,0.999998060881], [96,92,-0.999972145669], [97,92,-0.007463771529], [120,92,0.999972145669], [121,92,0.007463771529], [96,93,-0.706553614049], [97,93,-0.707659515922], [123,93,0.706553614049], [124,93,0.707659515922], [99,94,-0.708504055193], [100,94,0.705706740633], [120,94,0.708504055193], [121,94,-0.705706740633], [102,95,0.000681834966], [103,95,-0.999999767551], [105,95,-0.000681834966], [106,95,0.999999767551], [102,96,0.000619051806], [103,96,-0.999999808387], [108,96,-0.000619051806], [109,96,0.999999808387], [102,97,-0.705832119810], [103,97,0.708379148934], [123,97,0.705832119810], [124,97,-0.708379148934], [102,98,-0.999994244093], [103,98,-0.003392901658], [126,98,0.999994244093], [127,98,0.003392901658], [102,99,-0.708978012489], [103,99,-0.705230584849], [129,99,0.708978012489], [130,99,0.705230584849], [102,100,-0.999998706560], [103,100,-0.001608377811], [150,100,0.999998706560], [151,100,0.001608377811], [105,101,-0.709846718521], [106,101,0.704356185608], [126,101,0.709846718521], [127,101,-0.704356185608], [111,102,0.003302635421], [112,102,-0.999994546285], [114,102,-0.003302635421], [115,102,0.999994546285], [111,103,-0.707577527564], [112,103,-0.706635721207], [138,103,0.707577527564], [139,103,0.706635721207], [120,104,0.003784501464], [121,104,-0.999992838749], [123,104,-0.003784501464], [124,104,0.999992838749], [120,105,-0.001577253641], [121,105,-0.999998756135], [126,105,0.001577253641], [127,105,0.999998756135], [123,106,-0.006890857327], [124,106,-0.999976257761], [126,106,0.006890857327], [127,106,0.999976257761], [123,107,-0.001986830694], [124,107,-0.999998026250], [129,107,0.001986830694], [130,107,0.999998026250], [126,108,0.002975335924], [127,108,-0.999995573678], [129,108,-0.002975335924], [130,108,0.999995573678], [126,109,-0.706810508129], [127,109,0.707402930159], [147,109,0.706810508129], [148,109,-0.707402930159], [129,110,0.001356403375], [130,110,-0.999999080085], [135,110,-0.001356403375], [136,110,0.999999080085], [129,111,-0.999994365749], [130,111,-0.003356854233], [177,111,0.999994365749], [178,111,0.003356854233], [132,112,0.001813896935], [133,112,-0.999998354888], [135,112,-0.001813896935], [136,112,0.999998354888], [132,113,-0.001392601818], [133,113,-0.999999030330], [138,113,0.001392601818], [139,113,0.999999030330], [132,114,-0.999998682314], [133,114,-0.001623382270], [156,114,0.999998682314], [157,114,0.001623382270], [132,115,-0.704833403346], [133,115,-0.709372873409], [159,115,0.704833403346], [160,115,0.709372873409], [135,116,-0.004600663181], [136,116,-0.999989416893], [138,116,0.004600663181], [139,116,0.999989416893], [135,117,-0.708743345447], [136,117,0.705466420380], [156,117,0.708743345447], [157,117,-0.705466420380], [135,118,-0.999995067282], [136,118,-0.003140925413], [159,118,0.999995067282], [160,118,0.003140925413], [138,119,-0.706242677791], [139,119,0.707969829913], [159,119,0.706242677791], [160,119,-0.707969829913], [138,120,-0.999999913464], [139,120,0.000416018925], [186,120,0.999999913464], [187,120,-0.000416018925], [141,121,-0.999999666138], [142,121,0.000817144171], [165,121,0.999999666138], [166,121,-0.000817144171], [144,122,-0.999975826146], [145,122,-0.006953209533], [168,122,0.999975826146], [169,122,0.006953209533], [147,123,0.004886781049], [148,123,-0.999988059614], [150,123,-0.004886781049], [151,123,0.999988059614], [147,124,0.004696894472], [148,124,-0.999988969530], [153,124,-0.004696894472], [154,124,0.999988969530], [147,125,-0.705678581144], [148,125,0.708532102388], [168,125,0.705678581144], [169,125,-0.708532102388], [147,126,-0.706786660258], [148,126,-0.707426757256], [174,126,0.706786660258], [175,126,0.707426757256], [150,127,-0.706423939428], [151,127,0.707788964172], [171,127,0.706423939428], [172,127,-0.707788964172], [150,128,-0.999996171804], [151,128,0.002767016064], [174,128,0.999996171804], [175,128,-0.002767016064], [150,129,-0.706253215057], [151,129,-0.707959318196], [177,129,0.706253215057], [178,129,0.707959318196], [153,130,-0.004677036096], [154,130,-0.999989062607], [156,130,0.004677036096], [157,130,0.999989062607], [153,131,-0.000099864586], [154,131,-0.999999995014], [159,131,0.000099864586], [160,131,0.999999995014], [153,132,-0.999995663000], [154,132,-0.002945162330], [177,132,0.999995663000], [178,132,0.002945162330], [153,133,-0.710375890335], [154,133,-0.703822487869], [180,133,0.710375890335], [181,133,0.703822487869], [156,134,0.004474478296], [157,134,-0.999989989472], [159,134,-0.004474478296], [160,134,0.999989989472], [156,135,0.000131517009], [157,135,-0.999999991352], [162,135,-0.000131517009], [163,135,0.999999991352], [159,136,-0.004194741065], [160,136,-0.999991202035], [162,136,0.004194741065], [163,136,0.999991202035], [162,137,-0.704342377995], [163,137,0.709860419069], [183,137,0.704342377995], [184,137,-0.709860419069], [162,138,-0.999951398244], [163,138,0.009859064372], [186,138,0.999951398244], [187,138,-0.009859064372], [165,139,-0.701924727303], [166,139,0.712251133520], [186,139,0.701924727303], [187,139,-0.712251133520], [168,140,-0.000354012583], [169,140,-0.999999937338], [174,140,0.000354012583], [175,140,0.999999937338], [171,141,0.000974813421], [172,141,-0.999999524869], [174,141,-0.000974813421], [175,141,0.999999524869], [177,142,-0.004854323516], [178,142,-0.999988217702], [180,142,0.004854323516], [181,142,0.999988217702], [183,143,0.000314674899], [184,143,-0.999999950490], [189,143,-0.000314674899], [190,143,0.999999950490], [186,144,-0.000666103533], [187,144,-0.999999778153], [189,144,0.000666103533], [190,144,0.999999778153], ]
},
"Q": {
"shape": [145, 145],
"data": [[0,0,2.000000000000], [1,0,0.999995943633], [2,0,-0.000107412426], [3,0,0.706230547755], [4,0,-0.000551726155], [5,0,0.705614758827], [6,0,0.002408772766], [0,1,0.999995943633], [1,1,2.000000000000], [2,1,-0.002955695341], [3,1,0.704211149869], [4,1,-0.003400006850], [7,1,-0.999994712569], [0,2,-0.000107412426], [1,2,-0.002955695341], [2,2,2.000000000000], [3,2,0.707906068128], [4,2,0.999999901293], [5,2,0.708671449650], [22,2,0.004385105183], [0,3,0.706230547755], [1,3,0.704211149869], [2,3,0.707906068128], [3,3,2.000000000000], [4,3,0.707592176529], [6,3,0.706278727315], [22,3,0.703195556300], [23,3,-0.003362222915], [0,4,-0.000551726155], [1,4,-0.003400006850], [2,4,0.999999901293], [3,4,0.707592176529], [4,4,2.000000000000], [23,4,0.708996141020], [43,4,-0.999985110152], [44,4,-0.999995226820], [0,5,0.705614758827], [2,5,0.708671449650], [5,5,2.000000000000], [6,5,0.710293271853], [22,5,0.708639458138], [0,6,0.002408772766], [3,6,0.706278727315], [5,6,0.710293271853], [6,6,2.000000000000], [22,6,-0.006686432081], [23,6,-0.710304531580], [1,7,-0.999994712569], [7,7,2.000000000000], [8,7,0.999986772596], [12,7,0.705842205727], [13,7,-0.005542032427], [14,7,-0.003346106365], [7,8,0.999986772596], [8,8,2.000000000000], [9,8,-0.007123577159], [10,8,0.708206164844], [11,8,-0.004432090188], [12,8,0.709476299647], [13,8,-0.000398631396], [14,8,0.001797315815], [8,9,-0.007123577159], [9,9,2.000000000000], [10,9,0.700942810844], [11,9,0.999996377828], [12,9,0.709765423783], [27,9,0.010199093750], [28,9,-0.999985516005], [29,9,-0.701697361915], [30,9,-0.999965973879], [8,10,0.708206164844], [9,10,0.700942810844], [10,10,2.000000000000], [11,10,0.702859917771], [13,10,0.706287942701], [27,10,0.706031404120], [31,10,-0.711083504138], [32,10,0.004255178956], [33,10,-0.703184967426], [8,11,-0.004432090188], [9,11,0.999996377828], [10,11,0.702859917771], [11,11,2.000000000000], [25,11,0.710916265919], [28,11,0.999996380161], [32,11,0.708331055275], [45,11,0.001565478376], [50,11,0.002856001796], [54,11,0.002647020558], [7,12,0.705842205727], [8,12,0.709476299647], [9,12,0.709765423783], [12,12,2.000000000000], [13,12,0.704446420194], [14,12,0.706003310429], [27,12,0.711640429378], [28,12,-0.705963736185], [29,12,0.003854105398], [30,12,-0.703930146285], [7,13,-0.005542032427], [8,13,-0.000398631396], [10,13,0.706287942701], [12,13,0.704446420194], [13,13,2.000000000000], [14,13,0.999997588907], [27,13,-0.002676998567], [31,13,-0.004482511412], [32,13,-0.704912881887], [33,13,-0.999990435515], [7,14,-0.003346106365], [8,14,0.001797315815], [12,14,0.706003310429], [13,14,0.999997588907], [14,14,2.000000000000], [29,14,0.705482261512], [33,14,0.999997628762], [51,14,0.002724002700], [54,14,-0.000012235733], [55,14,-0.706562181359], [56,14,-0.999992501318], [15,15,2.000000000000], [16,15,0.999982809326], [17,15,0.710222920355], [18,15,-0.999930357905], [19,15,0.704477755695], [20,15,-0.709198908761], [21,15,-0.003316229103], [15,16,0.999982809326], [16,16,2.000000000000], [17,16,0.706082917606], [18,16,0.999982367925], [15,17,0.710222920355], [16,17,0.706082917606], [17,17,2.000000000000], [31,17,0.708496436706], [34,17,0.708403750716], [37,17,-0.706372574609], [38,17,-0.001443668973], [39,17,-0.707308259580], [40,17,-0.706853032422], [15,18,-0.999930357905], [16,18,0.999982367925], [18,18,2.000000000000], [19,18,-0.712804645002], [20,18,0.700829243862], [21,18,-0.008485603809], [15,19,0.704477755695], [18,19,-0.712804645002], [19,19,2.000000000000], [20,19,0.000748016204], [21,19,0.707385955885], [34,19,0.706307051527], [35,19,0.707324194743], [36,19,0.001959328819], [15,20,-0.709198908761], [18,20,0.700829243862], [19,20,0.000748016204], [20,20,2.000000000000], [21,20,0.707356434635], [35,20,0.706360013040], [37,20,0.705342951494], [41,20,0.000636226127], [42,20,-0.710827495510], [15,21,-0.003316229103], [18,21,-0.008485603809], [19,21,0.707385955885], [20,21,0.707356434635], [21,21,2.000000000000], [36,21,0.705440137788], [39,21,0.999999040343], [41,21,0.706406857856], [2,22,0.004385105183], [3,22,0.703195556300], [5,22,0.708639458138], [6,22,-0.006686432081], [22,22,2.000000000000], [23,22,0.708628171598], [3,23,-0.003362222915], [4,23,0.708996141020], [6,23,-0.710304531580], [22,23,0.708628171598], [23,23,2.000000000000], [43,23,-0.705137199975], [44,23,-0.706813851844], [24,24,2.000000000000], [25,24,0.711891258851], [26,24,0.999999925127], [50,24,-0.004243323768], [51,24,-0.001476548441], [52,24,-0.999999698204], [53,24,-0.707442068369], [11,25,0.710916265919], [24,25,0.711891258851], [25,25,2.000000000000], [26,25,0.712162970364], [28,25,0.712805972643], [32,25,0.007134869042], [45,25,0.704388723945], [50,25,0.705304171573], [54,25,-0.701392387866], [24,26,0.999999925127], [25,26,0.712162970364], [26,26,2.000000000000], [48,26,0.704181580511], [52,26,0.999999923973], [62,26,-0.005403333469], [66,26,-0.005289042774], [71,26,-0.708207782882], [72,26,-0.707930979381], [9,27,0.010199093750], [10,27,0.706031404120], [12,27,0.711640429378], [13,27,-0.002676998567], [27,27,2.000000000000], [28,27,-0.004817053514], [29,27,0.705281396479], [30,27,-0.001949867718], [31,27,-0.999974370688], [32,27,0.711178403879], [33,27,0.007050614708], [9,28,-0.999985516005], [11,28,0.999996380161], [12,28,-0.705963736185], [25,28,0.712805972643], [27,28,-0.004817053514], [28,28,2.000000000000], [29,28,0.705521862555], [30,28,0.999995889576], [32,28,0.706429205367], [45,28,0.004256131892], [50,28,0.005546642963], [54,28,-0.000043642077], [9,29,-0.701697361915], [12,29,0.003854105398], [14,29,0.705482261512], [27,29,0.705281396479], [28,29,0.705521862555], [29,29,2.000000000000], [30,29,0.707550912717], [33,29,0.703937177398], [51,29,0.710646683340], [54,29,0.708718945060], [55,29,0.003064666129], [56,29,-0.702732327503], [9,30,-0.999965973879], [12,30,-0.703930146285], [27,30,-0.001949867718], [28,30,0.999995889576], [29,30,0.707550912717], [30,30,2.000000000000], [53,30,0.710383524201], [55,30,0.704490644650], [73,30,-0.002875099712], [74,30,-0.710506076925], [10,31,-0.711083504138], [13,31,-0.004482511412], [17,31,0.708496436706], [27,31,-0.999974370688], [31,31,2.000000000000], [32,31,-0.706126988661], [33,31,0.000108855062], [34,31,0.999999991377], [37,31,-0.999995485013], [38,31,0.704690819495], [39,31,-0.002252178082], [40,31,-0.001608414620], [10,32,0.004255178956], [11,32,0.708331055275], [13,32,-0.704912881887], [25,32,0.007134869042], [27,32,0.711178403879], [28,32,0.706429205367], [31,32,-0.706126988661], [32,32,2.000000000000], [33,32,0.708008348261], [45,32,-0.704770641820], [50,32,-0.703854510114], [54,32,0.707752877638], [10,33,-0.703184967426], [13,33,-0.999990435515], [14,33,0.999997628762], [27,33,0.007050614708], [29,33,0.703937177398], [31,33,0.000108855062], [32,33,0.708008348261], [33,33,2.000000000000], [51,33,0.000546282870], [54,33,-0.002189957155], [55,33,-0.708101572611], [56,33,-0.999998563619], [17,34,0.708403750716], [19,34,0.706307051527], [31,34,0.999999991377], [34,34,2.000000000000], [35,34,0.999998966270], [36,34,0.709288136328], [37,34,-0.999995871028], [38,34,0.704783992359], [39,34,-0.002120850650], [40,34,-0.001477087031], [19,35,0.707324194743], [20,35,0.706360013040], [34,35,0.999998966270], [35,35,2.000000000000], [36,35,0.708273824576], [37,35,0.999998969242], [41,35,0.708302022942], [42,35,-0.004220280983], [19,36,0.001959328819], [21,36,0.705440137788], [34,36,0.709288136328], [35,36,0.708273824576], [36,36,2.000000000000], [39,36,0.706421384761], [41,36,-0.003343566286], [17,37,-0.706372574609], [20,37,0.705342951494], [31,37,-0.999995485013], [34,37,-0.999995871028], [35,37,0.999998969242], [37,37,2.000000000000], [38,37,-0.706819720406], [39,37,-0.000752812428], [40,37,-0.001396576717], [41,37,0.709314836206], [42,37,-0.002784491587], [17,38,-0.001443668973], [31,38,0.704690819495], [34,38,0.704783992359], [37,38,-0.706819720406], [38,38,2.000000000000], [39,38,0.707925627698], [40,38,0.708380163583], [57,38,-0.999999293041], [58,38,-0.708384649276], [59,38,-0.004779073246], [60,38,-0.710031179783], [17,39,-0.707308259580], [21,39,0.999999040343], [31,39,-0.002252178082], [34,39,-0.002120850650], [36,39,0.706421384761], [37,39,-0.000752812428], [38,39,0.707925627698], [39,39,2.000000000000], [40,39,0.999999792784], [41,39,0.705425590810], [17,40,-0.706853032422], [31,40,-0.001608414620], [34,40,-0.001477087031], [37,40,-0.001396576717], [38,40,0.708380163583], [39,40,0.999999792784], [40,40,2.000000000000], [59,40,0.709208441711], [76,40,0.000566789922], [84,40,0.004216328770], [85,40,-0.707445461591], [86,40,-0.999993849962], [87,40,-0.999999187948], [20,41,0.000636226127], [21,41,0.706406857856], [35,41,0.708302022942], [36,41,-0.003343566286], [37,41,0.709314836206], [39,41,0.705425590810], [41,41,2.000000000000], [42,41,0.702913995676], [20,42,-0.710827495510], [35,42,-0.004220280983], [37,42,-0.002784491587], [41,42,0.702913995676], [42,42,2.000000000000], [61,42,-0.999995123406], [4,43,-0.999985110152], [23,43,-0.705137199975], [43,43,2.000000000000], [44,43,0.999997197794], [46,43,0.708685361190], [62,43,0.002580008556], [63,43,-0.999988648379], [64,43,-0.709579125241], [65,43,-0.999999959713], [4,44,-0.999995226820], [23,44,-0.706813851844], [43,44,0.999997197794], [44,44,2.000000000000], [63,44,0.999997126162], [67,44,0.704942348842], [90,44,-0.009501568459], [91,44,-0.001812157710], [92,44,-0.999970960270], [93,44,-0.706442385526], [11,45,0.001565478376], [25,45,0.704388723945], [28,45,0.004256131892], [32,45,-0.704770641820], [45,45,2.000000000000], [46,45,-0.701143579014], [47,45,0.003707440923], [48,45,0.712367777496], [49,45,0.002978389041], [50,45,0.999999167271], [54,45,-0.999991127424], [43,46,0.708685361190], [45,46,-0.701143579014], [46,46,2.000000000000], [47,46,0.710415764359], [48,46,0.000929948243], [49,46,0.710928672157], [62,46,0.707350735338], [63,46,-0.712038985188], [64,46,-0.005737480753], [65,46,-0.708485065752], [45,47,0.003707440923], [46,47,0.710415764359], [47,47,2.000000000000], [48,47,0.704442585867], [49,47,0.999999734239], [66,47,0.004921377666], [67,47,-0.705004983926], [68,47,-0.999998938545], [69,47,-0.705203728421], [70,47,-0.999999112541], [26,48,0.704181580511], [45,48,0.712367777496], [46,48,0.000929948243], [47,48,0.704442585867], [48,48,2.000000000000], [49,48,0.703924943221], [52,48,0.704458393754], [62,48,0.706204637619], [66,48,0.706285552864], [71,48,0.002570079489], [72,48,-0.999985983526], [45,49,0.002978389041], [46,49,0.710928672157], [47,49,0.999999734239], [48,49,0.703924943221], [49,49,2.000000000000], [64,49,0.707331484658], [68,49,0.999999735033], [71,49,0.708462876664], [90,49,0.008684232528], [94,49,-0.709191454870], [11,50,0.002856001796], [24,50,-0.004243323768], [25,50,0.705304171573], [28,50,0.005546642963], [32,50,-0.703854510114], [45,50,0.999999167271], [50,50,2.000000000000], [51,50,0.999996172446], [52,50,0.005020227366], [53,50,0.709766877670], [54,50,-0.999984858372], [14,51,0.002724002700], [24,51,-0.001476548441], [29,51,0.710646683340], [33,51,0.000546282870], [50,51,0.999996172446], [51,51,2.000000000000], [52,51,0.002253459021], [53,51,0.707815136979], [54,51,0.999996256493], [55,51,0.705723659149], [56,51,0.001148639205], [24,52,-0.999999698204], [26,52,0.999999923973], [48,52,0.704458393754], [50,52,0.005020227366], [51,52,0.002253459021], [52,52,2.000000000000], [53,52,0.707990953908], [62,52,-0.005013396486], [66,52,-0.004899105561], [71,52,-0.707932428215], [72,52,-0.708206334614], [24,53,-0.707442068369], [30,53,0.710383524201], [50,53,0.709766877670], [51,53,0.707815136979], [52,53,0.707990953908], [53,53,2.000000000000], [55,53,0.000951852941], [73,53,-0.705854297363], [74,53,-0.999999984837], [11,54,0.002647020558], [14,54,-0.000012235733], [25,54,-0.701392387866], [28,54,-0.000043642077], [29,54,0.708718945060], [32,54,0.707752877638], [33,54,-0.002189957155], [45,54,-0.999991127424], [50,54,-0.999984858372], [51,54,0.999996256493], [54,54,2.000000000000], [55,54,0.707659607150], [56,54,0.003884871489], [14,55,-0.706562181359], [29,55,0.003064666129], [30,55,0.704490644650], [33,55,-0.708101572611], [51,55,0.705723659149], [53,55,0.000951852941], [54,55,0.707659607150], [55,55,2.000000000000], [56,55,0.709297357556], [73,55,0.707684860047], [74,55,-0.001125994536], [14,56,-0.999992501318], [29,56,-0.702732327503], [33,56,-0.999998563619], [51,56,0.001148639205], [54,56,0.003884871489], [55,56,0.709297357556], [56,56,2.000000000000], [74,56,0.705707615500], [77,56,0.999983364468], [80,56,0.705189963059], [96,56,-0.004244346578], [38,57,-0.999999293041], [57,57,2.000000000000], [58,57,0.707544862049], [59,57,0.003590000423], [60,57,0.709193360944], [75,57,0.706727242652], [76,57,0.706271785070], [77,57,-0.713845494106], [78,57,-0.004560722641], [38,58,-0.708384649276], [57,58,0.707544862049], [58,58,2.000000000000], [59,58,0.709203961279], [60,58,0.999997272701], [73,58,-0.000732495396], [75,58,-0.000083127374], [79,58,0.001509925716], [80,58,-0.702925942023], [81,58,-0.999989113988], [82,58,-0.709452197481], [83,58,-0.999996889681], [38,59,-0.004779073246], [40,59,0.709208441711], [57,59,0.003590000423], [58,59,0.709203961279], [59,59,2.000000000000], [60,59,0.707555487259], [76,59,0.705400714421], [84,59,-0.702002332946], [85,59,-0.003455705699], [86,59,-0.706731549610], [87,59,-0.708309412981], [38,60,-0.710031179783], [57,60,0.709193360944], [58,60,0.999997272701], [59,60,0.707555487259], [60,60,2.000000000000], [78,60,0.708241127921], [81,60,0.999997284279], [85,60,0.709098674298], [102,60,0.006075292578], [103,60,-0.705615529462], [42,61,-0.999995123406], [61,61,2.000000000000], [89,61,0.999978015627], [26,62,-0.005403333469], [43,62,0.002580008556], [46,62,0.707350735338], [48,62,0.706204637619], [52,62,-0.005013396486], [62,62,2.000000000000], [63,62,-0.007344741840], [64,62,0.702792697019], [65,62,-0.002296154138], [66,62,0.999999993469], [71,62,0.709820438989], [72,62,-0.702446123658], [43,63,-0.999988648379], [44,63,0.999997126162], [46,63,-0.712038985188], [62,63,-0.007344741840], [63,63,2.000000000000], [64,63,0.706213684734], [65,63,0.999987255585], [67,63,0.706640734842], [90,63,-0.007104219883], [91,63,0.000585273054], [92,63,-0.999949815867], [93,63,-0.704743525327], [43,64,-0.709579125241], [46,64,-0.005737480753], [49,64,0.707331484658], [62,64,0.702792697019], [63,64,0.706213684734], [64,64,2.000000000000], [65,64,0.709779108383], [68,64,0.706816711691], [71,64,0.002237479670], [90,64,0.712997981802], [94,64,-0.003270360199], [43,65,-0.999999959713], [46,65,-0.708485065752], [62,65,-0.002296154138], [63,65,0.999987255585], [64,65,0.709779108383], [65,65,2.000000000000], [92,65,0.999987650636], [94,65,0.706741782572], [104,65,0.001290455898], [105,65,-0.004071297290], [26,66,-0.005289042774], [47,66,0.004921377666], [48,66,0.706285552864], [52,66,-0.004899105561], [62,66,0.999999993469], [66,66,2.000000000000], [67,66,-0.712663356877], [68,66,-0.006378375584], [69,66,0.705525565987], [70,66,-0.003589129220], [71,66,0.709739928817], [72,66,-0.702527465140], [44,67,0.704942348842], [47,67,-0.705004983926], [63,67,0.706640734842], [66,67,-0.712663356877], [67,67,2.000000000000], [68,67,0.706037558160], [69,67,-0.005655674282], [70,67,0.704059516190], [90,67,0.702534533613], [91,67,0.707985977161], [92,67,-0.699516619624], [93,67,0.003995449696], [47,68,-0.999998938545], [49,68,0.999999735033], [64,68,0.706816711691], [66,68,-0.006378375584], [67,68,0.706037558160], [68,68,2.000000000000], [69,68,0.704169945256], [70,68,0.999996109956], [71,68,0.708976449034], [90,68,0.007956292411], [94,68,-0.709704494076], [47,69,-0.705203728421], [66,69,0.705525565987], [67,69,-0.005655674282], [68,69,0.704169945256], [69,69,2.000000000000], [70,69,0.706147681369], [91,69,0.710219333766], [95,69,-0.708350475573], [96,69,-0.708394790364], [97,69,0.004243244706], [98,69,-0.707778689065], [99,69,-0.999987035442], [100,69,-0.706516909911], [47,70,-0.999999112541], [66,70,-0.003589129220], [67,70,0.704059516190], [68,70,0.999996109956], [69,70,0.706147681369], [70,70,2.000000000000], [93,70,0.707322267662], [97,70,0.705061850034], [104,70,-0.002697726083], [106,70,-0.007977608384], [107,70,-0.003073608305], [26,71,-0.708207782882], [48,71,0.002570079489], [49,71,0.708462876664], [52,71,-0.707932428215], [62,71,0.709820438989], [64,71,0.002237479670], [66,71,0.709739928817], [68,71,0.708976449034], [71,71,2.000000000000], [72,71,0.002724535511], [90,71,-0.699569010804], [94,71,-0.999999466575], [26,72,-0.707930979381], [48,72,-0.999985983526], [52,72,-0.708206334614], [62,72,-0.702446123658], [66,72,-0.702527465140], [71,72,0.002724535511], [72,72,2.000000000000], [95,72,0.705364269673], [101,72,-0.005661794548], [30,73,-0.002875099712], [53,73,-0.705854297363], [55,73,0.707684860047], [58,73,-0.000732495396], [73,73,2.000000000000], [74,73,0.705730932168], [75,73,0.999999789161], [79,73,-0.999999697801], [80,73,0.711777744798], [81,73,0.005398523704], [82,73,-0.704233699866], [83,73,0.003226611031], [30,74,-0.710506076925], [53,74,-0.999999984837], [55,74,-0.001125994536], [56,74,0.705707615500], [73,74,0.705730932168], [74,74,2.000000000000], [77,74,0.701609170152], [80,74,-0.004683878675], [96,74,0.705501534391], [57,75,0.706727242652], [58,75,-0.000083127374], [73,75,0.999999789161], [75,75,2.000000000000], [76,75,0.999999792914], [77,75,-0.009039247154], [78,75,0.704255571216], [79,75,-0.999998982123], [80,75,0.711321475526], [81,75,0.004749163986], [82,75,-0.704694582069], [83,75,0.002577245689], [40,76,0.000566789922], [57,76,0.706271785070], [59,76,0.705400714421], [75,76,0.999999792914], [76,76,2.000000000000], [77,76,-0.008395709506], [78,76,0.704712320038], [84,76,-0.999988560850], [85,76,0.706366852005], [86,76,0.002940354074], [87,76,0.000707613560], [56,77,0.999983364468], [57,77,-0.713845494106], [74,77,0.701609170152], [75,77,-0.009039247154], [76,77,-0.008395709506], [77,77,2.000000000000], [78,77,0.703551595619], [80,77,0.709267909285], [96,77,-0.010012307519], [57,78,-0.004560722641], [60,78,0.708241127921], [75,78,0.704255571216], [76,78,0.704712320038], [77,78,0.703551595619], [78,78,2.000000000000], [81,78,0.706593909024], [85,78,0.004426428439], [102,78,-0.701654811211], [103,78,-0.999993109686], [58,79,0.001509925716], [73,79,-0.999999697801], [75,79,-0.999998982123], [79,79,2.000000000000], [80,79,-0.712323600756], [81,79,-0.006175941494], [82,79,0.703681535909], [83,79,-0.004004036759], [84,79,0.999996320441], [88,79,0.707688319394], [89,79,-0.006185356637], [56,80,0.705189963059], [58,80,-0.702925942023], [73,80,0.711777744798], [74,80,-0.004683878675], [75,80,0.711321475526], [77,80,0.709267909285], [79,80,-0.712323600756], [80,80,2.000000000000], [81,80,0.706237070030], [82,80,-0.002572808820], [83,80,0.704697730079], [96,80,-0.712005101530], [58,81,-0.999989113988], [60,81,0.999997284279], [73,81,0.005398523704], [75,81,0.004749163986], [78,81,0.706593909024], [79,81,-0.006175941494], [80,81,0.706237070030], [81,81,2.000000000000], [82,81,0.706156067815], [83,81,0.999997641354], [85,81,0.710740036679], [102,81,0.008405776982], [103,81,-0.703962201689], [58,82,-0.709452197481], [73,82,-0.704233699866], [75,82,-0.704694582069], [79,82,0.703681535909], [80,82,-0.002572808820], [81,82,0.706156067815], [82,82,2.000000000000], [83,82,0.707692251910], [86,82,0.706980658798], [88,82,0.004009602729], [102,82,0.702095412570], [58,83,-0.999996889681], [73,83,0.003226611031], [75,83,0.002577245689], [79,83,-0.004004036759], [80,83,0.704697730079], [81,83,0.999997641354], [82,83,0.707692251910], [83,83,2.000000000000], [110,83,-0.004287691905], [112,83,-0.004745181373], [116,83,-0.001669377385], [117,83,-0.710808232140], [118,83,-0.999981564057], [40,84,0.004216328770], [59,84,-0.702002332946], [76,84,-0.999988560850], [79,84,0.999996320441], [84,84,2.000000000000], [85,84,-0.709744478854], [86,84,-0.007723412739], [87,84,-0.005490717244], [88,84,0.709602352379], [89,84,-0.003472618912], [40,85,-0.707445461591], [59,85,-0.003455705699], [60,85,0.709098674298], [76,85,0.706366852005], [78,85,0.004426428439], [81,85,0.710740036679], [84,85,-0.709744478854], [85,85,2.000000000000], [86,85,0.709919845641], [87,85,0.708345594450], [102,85,0.709404230405], [103,85,-0.000714213980], [40,86,-0.999993849962], [59,86,-0.706731549610], [76,86,0.002940354074], [82,86,0.706980658798], [84,86,-0.007723412739], [85,86,0.709919845641], [86,86,2.000000000000], [87,86,0.999997507427], [88,86,0.710061907578], [102,86,-0.007240551291], [40,87,-0.999999187948], [59,87,-0.708309412981], [76,87,0.000707613560], [84,87,-0.005490717244], [85,87,0.708345594450], [86,87,0.999997507427], [87,87,2.000000000000], [103,87,0.706371524071], [113,87,-0.000312626167], [116,87,0.002895446925], [119,87,-0.707448900687], [120,87,-0.999999168970], [79,88,0.707688319394], [82,88,0.004009602729], [84,88,0.709602352379], [86,88,0.710061907578], [88,88,2.000000000000], [89,88,0.702133944208], [102,88,-0.709262034816], [61,89,0.999978015627], [79,89,-0.006185356637], [84,89,-0.003472618912], [88,89,0.702133944208], [89,89,2.000000000000], [44,90,-0.009501568459], [49,90,0.008684232528], [63,90,-0.007104219883], [64,90,0.712997981802], [67,90,0.702534533613], [68,90,0.007956292411], [71,90,-0.699569010804], [90,90,2.000000000000], [91,90,0.999970435535], [92,90,0.017121881269], [93,90,0.714450914442], [94,90,0.698830574617], [44,91,-0.001812157710], [63,91,0.000585273054], [67,91,0.707985977161], [69,91,0.710219333766], [90,91,0.999970435535], [91,91,2.000000000000], [92,91,0.009433025320], [93,91,0.709049576053], [95,91,-0.999996485679], [96,91,-0.999996650156], [97,91,0.706987763791], [98,91,-0.005362206862], [99,91,-0.706625424115], [100,91,-0.003577695264], [44,92,-0.999970960270], [63,92,-0.999949815867], [65,92,0.999987650636], [67,92,-0.699516619624], [90,92,0.017121881269], [91,92,0.009433025320], [92,92,2.000000000000], [93,92,0.711815742418], [94,92,0.703217086408], [104,92,-0.003679322029], [105,92,-0.009040971953], [44,93,-0.706442385526], [63,93,-0.704743525327], [67,93,0.003995449696], [70,93,0.707322267662], [90,93,0.714450914442], [91,93,0.709049576053], [92,93,0.711815742418], [93,93,2.000000000000], [97,93,-0.002583010460], [104,93,0.704980495007], [106,93,-0.712511474649], [107,93,-0.709061921586], [49,94,-0.709191454870], [64,94,-0.003270360199], [65,94,0.706741782572], [68,94,-0.709704494076], [71,94,-0.999999466575], [90,94,0.698830574617], [92,94,0.703217086408], [94,94,2.000000000000], [104,94,0.708383021524], [105,94,0.704588372228], [69,95,-0.708350475573], [72,95,0.705364269673], [91,95,-0.999996485679], [95,95,2.000000000000], [96,95,0.999999998029], [97,95,-0.708860245291], [98,95,0.002711069827], [99,95,0.704747014920], [100,95,0.000926543353], [101,95,0.704840020194], [56,96,-0.004244346578], [69,96,-0.708394790364], [74,96,0.705501534391], [77,96,-0.010012307519], [80,96,-0.712005101530], [91,96,-0.999996650156], [95,96,0.999999998029], [96,96,2.000000000000], [97,96,-0.708815959848], [98,96,0.002773852764], [99,96,0.704791555599], [100,96,0.000989326497], [69,97,0.004243244706], [70,97,0.705061850034], [91,97,0.706987763791], [93,97,-0.002583010460], [95,97,-0.708860245291], [96,97,-0.708815959848], [97,97,2.000000000000], [98,97,0.703424596317], [99,97,0.000848811956], [100,97,0.704691865554], [104,97,-0.711045298744], [106,97,0.703498541992], [107,97,0.706975381850], [69,98,-0.707778689065], [91,98,-0.005362206862], [95,98,0.002711069827], [96,98,0.002773852764], [97,98,0.703424596317], [98,98,2.000000000000], [99,98,0.711366709697], [100,98,0.999998407727], [101,98,0.707452821439], [105,98,0.004970142000], [106,98,0.010283638766], [108,98,-0.000417567841], [109,98,-0.704406291219], [69,99,-0.999987035442], [91,99,-0.706625424115], [95,99,0.704747014920], [96,99,0.704791555599], [97,99,0.000848811956], [98,99,0.711366709697], [99,99,2.000000000000], [100,99,0.710111372692], [107,99,0.706637812177], [108,99,0.703118015522], [110,99,-0.704268275928], [111,99,-0.711341374203], [69,100,-0.706516909911], [91,100,-0.003577695264], [95,100,0.000926543353], [96,100,0.000989326497], [97,100,0.704691865554], [98,100,0.999998407727], [99,100,0.710111372692], [100,100,2.000000000000], [123,100,-0.003278416122], [127,100,-0.705284633646], [128,100,-0.999990427961], [129,100,-0.707390967619], [72,101,-0.005661794548], [95,101,0.704840020194], [98,101,0.707452821439], [101,101,2.000000000000], [105,101,-0.703235701163], [106,101,-0.699448010154], [108,101,0.706465100343], [109,101,-0.999990749387], [60,102,0.006075292578], [78,102,-0.701654811211], [81,102,0.008405776982], [82,102,0.702095412570], [85,102,0.709404230405], [86,102,-0.007240551291], [88,102,-0.709262034816], [102,102,2.000000000000], [103,102,0.704294996812], [60,103,-0.705615529462], [78,103,-0.999993109686], [81,103,-0.703962201689], [85,103,-0.000714213980], [87,103,0.706371524071], [102,103,0.704294996812], [103,103,2.000000000000], [113,103,0.707620409755], [116,103,0.709883568685], [119,103,0.000555323543], [120,103,-0.707283492500], [65,104,0.001290455898], [70,104,-0.002697726083], [92,104,-0.003679322029], [93,104,0.704980495007], [94,104,0.708383021524], [97,104,-0.711045298744], [104,104,2.000000000000], [105,104,0.999985625774], [106,104,-0.999943018220], [107,104,-0.999983345849], [65,1