{
"N": {
"shape": [192, 141],
"data": [[0,0,-0.009335059334], [1,0,-0.999956427384], [3,0,0.009335059334], [4,0,0.999956427384], [0,1,-0.003551658449], [1,1,-0.999993692841], [6,1,0.003551658449], [7,1,0.999993692841], [0,2,-0.707081640333], [1,2,-0.707131921147], [27,2,0.707081640333], [28,2,0.707131921147], [0,3,-0.999995772739], [1,3,0.002907662902], [48,3,0.999995772739], [49,3,-0.002907662902], [3,4,-0.999973119526], [4,4,-0.007332136428], [27,4,0.999973119526], [28,4,0.007332136428], [3,5,-0.999997113374], [4,5,-0.002402757545], [51,5,0.999997113374], [52,5,0.002402757545], [6,6,-0.001082995297], [7,6,-0.999999413560], [9,6,0.001082995297], [10,6,0.999999413560], [6,7,-0.704973617816], [7,7,0.709233528665], [27,7,0.704973617816], [28,7,-0.709233528665], [6,8,-0.999998956691], [7,8,0.001444512486], [30,8,0.999998956691], [31,8,-0.001444512486], [6,9,-0.709289040854], [7,9,-0.704917765789], [33,9,0.709289040854], [34,9,0.704917765789], [9,10,-0.000330355602], [10,10,-0.999999945433], [15,10,0.000330355602], [16,10,0.999999945433], [9,11,-0.705121704929], [10,11,0.709086300275], [30,11,0.705121704929], [31,11,-0.709086300275], [9,12,-0.999981026982], [10,12,0.006160006221], [33,12,0.999981026982], [34,12,-0.006160006221], [9,13,-0.709170005210], [10,13,-0.705037519363], [36,13,0.709170005210], [37,13,0.705037519363], [9,14,-0.999997182432], [10,14,0.002373842473], [57,14,0.999997182432], [58,14,-0.002373842473], [12,15,-0.006324280981], [13,15,-0.999980001535], [15,15,0.006324280981], [16,15,0.999980001535], [12,16,-0.002085362435], [13,16,-0.999997825629], [18,16,0.002085362435], [19,16,0.999997825629], [12,17,-0.999998548815], [13,17,-0.001703633458], [36,17,0.999998548815], [37,17,0.001703633458], [15,18,-0.705849073090], [16,18,0.708362256206], [36,18,0.705849073090], [37,18,-0.708362256206], [15,19,-0.999999323486], [16,19,0.001163196831], [63,19,0.999999323486], [64,19,-0.001163196831], [18,20,-0.708444481316], [19,20,0.705766545603], [39,20,0.708444481316], [40,20,-0.705766545603], [18,21,-0.999996790495], [19,21,0.002533574493], [42,21,0.999996790495], [43,21,-0.002533574493], [18,22,-0.999995296528], [19,22,-0.003067070572], [66,22,0.999995296528], [67,22,0.003067070572], [24,23,0.001386276414], [25,23,-0.999999039118], [27,23,-0.001386276414], [28,23,0.999999039118], [24,24,-0.999993664917], [25,24,0.003559512083], [48,24,0.999993664917], [49,24,-0.003559512083], [24,25,-0.705579480033], [25,25,-0.708630790578], [51,25,0.705579480033], [52,25,0.708630790578], [24,26,-0.999997239403], [25,26,-0.002349720465], [72,26,0.999997239403], [73,26,0.002349720465], [27,27,-0.705084757271], [28,27,0.709123039440], [48,27,0.705084757271], [49,27,-0.709123039440], [30,28,-0.003100160108], [31,28,-0.999995194492], [33,28,0.003100160108], [34,28,0.999995194492], [30,29,-0.001120244702], [31,29,-0.999999372526], [36,29,0.001120244702], [37,29,0.999999372526], [30,30,-0.705196389876], [31,30,0.709012025078], [51,30,0.705196389876], [52,30,-0.709012025078], [30,31,-0.999994560961], [31,31,0.003298188701], [78,31,0.999994560961], [79,31,-0.003298188701], [36,32,-0.001803469244], [37,32,-0.999998373748], [39,32,0.001803469244], [40,32,0.999998373748], [36,33,-0.705675794647], [37,33,-0.708534877652], [63,33,0.705675794647], [64,33,0.708534877652], [39,34,-0.704724577618], [40,34,0.709480986145], [60,34,0.704724577618], [61,34,-0.709480986145], [39,35,-0.999991120284], [40,35,0.004214184750], [63,35,0.999991120284], [64,35,-0.004214184750], [39,36,-0.704535997041], [40,36,-0.709668252688], [66,36,0.704535997041], [67,36,0.709668252688], [39,37,-0.999997828605], [40,37,0.002083934867], [87,37,0.999997828605], [88,37,-0.002083934867], [42,38,-0.999997431732], [43,38,-0.002266391426], [90,38,0.999997431732], [91,38,0.002266391426], [48,39,0.003220150676], [49,39,-0.999994815301], [51,39,-0.003220150676], [52,39,0.999994815301], [51,40,-0.708796596480], [52,40,-0.705412917955], [78,40,0.708796596480], [79,40,0.705412917955], [54,41,-0.000184354654], [55,41,-0.999999983007], [57,41,0.000184354654], [58,41,0.999999983007], [54,42,0.000818996691], [55,42,-0.999999664622], [60,42,-0.000818996691], [61,42,0.999999664622], [54,43,-0.709653727889], [55,43,0.704550627346], [75,43,0.709653727889], [76,43,-0.704550627346], [54,44,-0.999996429267], [55,44,0.002672349656], [78,44,0.999996429267], [79,44,-0.002672349656], [54,45,-0.705780379104], [55,45,-0.708430699837], [81,45,0.705780379104], [82,45,0.708430699837], [54,46,-0.999998083121], [55,46,0.001957997582], [102,46,0.999998083121], [103,46,-0.001957997582], [57,47,0.001824634668], [58,47,-0.999998335353], [60,47,-0.001824634668], [61,47,0.999998335353], [57,48,0.001894966283], [58,48,-0.999998204550], [63,48,-0.001894966283], [64,48,0.999998204550], [57,49,-0.704316444389], [58,49,0.709886150142], [78,49,0.704316444389], [79,49,-0.709886150142], [57,50,-0.999998821407], [58,50,0.001535312681], [81,50,0.999998821407], [82,50,-0.001535312681], [57,51,-0.705990233659], [58,51,-0.708221568422], [84,51,0.705990233659], [85,51,0.708221568422], [57,52,-0.999999065611], [58,52,0.001367032378], [105,52,0.999999065611], [106,52,-0.001367032378], [60,53,0.001965371492], [61,53,-0.999998068656], [63,53,-0.001965371492], [64,53,0.999998068656], [60,54,-0.000848901521], [61,54,-0.999999639683], [66,54,0.000848901521], [67,54,0.999999639683], [60,55,-0.706086679546], [61,55,0.708125413304], [81,55,0.706086679546], [82,55,-0.708125413304], [60,56,-0.707973571994], [61,56,-0.706238926538], [87,56,0.707973571994], [88,56,0.706238926538], [63,57,-0.999999999626], [64,57,-0.000027358803], [87,57,0.999999999626], [88,57,0.000027358803], [63,58,-0.705628059525], [64,58,-0.708582416950], [90,58,0.705628059525], [91,58,0.708582416950], [66,59,-0.703639340918], [67,59,0.710557300935], [87,59,0.703639340918], [88,59,-0.710557300935], [66,60,-0.999991486251], [67,60,0.004126430044], [90,60,0.999991486251], [91,60,-0.004126430044], [66,61,-0.709564180586], [67,61,-0.704640811782], [93,61,0.709564180586], [94,61,0.704640811782], [66,62,-0.999999999726], [67,62,-0.000023404673], [114,62,0.999999999726], [115,62,0.000023404673], [69,63,-0.999999819662], [70,63,-0.000600562845], [93,63,0.999999819662], [94,63,0.000600562845], [69,64,-0.999998539802], [70,64,0.001708916024], [117,64,0.999998539802], [118,64,-0.001708916024], [72,65,0.002317641566], [73,65,-0.999997314265], [78,65,-0.002317641566], [79,65,0.999997314265], [75,66,0.008289653146], [76,66,-0.999965640235], [78,66,-0.008289653146], [79,66,0.999965640235], [78,67,-0.001492815795], [79,67,-0.999998885750], [84,67,0.001492815795], [85,67,0.999998885750], [81,68,-0.003221916069], [82,68,-0.999994809615], [84,68,0.003221916069], [85,68,0.999994809615], [81,69,-0.001393867098], [82,69,-0.999999028567], [87,69,0.001393867098], [88,69,0.999999028567], [81,70,-0.707053891851], [82,70,-0.707159666567], [108,70,0.707053891851], [109,70,0.707159666567], [84,71,-0.705314904429], [85,71,0.708894128619], [105,71,0.705314904429], [106,71,-0.708894128619], [84,72,-0.999997758930], [85,72,-0.002117105453], [108,72,0.999997758930], [109,72,0.002117105453], [84,73,-0.710135220231], [85,73,-0.704065315854], [111,73,0.710135220231], [112,73,0.704065315854], [84,74,-0.999999916093], [85,74,0.000409651780], [132,74,0.999999916093], [133,74,-0.000409651780], [87,75,-0.710743107015], [88,75,0.703451658489], [108,75,0.710743107015], [109,75,-0.703451658489], [87,76,-0.999999222086], [88,76,-0.001247328235], [111,76,0.999999222086], [112,76,0.001247328235], [90,77,-0.708508577121], [91,77,0.705702200752], [111,77,0.708508577121], [112,77,-0.705702200752], [90,78,-0.999991350576], [91,78,-0.004159179277], [114,78,0.999991350576], [115,78,0.004159179277], [93,79,-0.705555423057], [94,79,0.708654743154], [114,79,0.705555423057], [115,79,-0.708654743154], [93,80,-0.999991816965], [94,80,0.004045491732], [117,80,0.999991816965], [118,80,-0.004045491732], [96,81,0.000380240998], [97,81,-0.999999927708], [99,81,-0.000380240998], [100,81,0.999999927708], [99,82,-0.706875242345], [100,82,0.707338244236], [120,82,0.706875242345], [121,82,-0.707338244236], [99,83,-0.999981461175], [100,83,-0.006089113802], [123,83,0.999981461175], [124,83,0.006089113802], [99,84,-0.999995231214], [100,84,-0.003088292297], [147,84,0.999995231214], [148,84,0.003088292297], [102,85,0.000922454096], [103,85,-0.999999574539], [105,85,-0.000922454096], [106,85,0.999999574539], [102,86,-0.999994325858], [103,86,-0.003368716647], [150,86,0.999994325858], [151,86,0.003368716647], [105,87,-0.002589897288], [106,87,-0.999996646210], [108,87,0.002589897288], [109,87,0.999996646210], [105,88,-0.002364087490], [106,88,-0.999997205541], [111,88,0.002364087490], [112,88,0.999997205541], [105,89,-0.711360385494], [106,89,0.702827433976], [126,89,0.711360385494], [127,89,-0.702827433976], [105,90,-0.706183288803], [106,90,-0.708029069047], [132,90,0.706183288803], [133,90,0.708029069047], [108,91,-0.002135283970], [109,91,-0.999997720279], [111,91,0.002135283970], [112,91,0.999997720279], [108,92,-0.999995662133], [109,92,0.002945456766], [132,92,0.999995662133], [133,92,-0.002945456766], [120,93,-0.999998867914], [121,93,-0.001504716319], [144,93,0.999998867914], [145,93,0.001504716319], [120,94,-0.705175404492], [121,94,-0.709032896910], [147,94,0.705175404492], [148,94,0.709032896910], [120,95,-0.999999935618], [121,95,-0.000358835668], [168,95,0.999999935618], [169,95,0.000358835668], [123,96,-0.002524738533], [124,96,-0.999996812843], [129,96,0.002524738533], [130,96,0.999996812843], [123,97,-0.999999994498], [124,97,-0.000104897017], [147,97,0.999999994498], [148,97,0.000104897017], [123,98,-0.707766043585], [124,98,-0.706446903559], [150,98,0.707766043585], [151,98,0.706446903559], [123,99,-0.999997938093], [124,99,0.002030716492], [171,99,0.999997938093], [172,99,-0.002030716492], [126,100,0.001794244979], [127,100,-0.999998390341], [129,100,-0.001794244979], [130,100,0.999998390341], [126,101,0.001864345555], [127,101,-0.999998262106], [132,101,-0.001864345555], [133,101,0.999998262106], [126,102,-0.705331772587], [127,102,0.708877345229], [147,102,0.705331772587], [148,102,-0.708877345229], [126,103,-0.999996707374], [127,103,0.002566172376], [150,103,0.999996707374], [151,103,-0.002566172376], [126,104,-0.707562128251], [127,104,-0.706651140709], [153,104,0.707562128251], [154,104,0.706651140709], [126,105,-0.999999846194], [127,105,0.000554628001], [174,105,0.999999846194], [175,105,-0.000554628001], [129,106,0.001934737416], [130,106,-0.999998128394], [132,106,-0.001934737416], [133,106,0.999998128394], [129,107,0.001076232761], [130,107,-0.999999420861], [135,107,-0.001076232761], [136,107,0.999999420861], [129,108,-0.704595263885], [130,108,0.709609409542], [150,108,0.704595263885], [151,108,-0.709609409542], [129,109,-0.999992586735], [130,109,0.003850516220], [153,109,0.999992586735], [154,109,-0.003850516220], [129,110,-0.711159147978], [130,110,-0.703031056389], [156,110,0.711159147978], [157,110,0.703031056389], [129,111,-0.999997911382], [130,111,0.002043827474], [177,111,0.999997911382], [178,111,-0.002043827474], [135,112,-0.708185180881], [136,112,0.706026734324], [156,112,0.708185180881], [157,112,-0.706026734324], [138,113,0.001907634618], [139,113,-0.999998180463], [141,113,-0.001907634618], [142,113,0.999998180463], [141,114,-0.708451254156], [142,114,0.705759746999], [162,114,0.708451254156], [163,114,-0.705759746999], [141,115,-0.999980131735], [142,115,0.006303660522], [165,115,0.999980131735], [166,115,-0.006303660522], [141,116,-0.999999999818], [142,116,-0.000019071596], [189,116,0.999999999818], [190,116,0.000019071596], [144,117,-0.002986160399], [145,117,-0.999995541413], [147,117,0.002986160399], [148,117,0.999995541413], [144,118,-0.999999699105], [145,118,0.000775751662], [168,118,0.999999699105], [169,118,-0.000775751662], [144,119,-0.708183344040], [145,119,-0.706028576776], [171,119,0.708183344040], [172,119,0.706028576776], [147,120,-0.000673642149], [148,120,-0.999999773103], [153,120,0.000673642149], [154,120,0.999999773103], [150,121,-0.003769872588], [151,121,-0.999992894005], [153,121,0.003769872588], [154,121,0.999992894005], [150,122,-0.003449353745], [151,122,-0.999994050962], [156,122,0.003449353745], [157,122,0.999994050962], [150,123,-0.706911548484], [151,123,-0.707301960000], [177,123,0.706911548484], [178,123,0.707301960000], [153,124,-0.003127554980], [154,124,-0.999995109188], [156,124,0.003127554980], [157,124,0.999995109188], [153,125,-0.707746145165], [154,125,0.706466838573], [174,125,0.707746145165], [175,125,-0.706466838573], [153,126,-0.999999974030], [154,126,0.000227902652], [177,126,0.999999974030], [178,126,-0.000227902652], [156,127,-0.705712764465], [157,127,0.708498055094], [177,127,0.705712764465], [178,127,-0.708498055094], [159,128,-0.708157049357], [160,128,0.706054950727], [180,128,0.708157049357], [181,128,-0.706054950727], [159,129,-0.999995935646], [160,129,-0.002851086035], [183,129,0.999995935646], [184,129,0.002851086035], [159,130,-0.707147091698], [160,130,-0.707066468376], [186,130,0.707147091698], [187,130,0.707066468376], [162,131,-0.999996669487], [163,131,0.002580894040], [186,131,0.999996669487], [187,131,-0.002580894040], [162,132,-0.705797895023], [163,132,-0.708413249016], [189,132,0.705797895023], [190,132,0.708413249016], [165,133,-0.999979402256], [166,133,-0.006418338047], [189,133,0.999979402256], [190,133,0.006418338047], [171,134,0.002517467762], [172,134,-0.999996831173], [177,134,-0.002517467762], [178,134,0.999996831173], [174,135,0.004920514128], [175,135,-0.999987894197], [177,135,-0.004920514128], [178,135,0.999987894197], [180,136,0.003710374111], [181,136,-0.999993116538], [183,136,-0.003710374111], [184,136,0.999993116538], [180,137,0.001130598834], [181,137,-0.999999360873], [186,137,-0.001130598834], [187,137,0.999999360873], [183,138,-0.001462377015], [184,138,-0.999998930726], [186,138,0.001462377015], [187,138,0.999998930726], [183,139,0.000830695115], [184,139,-0.999999654973], [189,139,-0.000830695115], [190,139,0.999999654973], [186,140,0.003113089783], [187,140,-0.999995154324], [189,140,-0.003113089783], [190,140,0.999995154324], ]
},
"Q": {
"shape": [141, 141],
"data": [[0,0,2.000000000000], [1,0,0.999983275443], [2,0,0.713701758625], [3,0,0.006427483665], [4,0,-0.016666625351], [5,0,-0.011737685238], [0,1,0.999983275443], [1,1,2.000000000000], [2,1,0.709638773635], [3,1,0.000643998873], [6,1,-0.999996952835], [7,1,0.706725229911], [8,1,-0.002107151368], [9,1,-0.707432472175], [0,2,0.713701758625], [1,2,0.709638773635], [2,2,2.000000000000], [3,2,0.705022550061], [4,2,0.712247421362], [7,2,-0.003047765590], [23,2,0.706151031076], [27,2,0.002891050463], [0,3,0.006427483665], [1,3,0.000643998873], [2,3,0.705022550061], [3,3,2.000000000000], [24,3,0.999999787544], [27,3,0.707143667448], [39,3,0.006127784890], [0,4,-0.016666625351], [2,4,0.712247421362], [4,4,2.000000000000], [5,4,0.999987850324], [7,4,0.699754470800], [23,4,0.005945890232], [27,4,-0.699866417389], [0,5,-0.011737685238], [4,5,0.999987850324], [5,5,2.000000000000], [25,5,0.707280111268], [30,5,0.703490770245], [39,5,-0.000817396293], [40,5,-0.710489486661], [1,6,-0.999996952835], [6,6,2.000000000000], [7,6,-0.708469629630], [8,6,-0.000361517471], [9,6,0.705685509093], [10,6,-0.999999716767], [11,6,0.708322240949], [12,6,0.005077027859], [13,6,-0.705805133682], [14,6,0.001290848835], [1,7,0.706725229911], [2,7,-0.003047765590], [4,7,0.699754470800], [6,7,-0.708469629630], [7,7,2.000000000000], [8,7,0.705997378999], [9,7,0.000078746759], [23,7,-0.710210135475], [27,7,-0.999999987720], [1,8,-0.002107151368], [6,8,-0.000361517471], [7,8,0.705997378999], [8,8,2.000000000000], [9,8,0.708270038332], [11,8,0.706145253284], [28,8,-0.001655651329], [29,8,0.000324268046], [30,8,-0.706219830862], [31,8,-0.999998281933], [1,9,-0.707432472175], [6,9,0.705685509093], [7,9,0.000078746759], [8,9,0.708270038332], [9,9,2.000000000000], [12,9,0.704933285677], [28,9,0.707113287890], [6,10,-0.999999716767], [10,10,2.000000000000], [11,10,-0.708853320677], [12,10,-0.005829656551], [13,10,0.705271759175], [14,10,-0.002043487673], [15,10,0.999982036230], [18,10,0.708129036358], [19,10,0.000832841390], [6,11,0.708322240949], [8,11,0.706145253284], [10,11,-0.708853320677], [11,11,2.000000000000], [12,11,0.709476302663], [13,11,0.000118716998], [14,11,0.706802977377], [28,11,0.706896902575], [29,11,0.708295946488], [30,11,-0.999999994453], [31,11,-0.707456570168], [6,12,0.005077027859], [9,12,0.704933285677], [10,12,-0.005829656551], [11,12,0.709476302663], [12,12,2.000000000000], [13,12,0.704813514610], [14,12,0.999992832352], [28,12,-0.003059875330], [6,13,-0.705805133682], [10,13,0.705271759175], [11,13,0.000118716998], [12,13,0.704813514610], [13,13,2.000000000000], [14,13,0.707494359067], [17,13,0.710370101581], [18,13,0.001145022915], [29,13,0.705831520911], [32,13,-0.706315339088], [33,13,-0.999987779489], [6,14,0.001290848835], [10,14,-0.002043487673], [11,14,0.706802977377], [12,14,0.999992832352], [13,14,0.707494359067], [14,14,2.000000000000], [41,14,-0.002189488298], [47,14,0.004198468049], [48,14,0.004268799154], [49,14,-0.705999617823], [50,14,-0.999999648433], [51,14,-0.704307038044], [52,14,-0.999999493165], [10,15,0.999982036230], [15,15,2.000000000000], [16,15,0.999991015626], [17,15,0.008027871191], [18,15,0.703884102181], [19,15,-0.005161103133], [15,16,0.999991015626], [16,16,2.000000000000], [17,16,0.003788989163], [20,16,0.704287647497], [21,16,0.000448213242], [22,16,-0.005152416530], [13,17,0.710370101581], [15,17,0.008027871191], [16,17,0.003788989163], [17,17,2.000000000000], [18,17,0.704641259133], [29,17,0.002823875466], [32,17,-0.003507097314], [33,17,-0.706881854305], [10,18,0.708129036358], [13,18,0.001145022915], [15,18,0.703884102181], [17,18,0.704641259133], [18,18,2.000000000000], [19,18,0.706672560306], [29,18,-0.707571088043], [32,18,0.707088127137], [33,18,0.003798758980], [10,19,0.000832841390], [15,19,-0.005161103133], [18,19,0.706672560306], [19,19,2.000000000000], [33,19,0.704851151723], [35,19,0.999995345703], [48,19,-0.003058159744], [53,19,-0.003128564747], [57,19,-0.999999291288], [58,19,-0.704803361336], [16,20,0.704287647497], [20,20,2.000000000000], [21,20,0.710230319678], [22,20,0.706276513364], [32,20,-0.704487740016], [34,20,-0.999986182624], [35,20,-0.711412421144], [36,20,0.001735472231], [37,20,-0.709913714516], [16,21,0.000448213242], [20,21,0.710230319678], [21,21,2.000000000000], [22,21,0.999984316386], [38,21,-0.999988480163], [16,22,-0.005152416530], [20,22,0.706276513364], [21,22,0.999984316386], [22,22,2.000000000000], [36,22,0.706709285890], [54,22,0.003915966995], [59,22,-0.701456701983], [60,22,-0.999974126767], [61,22,-0.711722026269], [62,22,-0.999995368038], [2,23,0.706151031076], [4,23,0.005945890232], [7,23,-0.710210135475], [23,23,2.000000000000], [24,23,-0.004945776294], [25,23,0.707651981477], [26,23,0.000963445620], [27,23,0.710099800425], [3,24,0.999999787544], [23,24,-0.004945776294], [24,24,2.000000000000], [25,24,0.703052630268], [26,24,0.999982540479], [27,24,0.707604422527], [39,24,0.006779623904], [5,25,0.707280111268], [23,25,0.707651981477], [24,25,0.703052630268], [25,25,2.000000000000], [26,25,0.707242616483], [30,25,-0.004855649770], [39,25,0.706355044301], [40,25,-0.999989647729], [23,26,0.000963445620], [24,26,0.999982540479], [25,26,0.707242616483], [26,26,2.000000000000], [65,26,-0.000032078986], [2,27,0.002891050463], [3,27,0.707143667448], [4,27,-0.699866417389], [7,27,-0.999999987720], [23,27,0.710099800425], [24,27,0.707604422527], [27,27,2.000000000000], [39,27,0.711389842008], [8,28,-0.001655651329], [9,28,0.707113287890], [11,28,0.706896902575], [12,28,-0.003059875330], [28,28,2.000000000000], [29,28,0.999998039959], [30,28,-0.706822396199], [31,28,-0.000198029605], [8,29,0.000324268046], [11,29,0.708295946488], [13,29,0.705831520911], [17,29,0.002823875466], [18,29,-0.707571088043], [28,29,0.999998039959], [29,29,2.000000000000], [30,29,-0.708221587672], [31,29,-0.002177948022], [32,29,-0.999999766602], [33,29,-0.709324962634], [5,30,0.703490770245], [8,30,-0.706219830862], [11,30,-0.999999994453], [25,30,-0.004855649770], [28,30,-0.706822396199], [29,30,-0.708221587672], [30,30,2.000000000000], [31,30,0.707531009735], [39,30,-0.711279187696], [40,30,0.000305440481], [8,31,-0.999998281933], [11,31,-0.707456570168], [28,31,-0.000198029605], [29,31,-0.002177948022], [30,31,0.707531009735], [31,31,2.000000000000], [40,31,0.706466156392], [44,31,0.999999804161], [49,31,0.706653952063], [65,31,-0.005615808803], [66,31,-0.011587683434], [67,31,0.001805377351], [13,32,-0.706315339088], [17,32,-0.003507097314], [18,32,0.707088127137], [20,32,-0.704487740016], [29,32,-0.999999766602], [32,32,2.000000000000], [33,32,0.709806389987], [34,32,0.708208883250], [35,32,0.002410724668], [36,32,-0.710937707590], [37,32,0.000280466150], [13,33,-0.999987779489], [17,33,-0.706881854305], [18,33,0.003798758980], [19,33,0.704851151723], [29,33,-0.709324962634], [32,33,0.709806389987], [33,33,2.000000000000], [35,33,0.702683631570], [48,33,0.707196373675], [53,33,0.707146594138], [57,33,-0.705695179049], [58,33,-0.999999997731], [20,34,-0.999986182624], [32,34,0.708208883250], [34,34,2.000000000000], [35,34,0.707708203816], [36,34,-0.006992298822], [37,34,0.706201559547], [42,34,-0.710057915298], [47,34,-0.710765670006], [53,34,0.710864661487], [54,34,0.708882488741], [55,34,-0.999998153550], [56,34,0.002136713567], [19,35,0.999995345703], [20,35,-0.711412421144], [32,35,0.002410724668], [33,35,0.702683631570], [34,35,0.707708203816], [35,35,2.000000000000], [36,35,0.701539067834], [37,35,0.999997730995], [48,35,-0.006109126640], [53,35,-0.006179530651], [57,35,-0.999991004615], [58,35,-0.702635696532], [20,36,0.001735472231], [22,36,0.706709285890], [32,36,-0.710937707590], [34,36,-0.006992298822], [35,36,0.701539067834], [36,36,2.000000000000], [37,36,0.703055564800], [54,36,0.710266078662], [59,36,0.008520713578], [60,36,-0.701601602400], [61,36,-0.999974721104], [62,36,-0.704552606402], [20,37,-0.709913714516], [32,37,0.000280466150], [34,37,0.706201559547], [35,37,0.999997730995], [36,37,0.703055564800], [37,37,2.000000000000], [56,37,0.706500278781], [57,37,0.999997771217], [59,37,0.705118568174], [69,37,-0.000690068771], [75,37,-0.712207511149], [76,37,-0.999994451342], [21,38,-0.999988480163], [38,38,2.000000000000], [58,38,0.707232172397], [60,38,0.999979565899], [77,38,-0.706907360064], [78,38,-0.999998208659], [3,39,0.006127784890], [5,39,-0.000817396293], [24,39,0.006779623904], [25,39,0.706355044301], [27,39,0.711389842008], [30,39,-0.711279187696], [39,39,2.000000000000], [40,39,-0.703126828762], [5,40,-0.710489486661], [25,40,-0.999989647729], [30,40,0.000305440481], [31,40,0.706466156392], [39,40,-0.703126828762], [40,40,2.000000000000], [44,40,0.706908955588], [49,40,-0.001545761960], [65,40,0.703768286949], [66,40,0.699513002198], [67,40,-0.706470234703], [14,41,-0.002189488298], [41,41,2.000000000000], [42,41,0.999999496643], [43,41,-0.704419787406], [44,41,-0.002487995615], [45,41,0.708560801696], [46,41,-0.001773643248], [47,41,-0.999997981980], [48,41,-0.999997838211], [49,41,0.709756294065], [50,41,0.001350958219], [51,41,-0.708351708972], [52,41,0.001182677873], [34,42,-0.710057915298], [41,42,0.999999496643], [42,42,2.000000000000], [43,42,-0.705131595110], [44,42,-0.003491342527], [45,42,0.707852430450], [46,42,-0.002776992046], [47,42,0.999999494345], [53,42,-0.999999342911], [54,42,-0.999998609058], [55,42,0.708703458469], [56,42,-0.705658861668], [41,43,-0.704419787406], [42,43,-0.705131595110], [43,43,2.000000000000], [44,43,0.711533999532], [45,43,0.001734383101], [46,43,0.711031875993], [66,43,0.710409202410], [31,44,0.999999804161], [40,44,0.706908955588], [41,44,-0.002487995615], [42,44,-0.003491342527], [43,44,0.711533999532], [44,44,2.000000000000], [45,44,0.703884684414], [46,44,0.999999744849], [49,44,0.706210993472], [65,44,-0.004989975770], [66,44,-0.010961881381], [67,44,0.001179536215], [41,45,0.708560801696], [42,45,0.707852430450], [43,45,0.001734383101], [44,45,0.703884684414], [45,45,2.000000000000], [46,45,0.704391920611], [50,45,0.704691884639], [55,45,-0.003315657750], [68,45,-0.710700987954], [69,45,-0.709413775693], [70,45,-0.999998381320], [41,46,-0.001773643248], [42,46,-0.002776992046], [43,46,0.711031875993], [44,46,0.999999744849], [45,46,0.704391920611], [46,46,2.000000000000], [85,46,0.002880449077], [86,46,-0.999985813051], [14,47,0.004198468049], [34,47,-0.710765670006], [41,47,-0.999997981980], [42,47,0.999999494345], [47,47,2.000000000000], [48,47,0.999999997527], [49,47,-0.711170088634], [50,47,-0.003359942643], [51,47,0.706932215227], [52,47,-0.003191663066], [53,47,-0.999999990097], [54,47,-0.999996426101], [55,47,0.709412584760], [56,47,-0.704945957776], [14,48,0.004268799154], [19,48,-0.003058159744], [33,48,0.707196373675], [35,48,-0.006109126640], [41,48,-0.999997838211], [47,48,0.999999997527], [48,48,2.000000000000], [49,48,-0.711219531491], [50,48,-0.003430273974], [51,48,0.706882469157], [52,48,-0.003261994435], [53,48,0.999999997522], [57,48,0.001867607528], [58,48,-0.707244003345], [14,49,-0.705999617823], [31,49,0.706653952063], [40,49,-0.001545761960], [41,49,0.709756294065], [44,49,0.706210993472], [47,49,-0.711170088634], [48,49,-0.711219531491], [49,49,2.000000000000], [50,49,0.705405511495], [51,49,-0.005516151511], [52,49,0.705286223635], [65,49,-0.711516596644], [66,49,-0.715700297650], [67,49,0.708833944439], [14,50,-0.999999648433], [41,50,0.001350958219], [45,50,0.704691884639], [47,50,-0.003359942643], [48,50,-0.003430273974], [49,50,0.705405511495], [50,50,2.000000000000], [51,50,0.704902060028], [52,50,0.999999985841], [55,50,0.707173041284], [68,50,-0.001686607559], [69,50,0.000141445735], [70,50,-0.705967347318], [14,51,-0.704307038044], [41,51,-0.708351708972], [47,51,0.706932215227], [48,51,0.706882469157], [49,51,-0.005516151511], [50,51,0.704902060028], [51,51,2.000000000000], [52,51,0.705021412175], [67,51,0.709274692658], [68,51,0.710492533758], [71,51,0.004108677435], [72,51,-0.707488031230], [73,51,-0.999982772325], [74,51,-0.705700050195], [14,52,-0.999999493165], [41,52,0.001182677873], [47,52,-0.003191663066], [48,52,-0.003261994435], [49,52,0.705286223635], [50,52,0.999999985841], [51,52,0.705021412175], [52,52,2.000000000000], [71,52,0.706283326616], [85,52,-0.002289485031], [87,52,-0.001222867075], [88,52,-0.000997056723], [89,52,-0.712320508665], [90,52,-0.705214730291], [19,53,-0.003128564747], [33,53,0.707146594138], [34,53,0.710864661487], [35,53,-0.006179530651], [42,53,-0.999999342911], [47,53,-0.999999990097], [48,53,0.999999997522], [53,53,2.000000000000], [54,53,0.999996039932], [55,53,-0.709511768301], [56,53,0.704846131472], [57,53,0.001938012741], [58,53,-0.707194227162], [22,54,0.003915966995], [34,54,0.708882488741], [36,54,0.710266078662], [42,54,-0.999998609058], [47,54,-0.999996426101], [53,54,0.999996039932], [54,54,2.000000000000], [55,54,-0.707525760099], [56,54,0.706839671911], [59,54,0.709959724402], [60,54,0.003277534263], [61,54,-0.705242908000], [62,54,-0.000872306185], [34,55,-0.999998153550], [42,55,0.708703458469], [45,55,-0.003315657750], [47,55,0.709412584760], [50,55,0.707173041284], [53,55,-0.709511768301], [54,55,-0.707525760099], [55,55,2.000000000000], [56,55,-0.000215023091], [68,55,0.705846785842], [69,55,0.707140534417], [70,55,0.001516396403], [34,56,0.002136713567], [37,56,0.706500278781], [42,56,-0.705658861668], [47,56,-0.704945957776], [53,56,0.704846131472], [54,56,0.706839671911], [55,56,-0.000215023091], [56,56,2.000000000000], [57,56,0.707992893580], [59,56,-0.003665167871], [69,56,0.707225061543], [75,56,-0.006382392080], [76,56,-0.708853933005], [19,57,-0.999999291288], [33,57,-0.705695179049], [35,57,-0.999991004615], [37,57,0.999997771217], [48,57,0.001867607528], [53,57,0.001938012741], [56,57,0.707992893580], [57,57,2.000000000000], [58,57,0.705647445227], [59,57,0.703619900658], [69,57,0.001421225873], [75,57,-0.710723861154], [76,57,-0.999999255837], [19,58,-0.704803361336], [33,58,-0.999999997731], [35,58,-0.702635696532], [38,58,0.707232172397], [48,58,-0.707244003345], [53,58,-0.707194227162], [57,58,0.705647445227], [58,58,2.000000000000], [60,58,0.702698136211], [77,58,0.000104638625], [78,58,-0.708569077554], [22,59,-0.701456701983], [36,59,0.008520713578], [37,59,0.705118568174], [54,59,0.709959724402], [56,59,-0.003665167871], [57,59,0.703619900658], [59,59,2.000000000000], [60,59,0.706565415304], [61,59,-0.001410400981], [62,59,0.703622710364], [69,59,-0.709575830950], [75,59,-0.999949523176], [76,59,-0.702752495364], [22,60,-0.999974126767], [36,60,-0.701601602400], [38,60,0.999979565899], [54,60,0.003277534263], [58,60,0.702698136211], [59,60,0.706565415304], [60,60,2.000000000000], [61,60,0.706650488519], [62,60,0.999991389400], [77,60,-0.711414575820], [78,60,-0.999965674339], [22,61,-0.711722026269], [36,61,-0.999974721104], [54,61,-0.705242908000], [59,61,-0.001410400981], [60,61,0.706650488519], [61,61,2.000000000000], [62,61,0.709580672280], [63,61,0.709987233716], [79,61,-0.001289802130], [80,61,-0.706707755620], [22,62,-0.999995368038], [36,62,-0.704552606402], [54,62,-0.000872306185], [59,62,0.703622710364], [60,62,0.999991389400], [61,62,0.709580672280], [62,62,2.000000000000], [78,62,0.999991447647], [79,62,0.705538837031], [61,63,0.709987233716], [63,63,2.000000000000], [64,63,0.999997333153], [79,63,-0.705129704110], [80,63,-0.999989207056], [63,64,0.999997333153], [64,64,2.000000000000], [80,64,0.999997270184], [26,65,-0.000032078986], [31,65,-0.005615808803], [40,65,0.703768286949], [44,65,-0.004989975770], [49,65,-0.711516596644], [65,65,2.000000000000], [66,65,0.999982167037], [67,65,-0.999992740206], [31,66,-0.011587683434], [40,66,0.699513002198], [43,66,0.710409202410], [44,66,-0.010961881381], [49,66,-0.715700297650], [65,66,0.999982167037], [66,66,2.000000000000], [67,66,-0.999952151098], [31,67,0.001805377351], [40,67,-0.706470234703], [44,67,0.001179536215], [49,67,0.708833944439], [51,67,0.709274692658], [65,67,-0.999992740206], [66,67,-0.999952151098], [67,67,2.000000000000], [68,67,0.999998505098], [71,67,0.707840433504], [72,67,-0.003609915543], [73,67,-0.705124632422], [74,67,-0.001083164346], [45,68,-0.710700987954], [50,68,-0.001686607559], [51,68,0.710492533758], [55,68,0.705846785842], [67,68,0.999998505098], [68,68,2.000000000000], [69,68,0.999998329110], [70,68,0.709434064431], [71,68,0.706617983761], [72,68,-0.005339003313], [73,68,-0.706349657561], [74,68,-0.002812266145], [37,69,-0.000690068771], [45,69,-0.709413775693], [50,69,0.000141445735], [55,69,0.707140534417], [56,69,0.707225061543], [57,69,0.001421225873], [59,69,-0.709575830950], [68,69,0.999998329110], [69,69,2.000000000000], [70,69,0.708144518765], [75,69,0.702460293701], [76,69,-0.002641193037], [45,70,-0.999998381320], [50,70,-0.705967347318], [55,70,0.001516396403], [68,70,0.709434064431], [69,70,0.708144518765], [70,70,2.000000000000], [72,70,0.708549438880], [75,70,0.005081039658], [87,70,0.708988491859], [91,70,-0.708667815281], [92,70,-0.704967916520], [51,71,0.004108677435], [52,71,0.706283326616], [67,71,0.707840433504], [68,71,0.706617983761], [71,71,2.000000000000], [72,71,0.703812520143], [73,71,0.001761186415], [74,71,0.705605244989], [85,71,-0.709544447635], [87,71,0.707065057979], [88,71,0.707224721502], [89,71,-0.999963323687], [90,71,0.003836051088], [51,72,-0.707488031230], [67,72,-0.003609915543], [68,72,-0.005339003313], [70,72,0.708549438880], [71,72,0.703812520143], [72,72,2.000000000000], [73,72,0.711624209287], [74,72,0.999996807747], [75,72,0.709252232847], [87,72,0.004706989837], [91,72,-0.004252379812], [92,72,-0.999987185230], [51,73,-0.999982772325], [67,73,-0.705124632422], [68,73,-0.706349657561], [71,73,0.001761186415], [72,73,0.711624209287], [73,73,2.000000000000], [74,73,0.709846739035], [76,73,0.711012868354], [77,73,0.006276451578], [88,73,0.705742170163], [91,73,0.705580051133], [51,74,-0.705700050195], [67,74,-0.001083164346], [68,74,-0.002812266145], [71,74,0.705605244989], [72,74,0.999996807747], [73,74,0.709846739035], [74,74,2.000000000000], [90,74,0.705893184180], [92,74,0.999996784837], [101,74,-0.002273996466], [106,74,-0.002344388267], [37,75,-0.712207511149], [56,75,-0.006382392080], [57,75,-0.710723861154], [59,75,-0.999949523176], [69,75,0.702460293701], [70,75,0.005081039658], [72,75,0.709252232847], [75,75,2.000000000000], [76,75,0.709865119002], [87,75,-0.701608547615], [91,75,0.701932416452], [92,75,-0.712812010353], [37,76,-0.999994451342], [56,76,-0.708853933005], [57,76,-0.999999255837], [59,76,-0.702752495364], [69,76,-0.002641193037], [73,76,0.711012868354], [75,76,0.709865119002], [76,76,2.000000000000], [77,76,0.707627783682], [88,76,0.003611410400], [91,76,0.003382607700], [38,77,-0.706907360064], [58,77,0.000104638625], [60,77,-0.711414575820], [73,77,0.006276451578], [76,77,0.707627783682], [77,77,2.000000000000], [78,77,0.705567306961], [88,77,-0.704025252432], [91,77,-0.704187724940], [38,78,-0.999998208659], [58,78,-0.708569077554], [60,78,-0.999965674339], [62,78,0.999991447647], [77,78,0.705567306961], [78,78,2.000000000000], [79,78,0.702601898287], [61,79,-0.001289802130], [62,79,0.705538837031], [63,79,-0.705129704110], [78,79,0.702601898287], [79,79,2.000000000000], [80,79,0.708416506376], [61,80,-0.706707755620], [63,80,-0.999989207056], [64,80,0.999997270184], [79,80,0.708416506376], [80,80,2.000000000000], [81,81,2.000000000000], [82,81,0.707606976049], [83,81,-0.005708879413], [84,81,-0.002708052889], [81,82,0.707606976049], [82,82,2.000000000000], [83,82,0.702555074643], [84,82,0.704687404158], [93,82,-0.705810098703], [94,82,0.003055049460], [95,82,-0.706621378644], [81,83,-0.005708879413], [82,83,0.702555074643], [83,83,2.000000000000], [84,83,0.999995497440], [96,83,-0.008613786122], [97,83,-0.999982094403], [98,83,-0.712054558025], [99,83,-0.999967034042], [81,84,-0.002708052889], [82,84,0.704687404158], [83,84,0.999995497440], [84,84,2.000000000000], [94,84,0.707361742495], [97,84,0.999995549665], [102,84,0.703139188566], [117,84,0.006074424686], [120,84,-0.003761930532], [46,85,0.002880449077], [52,85,-0.002289485031], [71,85,-0.709544447635], [85,85,2.000000000000], [86,85,0.002446266352], [87,85,-0.999993831690], [88,85,-0.999994599319], [89,85,0.703483332252], [90,85,-0.707377346141], [46,86,-0.999985813051], [85,86,0.002446266352], [86,86,2.000000000000], [98,86,0.710141847064], [103,86,0.999982388543], [108,86,0.702200792881], [121,86,-0.007138543906], [122,86,-0.006818030779], [123,86,-0.709290237255], [52,87,-0.001222867075], [70,87,0.708988491859], [71,87,0.707065057979], [72,87,0.004706989837], [75,87,-0.701608547615], [85,87,-0.999993831690], [87,87,2.000000000000], [88,87,0.999999974505], [89,87,-0.700982726508], [90,87,0.709855636651], [91,87,-0.999999896663], [92,87,0.000355560834], [52,88,-0.000997056723], [71,88,0.707224721502], [73,88,0.705742170163], [76,88,0.003611410400], [77,88,-0.704025252432], [85,88,-0.999994599319], [87,88,0.999999974505], [88,88,2.000000000000], [89,88,-0.701143751766], [90,88,0.709696569568], [91,88,0.999999973824], [52,89,-0.712320508665], [71,89,-0.999963323687], [85,89,0.703483332252], [87,89,-0.700982726508], [88,89,-0.701143751766], [89,89,2.000000000000], [90,89,0.004728562773], [100,89,0.704102657464], [101,89,0.704152434110], [102,89,-0.999963527200], [103,89,-0.713161619596], [104,89,-0.006677860372], [105,89,-0.711750083857], [52,90,-0.705214730291], [71,90,0.003836051088], [74,90,0.705893184180], [85,90,-0.707377346141], [87,90,0.709855636651], [88,90,0.709696569568], [89,90,0.004728562773], [90,90,2.000000000000], [92,90,0.704094756461], [101,90,0.706711268893], [106,90,0.706661464664], [70,91,-0.708667815281], [72,91,-0.004252379812], [73,91,0.705580051133], [75,91,0.701932416452], [76,91,0.003382607700], [77,91,-0.704187724940], [87,91,-0.999999896663], [88,91,0.999999973824], [91,91,2.000000000000], [92,91,-0.000810175344], [70,92,-0.704967916520], [72,92,-0.999987185230], [74,92,0.999996784837], [75,92,-0.712812010353], [87,92,0.000355560834], [90,92,0.704094756461], [91,92,-0.000810175344], [92,92,2.000000000000], [101,92,-0.004809789115], [106,92,-0.004880180277], [82,93,-0.705810098703], [93,93,2.000000000000], [94,93,0.706241499543], [95,93,0.999999343478], [117,93,-0.004490866628], [118,93,-0.999997399733], [119,93,-0.709244915037], [82,94,0.003055049460], [84,94,0.707361742495], [93,94,0.706241499543], [94,94,2.000000000000], [95,94,0.705429785385], [97,94,0.705249776048], [102,94,-0.005234739607], [117,94,0.711135502492], [120,94,-0.709507771907], [82,95,-0.706621378644], [93,95,0.999999343478], [94,95,0.705429785385], [95,95,2.000000000000], [118,95,0.999999356356], [83,96,-0.008613786122], [96,96,2.000000000000], [97,96,0.002629635202], [98,96,0.708231576204], [99,96,0.000494023307], [100,96,0.999990673189], [106,96,-0.999990056536], [107,96,-0.999993516499], [108,96,0.707828229092], [109,96,0.001325784132], [110,96,-0.704824306622], [111,96,-0.000480912300], [83,97,-0.999982094403], [84,97,0.999995549665], [94,97,0.705249776048], [96,97,0.002629635202], [97,97,2.000000000000], [98,97,0.707840143864], [99,97,0.999997719575], [102,97,0.705257409587], [117,97,0.003091056932], [120,97,-0.000778539138], [83,98,-0.712054558025], [86,98,0.710141847064], [96,98,0.708231576204], [97,98,0.707840143864], [98,98,2.000000000000], [99,98,0.706329990859], [103,98,0.705950848648], [108,98,-0.002612767858], [121,98,-0.709110071357], [122,98,-0.708884036332], [123,98,-0.999999269358], [83,99,-0.999967034042], [96,99,0.000494023307], [97,99,0.999997719575], [98,99,0.706329990859], [99,99,2.000000000000], [119,99,0.706748139957], [134,99,0.004548172629], [89,100,0.704102657464], [96,100,0.999990673189], [100,100,2.000000000000], [101,100,0.999999997543], [102,100,-0.710141742170], [103,100,-0.004360407317], [104,100,0.705380463446], [105,100,-0.002348871811], [106,100,-0.999999990131], [107,100,-0.999999742229], [108,100,0.710872483828], [109,100,0.005644741700], [110,100,-0.701753931018], [111,100,0.003838065416], [74,101,-0.002273996466], [89,101,0.704152434110], [90,101,0.706711268893], [92,101,-0.004809789115], [100,101,0.999999997543], [101,101,2.000000000000], [102,101,-0.710191095431], [103,101,-0.004430507332], [104,101,0.705330772316], [105,101,-0.002418972305], [106,101,0.999999997522], [84,102,0.703139188566], [89,102,-0.999963527200], [94,102,-0.005234739607], [97,102,0.705257409587], [100,102,-0.710141742170], [101,102,-0.710191095431], [102,102,2.000000000000], [103,102,0.707148551655], [104,102,-0.001862934495], [105,102,0.705724827327], [117,102,-0.706767950831], [120,102,0.708402043176], [86,103,0.999982388543], [89,103,-0.713161619596], [98,103,0.705950848648], [100,103,-0.004360407317], [101,103,-0.004430507332], [102,103,0.707148551655], [103,103,2.000000000000], [104,103,0.705746409877], [105,103,0.999997976840], [108,103,0.706413923981], [121,103,-0.001203706034], [122,103,-0.000883185278], [123,103,-0.705094162138], [89,104,-0.006677860372], [100,104,0.705380463446], [101,104,0.705330772316], [102,104,-0.001862934495], [103,104,0.705746409877], [104,104,2.000000000000], [105,104,0.707170090914], [109,104,0.704835911225], [120,104,0.707127624045], [121,104,0.709313538321], [124,104,-0.708860624069], [125,104,-0.001548771383], [126,104,-0.707401062206], [89,105,-0.711750083857], [100,105,-0.002348871811], [101,105,-0.002418972305], [102,105,0.705724827327], [103,105,0.999997976840], [104,105,0.707170090914], [105,105,2.000000000000], [125,105,0.708137862600], [135,105,0.005475134658], [74,106,-0.002344388267], [90,106,0.706661464664], [92,106,-0.004880180277], [96,106,-0.999990056536], [100,106,-0.999999990131], [101,106,0.999999997522], [106,106,2.000000000000], [107,106,0.9999996314