{
"N": {
"shape": [192, 150],
"data": [[0,0,0.000472057967], [1,0,-0.999999888581], [6,0,-0.000472057967], [7,0,0.999999888581], [3,1,0.002363138712], [4,1,-0.999997207784], [6,1,-0.002363138712], [7,1,0.999997207784], [3,2,-0.001239579256], [4,2,-0.999999231721], [9,2,0.001239579256], [10,2,0.999999231721], [3,3,-0.707021900194], [4,3,-0.707191651991], [30,3,0.707021900194], [31,3,0.707191651991], [6,4,-0.708739552445], [7,4,0.705470230980], [27,4,0.708739552445], [28,4,-0.705470230980], [6,5,-0.999994710063], [7,5,0.003252667501], [30,5,0.999994710063], [31,5,-0.003252667501], [9,6,-0.703243380763], [10,6,0.710949187645], [30,6,0.703243380763], [31,6,-0.710949187645], [9,7,-0.999996217887], [10,7,0.002750311344], [57,7,0.999996217887], [58,7,-0.002750311344], [12,8,-0.705897251675], [13,8,-0.708314245288], [39,8,0.705897251675], [40,8,0.708314245288], [12,9,-0.999993396693], [13,9,-0.003634084656], [60,9,0.999993396693], [61,9,0.003634084656], [15,10,0.001180415373], [16,10,-0.999999303310], [21,10,-0.001180415373], [22,10,0.999999303310], [15,11,-0.999999979776], [16,11,-0.000201117588], [39,11,0.999999979776], [40,11,0.000201117588], [15,12,-0.705406850528], [16,12,-0.708802634891], [42,12,0.705406850528], [43,12,0.708802634891], [15,13,-0.999995412769], [16,13,0.003028933946], [63,13,0.999995412769], [64,13,-0.003028933946], [18,14,0.002800131822], [19,14,-0.999996079623], [21,14,-0.002800131822], [22,14,0.999996079623], [21,15,-0.999999629711], [22,15,-0.000860568306], [69,15,0.999999629711], [70,15,0.000860568306], [27,16,0.003769658986], [28,16,-0.999992894810], [30,16,-0.003769658986], [31,16,0.999992894810], [27,17,-0.999987779972], [28,17,0.004943673359], [51,17,0.999987779972], [52,17,-0.004943673359], [27,18,-0.708755189696], [28,18,-0.705454520915], [54,18,0.708755189696], [55,18,0.705454520915], [33,19,-0.001278660549], [34,19,-0.999999182513], [36,19,0.001278660549], [37,19,0.999999182513], [33,20,-0.001383773680], [34,20,-0.999999042585], [39,20,0.001383773680], [40,20,0.999999042585], [33,21,-0.710189743753], [34,21,0.704010318013], [54,21,0.710189743753], [55,21,-0.704010318013], [33,22,-0.999996742455], [34,22,0.002552465282], [57,22,0.999996742455], [58,22,-0.002552465282], [33,23,-0.703936412744], [34,23,-0.710262998342], [60,23,0.703936412744], [61,23,0.710262998342], [33,24,-0.999997831821], [34,24,-0.002082391208], [81,24,0.999997831821], [82,24,0.002082391208], [36,25,-0.001489353538], [37,25,-0.999998890912], [39,25,0.001489353538], [40,25,0.999998890912], [36,26,0.003035587646], [37,26,-0.999995392593], [42,26,-0.003035587646], [43,26,0.999995392593], [36,27,-0.702673650155], [37,27,0.711512291797], [57,27,0.702673650155], [58,27,-0.711512291797], [36,28,-0.999997790953], [37,28,-0.002101924950], [60,28,0.999997790953], [61,28,0.002101924950], [36,29,-0.708307000641], [37,29,-0.705904521053], [63,29,0.708307000641], [64,29,0.705904521053], [36,30,-0.999993016800], [37,30,0.003737158139], [84,30,0.999993016800], [85,30,-0.003737158139], [39,31,0.007574273137], [40,31,-0.999971314782], [42,31,-0.007574273137], [43,31,0.999971314782], [39,32,-0.706002212004], [40,32,0.708209627614], [60,32,0.706002212004], [61,32,-0.708209627614], [39,33,-0.999999819356], [40,33,-0.000601073060], [87,33,0.999999819356], [88,33,0.000601073060], [42,34,-0.707114693458], [43,34,0.707098868826], [63,34,0.707114693458], [64,34,-0.707098868826], [45,35,-0.999975177449], [46,35,-0.007045884360], [69,35,0.999975177449], [70,35,0.007045884360], [48,36,-0.999999833825], [49,36,0.000576498782], [96,36,0.999999833825], [97,36,-0.000576498782], [51,37,-0.706396800845], [52,37,-0.707816049378], [78,37,0.706396800845], [79,37,0.707816049378], [51,38,-0.999999983220], [52,38,0.000183196475], [99,38,0.999999983220], [100,38,-0.000183196475], [54,39,0.006238977564], [55,39,-0.999980537390], [57,39,-0.006238977564], [58,39,0.999980537390], [54,40,0.002184928057], [55,40,-0.999997613042], [60,40,-0.002184928057], [61,40,0.999997613042], [54,41,-0.708011738989], [55,41,-0.706200663731], [81,41,0.708011738989], [82,41,0.706200663731], [57,42,-0.001795313896], [58,42,-0.999998388423], [60,42,0.001795313896], [61,42,0.999998388423], [57,43,-0.001331193990], [58,43,-0.999999113961], [63,43,0.001331193990], [64,43,0.999999113961], [57,44,-0.999977759681], [58,44,-0.006669343622], [81,44,0.999977759681], [82,44,0.006669343622], [57,45,-0.706894988463], [58,45,-0.707318510493], [84,45,0.706894988463], [85,45,0.707318510493], [60,46,-0.707793716687], [61,46,0.706419177697], [81,46,0.707793716687], [82,46,-0.706419177697], [63,47,-0.705358177416], [64,47,0.708851071490], [84,47,0.705358177416], [85,47,-0.708851071490], [63,48,-0.999972082483], [64,48,-0.007472232197], [87,48,0.999972082483], [88,48,0.007472232197], [63,49,-0.705241691451], [64,49,-0.708966964420], [90,49,0.705241691451], [91,49,0.708966964420], [63,50,-0.999999896527], [64,50,0.000454912574], [111,50,0.999999896527], [112,50,-0.000454912574], [66,51,-0.709805785697], [67,51,0.704397435111], [87,51,0.709805785697], [88,51,-0.704397435111], [66,52,-0.999993803643], [67,52,-0.003520323175], [90,52,0.999993803643], [91,52,0.003520323175], [66,53,-0.708702517351], [67,53,-0.705507435752], [93,53,0.708702517351], [94,53,0.705507435752], [66,54,-0.999999638571], [67,54,0.000850210403], [114,54,0.999999638571], [115,54,-0.000850210403], [72,55,-0.000423682907], [73,55,-0.999999910246], [78,55,0.000423682907], [79,55,0.999999910246], [72,56,-0.999999369534], [73,56,0.001122912546], [96,56,0.999999369534], [97,56,-0.001122912546], [72,57,-0.705827482601], [73,57,-0.708383769440], [99,57,0.705827482601], [100,57,0.708383769440], [72,58,-0.999999987056], [73,58,-0.000160898899], [120,58,0.999999987056], [121,58,0.000160898899], [75,59,-0.007335343059], [76,59,-0.999973096009], [78,59,0.007335343059], [79,59,0.999973096009], [75,60,-0.003694393625], [76,60,-0.999993175705], [81,60,0.003694393625], [82,60,0.999993175705], [75,61,-0.709495676120], [76,61,0.704709788188], [96,61,0.709495676120], [97,61,-0.704709788188], [75,62,-0.999994883156], [76,62,0.003199009621], [99,62,0.999994883156], [100,62,-0.003199009621], [75,63,-0.710825075897], [76,63,-0.703368830327], [102,63,0.710825075897], [103,63,0.703368830327], [75,64,-0.999999922576], [76,64,0.000393506583], [123,64,0.999999922576], [124,64,-0.000393506583], [78,65,0.003600651600], [79,65,-0.999993517633], [84,65,-0.003600651600], [85,65,0.999993517633], [78,66,-0.701540137402], [79,66,0.712629942968], [99,66,0.701540137402], [100,66,-0.712629942968], [78,67,-0.999967307921], [79,67,0.008085981065], [102,67,0.999967307921], [103,67,-0.008085981065], [81,68,0.007245798888], [82,68,-0.999973748855], [84,68,-0.007245798888], [85,68,0.999973748855], [81,69,-0.999999330125], [82,69,0.001157475841], [129,69,0.999999330125], [130,69,-0.001157475841], [84,70,-0.709644715960], [85,70,0.704559704432], [105,70,0.709644715960], [106,70,-0.704559704432], [87,71,-0.002431479529], [88,71,-0.999997043949], [90,71,0.002431479529], [91,71,0.999997043949], [87,72,-0.003588475000], [88,72,-0.999993561403], [93,72,0.003588475000], [94,72,0.999993561403], [90,73,-0.706496395493], [91,73,0.707716640439], [111,73,0.706496395493], [112,73,-0.707716640439], [90,74,-0.999998539786], [91,74,0.001708925622], [138,74,0.999998539786], [139,74,-0.001708925622], [93,75,-0.702077102395], [94,75,0.712100935467], [114,75,0.702077102395], [115,75,-0.712100935467], [93,76,-0.999999913691], [94,76,-0.000415472950], [117,76,0.999999913691], [118,76,0.000415472950], [93,77,-0.999998091703], [94,77,0.001953609802], [141,77,0.999998091703], [142,77,-0.001953609802], [96,78,0.008213741052], [97,78,-0.999966266660], [99,78,-0.008213741052], [100,78,0.999966266660], [96,79,0.000299682044], [97,79,-0.999999955095], [102,79,-0.000299682044], [103,79,0.999999955095], [99,80,-0.710371461403], [100,80,0.703826958011], [120,80,0.710371461403], [121,80,-0.703826958011], [102,81,-0.706241150540], [103,81,0.707971353435], [123,81,0.706241150540], [124,81,-0.707971353435], [102,82,-0.705663901296], [103,82,-0.708546722812], [129,82,0.705663901296], [130,82,0.708546722812], [102,83,-0.999998309747], [103,83,-0.001838614340], [150,83,0.999998309747], [151,83,0.001838614340], [105,84,0.000185336299], [106,84,-0.999999982825], [108,84,-0.000185336299], [109,84,0.999999982825], [105,85,-0.707123542978], [106,85,0.707090018998], [126,85,0.707123542978], [127,85,-0.707090018998], [105,86,-0.999998324888], [106,86,0.001830361015], [129,86,0.999998324888], [130,86,-0.001830361015], [105,87,-0.710680006518], [106,87,-0.703515407320], [132,87,0.710680006518], [133,87,0.703515407320], [105,88,-0.999999974488], [106,88,0.000225885768], [153,88,0.999999974488], [154,88,-0.000225885768], [108,89,-0.707120501104], [109,89,0.707093061003], [129,89,0.707120501104], [130,89,-0.707093061003], [108,90,-0.999998051610], [109,90,0.001974025567], [156,90,0.999998051610], [157,90,-0.001974025567], [111,91,0.003863834292], [112,91,-0.999992535364], [117,91,-0.003863834292], [118,91,0.999992535364], [111,92,-0.704193153336], [112,92,-0.710008452622], [138,92,0.704193153336], [139,92,0.710008452622], [114,93,0.000130618099], [115,93,-0.999999991469], [117,93,-0.000130618099], [118,93,0.999999991469], [114,94,-0.999998349387], [115,94,-0.001816926729], [138,94,0.999998349387], [139,94,0.001816926729], [114,95,-0.709809909871], [115,95,-0.704393279248], [141,95,0.709809909871], [142,95,0.704393279248], [114,96,-0.999999960727], [115,96,-0.000280260304], [162,96,0.999999960727], [163,96,0.000280260304], [117,97,-0.706218211768], [118,97,0.707994235405], [138,97,0.706218211768], [139,97,-0.707994235405], [117,98,-0.999990841091], [118,98,0.004279922197], [141,98,0.999990841091], [142,98,-0.004279922197], [120,99,0.003042688291], [121,99,-0.999995371013], [123,99,-0.003042688291], [124,99,0.999995371013], [120,100,0.001949361868], [121,100,-0.999998099992], [126,100,-0.001949361868], [127,100,0.999998099992], [120,101,-0.708073850389], [121,101,-0.706138387566], [147,101,0.708073850389], [148,101,0.706138387566], [120,102,-0.999999628668], [121,102,0.000861780054], [168,102,0.999999628668], [169,102,-0.000861780054], [123,103,-0.708596208184], [124,103,-0.705614210279], [150,103,0.708596208184], [151,103,0.705614210279], [123,104,-0.999998771586], [124,104,-0.001567426957], [171,104,0.999998771586], [172,104,0.001567426957], [126,105,-0.004306130429], [127,105,-0.999990728577], [132,105,0.004306130429], [133,105,0.999990728577], [126,106,-0.999993979038], [127,106,0.003470142272], [150,106,0.999993979038], [151,106,-0.003470142272], [126,107,-0.709972155194], [127,107,-0.704229748626], [153,107,0.709972155194], [154,107,0.704229748626], [126,108,-0.999999280035], [127,108,0.001199970909], [174,108,0.999999280035], [175,108,-0.001199970909], [129,109,-0.002592239560], [130,109,-0.999996640141], [132,109,0.002592239560], [133,109,0.999996640141], [129,110,0.000695216848], [130,110,-0.999999758337], [135,110,-0.000695216848], [136,110,0.999999758337], [129,111,-0.705067918013], [130,111,-0.709139782405], [156,111,0.705067918013], [157,111,0.709139782405], [129,112,-0.999999536762], [130,112,-0.000962536589], [177,112,0.999999536762], [178,112,0.000962536589], [132,113,0.003967191694], [133,113,-0.999992130664], [135,113,-0.003967191694], [136,113,0.999992130664], [132,114,-0.707160908417], [133,114,0.707052649812], [153,114,0.707160908417], [154,114,-0.707052649812], [132,115,-0.999998119263], [133,115,-0.001939451156], [156,115,0.999998119263], [157,115,0.001939451156], [132,116,-0.999995978859], [133,116,-0.002835888926], [180,116,0.999995978859], [181,116,0.002835888926], [135,117,-0.705255605582], [136,117,0.708953123129], [156,117,0.705255605582], [157,117,-0.708953123129], [135,118,-0.999999209897], [136,118,0.001257062520], [159,118,0.999999209897], [160,118,-0.001257062520], [135,119,-0.999999834567], [136,119,0.000575210121], [183,119,0.999999834567], [184,119,-0.000575210121], [138,120,-0.007853003278], [139,120,-0.999969164694], [141,120,0.007853003278], [142,120,0.999969164694], [141,121,-0.703843499936], [142,121,0.710355071495], [162,121,0.703843499936], [163,121,-0.710355071495], [141,122,-0.999999943009], [142,122,-0.000337612210], [189,122,0.999999943009], [190,122,0.000337612210], [144,123,0.003523564932], [145,123,-0.999993792226], [147,123,-0.003523564932], [148,123,0.999993792226], [144,124,0.001902281437], [145,124,-0.999998190661], [150,124,-0.001902281437], [151,124,0.999998190661], [144,125,-0.999996720916], [145,125,0.002560889772], [168,125,0.999996720916], [169,125,-0.002560889772], [144,126,-0.705432265261], [145,126,-0.708777341010], [171,126,0.705432265261], [172,126,0.708777341010], [147,127,-0.706893009320], [148,127,0.707320488446], [168,127,0.706893009320], [169,127,-0.707320488446], [147,128,-0.999997845371], [148,128,-0.002075874243], [171,128,0.999997845371], [172,128,0.002075874243], [147,129,-0.706966257972], [148,129,-0.707247276480], [174,129,0.706966257972], [175,129,0.707247276480], [150,130,-0.707886138448], [151,130,0.706326563987], [171,130,0.707886138448], [172,130,-0.706326563987], [150,131,-0.999999414632], [151,131,-0.001082005295], [174,131,0.999999414632], [175,131,0.001082005295], [153,132,-0.999999854400], [154,132,-0.000539629135], [177,132,0.999999854400], [178,132,0.000539629135], [153,133,-0.706854332229], [154,133,-0.707359140048], [180,133,0.706854332229], [181,133,0.707359140048], [156,134,0.000397526887], [157,134,-0.999999920986], [159,134,-0.000397526887], [160,134,0.999999920986], [156,135,-0.709538605341], [157,135,0.704666564789], [177,135,0.709538605341], [178,135,-0.704666564789], [159,136,-0.711098998360], [160,136,0.703091896221], [180,136,0.711098998360], [181,136,-0.703091896221], [159,137,-0.999999995142], [160,137,-0.000098564932], [183,137,0.999999995142], [184,137,0.000098564932], [159,138,-0.709896705314], [160,138,-0.704305805587], [186,138,0.709896705314], [187,138,0.704305805587], [162,139,-0.710522512627], [163,139,0.703674469518], [183,139,0.710522512627], [184,139,-0.703674469518], [162,140,-0.999999988396], [163,140,-0.000152339296], [186,140,0.999999988396], [187,140,0.000152339296], [162,141,-0.706354650085], [163,141,-0.707858113115], [189,141,0.706354650085], [190,141,0.707858113115], [165,142,-0.999999727894], [166,142,-0.000737707805], [189,142,0.999999727894], [190,142,0.000737707805], [168,143,0.001074014792], [169,143,-0.999999423246], [171,143,-0.001074014792], [172,143,0.999999423246], [168,144,0.000118757777], [169,144,-0.999999992948], [174,144,-0.000118757777], [175,144,0.999999992948], [171,145,-0.000840894721], [172,145,-0.999999646448], [174,145,0.000840894721], [175,145,0.999999646448], [177,146,-0.001838122623], [178,146,-0.999998310651], [180,146,0.001838122623], [181,146,0.999998310651], [180,147,0.000797334034], [181,147,-0.999999682129], [186,147,-0.000797334034], [187,147,0.999999682129], [183,148,0.001562257216], [184,148,-0.999998779675], [186,148,-0.001562257216], [187,148,0.999998779675], [183,149,0.003904263551], [184,149,-0.999992378334], [189,149,-0.003904263551], [190,149,0.999992378334], ]
},
"Q": {
"shape": [150, 150],
"data": [[0,0,2.000000000000], [1,0,0.999998211903], [4,0,0.705804718530], [5,0,0.003724722609], [0,1,0.999998211903], [1,1,2.000000000000], [2,1,0.999993510210], [3,1,0.705518886536], [4,1,0.707143111028], [5,1,0.005615784630], [1,2,0.999993510210], [2,2,2.000000000000], [3,2,0.708067518352], [6,2,0.710076915531], [7,2,0.001510734663], [1,3,0.705518886536], [2,3,0.708067518352], [3,3,2.000000000000], [5,3,0.704717900790], [6,3,-0.005568859126], [16,3,0.704521395801], [0,4,0.705804718530], [1,4,0.707143111028], [4,4,2.000000000000], [5,4,0.711030463351], [16,4,0.708136924903], [17,4,-0.712218506015], [18,4,-0.004645672123], [0,5,0.003724722609], [1,5,0.005615784630], [3,5,0.704717900790], [4,5,0.711030463351], [5,5,2.000000000000], [6,5,0.705552141967], [16,5,-0.007022283435], [2,6,0.710076915531], [3,6,-0.005568859126], [5,6,0.705552141967], [6,6,2.000000000000], [7,6,0.705196052633], [16,6,-0.713595123946], [2,7,0.001510734663], [6,7,0.705196052633], [7,7,2.000000000000], [22,7,0.999999980428], [27,7,0.704627872891], [39,7,-0.008989211783], [42,7,0.000954999806], [43,7,0.001419119952], [44,7,-0.999955634880], [45,7,-0.704946968783], [8,8,2.000000000000], [9,8,0.708466664349], [11,8,0.706039691851], [20,8,0.709290369174], [25,8,0.709364790275], [31,8,-0.702947268548], [32,8,0.003269946759], [33,8,-0.706322872769], [8,9,0.708466664349], [9,9,2.000000000000], [23,9,0.706512920299], [28,9,0.999998826234], [32,9,0.703423856313], [40,9,0.001449162352], [42,9,0.005429380840], [46,9,-0.705221855813], [10,10,2.000000000000], [11,10,-0.000979297901], [12,10,0.707969467985], [13,10,-0.004209341793], [14,10,0.999998688254], [15,10,0.000319847229], [8,11,0.706039691851], [10,11,-0.000979297901], [11,11,2.000000000000], [12,11,0.705549388937], [13,11,0.999994783373], [20,11,0.001584891047], [25,11,0.001690470873], [31,11,0.007373161165], [32,11,-0.705859764313], [33,11,-0.999999920018], [10,12,0.707969467985], [11,12,0.705549388937], [12,12,2.000000000000], [13,12,0.703256698302], [26,12,0.706658044828], [31,12,0.703439358575], [34,12,0.002389992479], [10,13,-0.004209341793], [11,13,0.999994783373], [12,13,0.703256698302], [13,13,2.000000000000], [29,13,0.706165613307], [34,13,0.709253205527], [43,13,-0.001697743378], [47,13,-0.707502004848], [48,13,-0.999944862483], [49,13,-0.703091042240], [50,13,-0.999996687197], [10,14,0.999998688254], [14,14,2.000000000000], [15,14,0.001939565853], [10,15,0.000319847229], [14,15,0.001939565853], [15,15,2.000000000000], [35,15,0.999980870634], [3,16,0.704521395801], [4,16,0.708136924903], [5,16,-0.007022283435], [6,16,-0.713595123946], [16,16,2.000000000000], [17,16,-0.008713251154], [18,16,0.702777743157], [4,17,-0.712218506015], [16,17,-0.008713251154], [17,17,2.000000000000], [18,17,0.705258991967], [37,17,-0.702888957310], [38,17,-0.999988668855], [4,18,-0.004645672123], [16,18,0.702777743157], [17,18,0.705258991967], [18,18,2.000000000000], [21,18,0.006703404941], [39,18,-0.701018883202], [40,18,-0.703904257925], [41,18,-0.999999445276], [19,19,2.000000000000], [20,19,0.999999994476], [21,19,-0.703101650886], [22,19,-0.001273806812], [23,19,0.711162513431], [24,19,0.003361047282], [25,19,-0.999999977804], [26,19,-0.999990693624], [27,19,0.710613229070], [28,19,-0.003380580956], [29,19,-0.706809628204], [30,19,0.002458503465], [8,20,0.709290369174], [11,20,0.001584891047], [19,20,0.999999994476], [20,20,2.000000000000], [21,20,-0.703026902107], [22,20,-0.001168693666], [23,20,0.711236407005], [24,20,0.003466159894], [25,20,0.999999994426], [31,20,-0.999959876314], [32,20,0.707232002285], [33,20,-0.001984845914], [18,21,0.006703404941], [19,21,-0.703101650886], [20,21,-0.703026902107], [21,21,2.000000000000], [22,21,0.711984392173], [23,21,-0.000104058750], [24,21,0.708722179038], [39,21,0.708427474012], [40,21,0.705560351067], [41,21,-0.005650121633], [7,22,0.999999980428], [19,22,-0.001273806812], [20,22,-0.001168693666], [21,22,0.711984392173], [22,22,2.000000000000], [23,22,0.702121197995], [24,22,0.999989259052], [27,22,0.704487471586], [39,22,-0.008791372844], [42,22,0.000757153121], [43,22,0.001221273366], [44,22,-0.999957478940], [45,22,-0.705087279780], [9,23,0.706512920299], [19,23,0.711162513431], [20,23,0.711236407005], [21,23,-0.000104058750], [22,23,0.702121197995], [23,23,2.000000000000], [24,23,0.705413931907], [28,23,0.705427777232], [32,23,-0.006034429057], [40,23,0.708723252555], [42,23,0.711525640522], [46,23,0.003501633350], [19,24,0.003361047282], [20,24,0.003466159894], [21,24,0.708722179038], [22,24,0.999989259052], [23,24,0.705413931907], [24,24,2.000000000000], [41,24,0.709480789946], [44,24,0.999989479732], [46,24,0.706321140979], [60,24,0.005776762612], [68,24,0.005163446635], [69,24,-0.999994751630], [8,25,0.709364790275], [11,25,0.001690470873], [19,25,-0.999999977804], [20,25,0.999999994426], [25,25,2.000000000000], [26,25,0.999989762448], [27,25,-0.710464973180], [28,25,0.003591272866], [29,25,0.706958657680], [30,25,-0.002247810857], [31,25,-0.999958924956], [32,25,0.707157355256], [33,25,-0.002090425662], [12,26,0.706658044828], [19,26,-0.999990693624], [25,26,0.999989762448], [26,26,2.000000000000], [27,26,-0.713642041022], [28,26,-0.000933665675], [29,26,0.703751140683], [30,26,-0.006772707369], [31,26,0.999989699877], [34,26,0.709242119562], [7,27,0.704627872891], [19,27,0.710613229070], [22,27,0.704487471586], [25,27,-0.710464973180], [26,27,-0.713642041022], [27,27,2.000000000000], [28,27,0.701176552478], [29,27,-0.004551077993], [30,27,0.705327777197], [39,27,-0.715882409048], [42,27,0.710249625371], [43,27,0.710576266429], [44,27,-0.697912702504], [45,27,0.006549332612], [9,28,0.999998826234], [19,28,-0.003380580956], [23,28,0.705427777232], [25,28,0.003591272866], [26,28,-0.000933665675], [27,28,0.701176552478], [28,28,2.000000000000], [29,28,0.709789194283], [30,28,0.999982952543], [32,28,0.704512048926], [40,28,-0.000083003298], [42,28,0.003897231492], [46,28,-0.706307313043], [13,29,0.706165613307], [19,29,-0.706809628204], [25,29,0.706958657680], [26,29,0.703751140683], [27,29,-0.004551077993], [28,29,0.709789194283], [29,29,2.000000000000], [30,29,0.705663977565], [34,29,0.001709999297], [43,29,0.706846789616], [47,29,0.000771041094], [48,29,-0.713561908959], [49,29,-0.999990612660], [50,29,-0.707985802508], [19,30,0.002458503465], [25,30,-0.002247810857], [26,30,-0.006772707369], [27,30,0.705327777197], [28,30,0.999982952543], [29,30,0.705663977565], [30,30,2.000000000000], [45,30,0.704246690945], [47,30,0.708002340311], [65,30,-0.007337760369], [68,30,-0.010982808323], [70,30,-0.712272811404], [8,31,-0.702947268548], [11,31,0.007373161165], [12,31,0.703439358575], [20,31,-0.999959876314], [25,31,-0.999958924956], [26,31,0.999989699877], [31,31,2.000000000000], [32,31,-0.713536766056], [33,31,-0.006973215951], [34,31,0.712434465368], [8,32,0.003269946759], [9,32,0.703423856313], [11,32,-0.705859764313], [20,32,0.707232002285], [23,32,-0.006034429057], [25,32,0.707157355256], [28,32,0.704512048926], [31,32,-0.713536766056], [32,32,2.000000000000], [33,32,0.705576398741], [40,32,-0.709750501189], [42,32,-0.706940990698], [46,32,-0.999996792400], [8,33,-0.706322872769], [11,33,-0.999999920018], [20,33,-0.001984845914], [25,33,-0.002090425662], [31,33,-0.006973215951], [32,33,0.705576398741], [33,33,2.000000000000], [48,33,0.999976393201], [51,33,0.709382263153], [71,33,-0.003032550373], [72,33,-0.004189543542], [12,34,0.002389992479], [13,34,0.709253205527], [26,34,0.709242119562], [29,34,0.001709999297], [31,34,0.712434465368], [34,34,2.000000000000], [43,34,-0.706156935479], [47,34,-0.999996922219], [48,34,-0.701811345638], [49,34,0.002622976113], [50,34,-0.707436288458], [15,35,0.999980870634], [35,35,2.000000000000], [36,36,2.000000000000], [56,36,0.999999850716], [61,36,0.709901822553], [78,36,0.008790219022], [79,36,0.000876180751], [17,37,-0.702888957310], [37,37,2.000000000000], [38,37,0.706267119586], [55,37,0.708115274099], [59,37,0.712978669171], [65,37,-0.705267972283], [66,37,0.008845202175], [67,37,-0.700650320091], [17,38,-0.999988668855], [37,38,0.706267119586], [38,38,2.000000000000], [57,38,0.705697697347], [62,38,0.999995452423], [66,38,0.701670676923], [78,38,-0.008396931209], [80,38,-0.710500388100], [7,39,-0.008989211783], [18,39,-0.701018883202], [21,39,0.708427474012], [22,39,-0.008791372844], [27,39,-0.715882409048], [39,39,2.000000000000], [40,39,0.999991782196], [41,39,0.701769649868], [42,39,-0.999967724921], [43,39,-0.999971346079], [44,39,-0.000430375012], [45,39,-0.702894442256], [9,40,0.001449162352], [18,40,-0.703904257925], [21,40,0.705560351067], [23,40,0.708723252555], [28,40,-0.000083003298], [32,40,-0.709750501189], [39,40,0.999991782196], [40,40,2.000000000000], [41,40,0.704652023346], [42,40,0.999992078837], [46,40,0.707963969854], [18,41,-0.999999445276], [21,41,-0.005650121633], [24,41,0.709480789946], [39,41,0.701769649868], [40,41,0.704652023346], [41,41,2.000000000000], [44,41,0.712705887474], [46,41,0.002252568035], [60,41,0.708811518464], [68,41,-0.701052014484], [69,41,-0.707193854502], [7,42,0.000954999806], [9,42,0.005429380840], [22,42,0.000757153121], [23,42,0.711525640522], [27,42,0.710249625371], [28,42,0.003897231492], [32,42,-0.706940990698], [39,42,-0.999967724921], [40,42,0.999992078837], [42,42,2.000000000000], [43,42,0.999999892296], [44,42,0.008464606841], [45,42,0.708586468990], [46,42,0.705147327353], [7,43,0.001419119952], [13,43,-0.001697743378], [22,43,0.001221273366], [27,43,0.710576266429], [29,43,0.706846789616], [34,43,-0.706156935479], [39,43,-0.999971346079], [42,43,0.999999892296], [43,43,2.000000000000], [44,43,0.008000502096], [45,43,0.708258898142], [47,43,0.707911474853], [48,43,-0.008803382403], [49,43,-0.709905149749], [50,43,-0.000876281682], [7,44,-0.999955634880], [22,44,-0.999957478940], [24,44,0.999989479732], [27,44,-0.697912702504], [39,44,-0.000430375012], [41,44,0.712705887474], [42,44,0.008464606841], [43,44,0.008000502096], [44,44,2.000000000000], [45,44,0.711596617089], [46,44,0.703066622892], [60,44,0.010363609569], [68,44,0.000576469195], [69,44,-0.999969370216], [7,45,-0.704946968783], [22,45,-0.705087279780], [27,45,0.006549332612], [30,45,0.704246690945], [39,45,-0.702894442256], [42,45,0.708586468990], [43,45,0.708258898142], [44,45,0.711596617089], [45,45,2.000000000000], [47,45,-0.002769323360], [65,45,0.704768642824], [68,45,0.702177923651], [70,45,-0.003296172609], [9,46,-0.705221855813], [23,46,0.003501633350], [24,46,0.706321140979], [28,46,-0.706307313043], [32,46,-0.999996792400], [40,46,0.707963969854], [41,46,0.002252568035], [42,46,0.705147327353], [44,46,0.703066622892], [46,46,2.000000000000], [60,46,-0.703799488289], [68,46,0.711529164309], [69,46,-0.708610905685], [13,47,-0.707502004848], [29,47,0.000771041094], [30,47,0.708002340311], [34,47,-0.999996922219], [43,47,0.707911474853], [45,47,-0.002769323360], [47,47,2.000000000000], [48,47,0.700041785768], [49,47,-0.005103998260], [50,47,0.705680569696], [65,47,-0.711386225507], [68,47,-0.713943346834], [70,47,-0.999981604878], [13,48,-0.999944862483], [29,48,-0.713561908959], [33,48,0.999976393201], [34,48,-0.701811345638], [43,48,-0.008803382403], [47,48,0.700041785768], [48,48,2.000000000000], [49,48,0.710519568632], [50,48,0.999968579801], [51,48,0.704522548488], [71,48,-0.009903621757], [72,48,-0.011060558905], [13,49,-0.703091042240], [29,49,-0.999990612660], [34,49,0.002622976113], [43,49,-0.709905149749], [47,49,-0.005103998260], [48,49,0.710519568632], [49,49,2.000000000000], [50,49,0.704919100491], [52,49,0.707733114357], [71,49,0.710679649414], [73,49,0.003497005280], [74,49,-0.704029089837], [13,50,-0.999996687197], [29,50,-0.707985802508], [34,50,-0.707436288458], [43,50,-0.000876281682], [47,50,0.705680569696], [48,50,0.999968579801], [49,50,0.704919100491], [50,50,2.000000000000], [73,50,0.706818271589], [91,50,0.004318743070], [92,50,-0.703870088698], [33,51,0.709382263153], [48,51,0.704522548488], [51,51,2.000000000000], [52,51,0.707321680872], [53,51,0.006083518958], [54,51,0.710404415180], [71,51,0.702669474639], [72,51,0.701845779463], [49,52,0.707733114357], [51,52,0.707321680872], [52,52,2.000000000000], [53,52,0.711181740153], [54,52,0.999990449201], [71,52,0.005951777232], [73,52,-0.704000626499], [74,52,-0.999986327467], [51,53,0.006083518958], [52,53,0.711181740153], [53,53,2.000000000000], [54,53,0.708102431444], [72,53,0.708046054540], [75,53,0.004828695136], [76,53,-0.708995575439], [77,53,-0.707322878693], [51,54,0.710404415180], [52,54,0.999990449201], [53,54,0.708102431444], [54,54,2.000000000000], [75,54,0.702682284267], [93,54,0.000980828447], [94,54,-0.999996443189], [95,54,-0.709210770831], [96,54,-0.999999361018], [37,55,0.708115274099], [55,55,2.000000000000], [56,55,-0.000699229806], [57,55,0.708682752899], [58,55,0.000584581786], [59,55,0.999976114117], [65,55,-0.999991902345], [66,55,0.712332648442], [67,55,0.007662311284], [36,56,0.999999850716], [55,56,-0.000699229806], [56,56,2.000000000000], [57,56,0.705031584578], [58,56,0.999999175914], [61,56,0.710286556269], [78,56,0.009336610541], [79,56,0.001422594351], [38,57,0.705697697347], [55,57,0.708682752899], [56,57,0.705031584578], [57,57,2.000000000000], [58,57,0.705941451633], [62,57,0.703557744498], [66,57,-0.009649176089], [78,57,0.702562389119], [80,57,-0.002820106764], [55,58,0.000584581786], [56,58,0.999999175914], [57,58,0.705941451633], [58,58,2.000000000000], [80,58,0.710258207225], [99,58,0.002881790098], [100,58,0.001788463249], [101,58,-0.708187458113], [102,58,-0.999999477064], [37,59,0.712978669171], [55,59,0.999976114117], [59,59,2.000000000000], [60,59,0.999993371542], [61,59,-0.699486434499], [62,59,0.004136381971], [63,59,0.708564052685], [64,59,0.006941846496], [65,59,-0.999940201802], [66,59,0.707464732801], [67,59,0.000750660268], [24,60,0.005776762612], [41,60,0.708811518464], [44,60,0.010363609569], [46,60,-0.703799488289], [59,60,0.999993371542], [60,60,2.000000000000], [61,60,-0.702083822737], [62,60,0.000495386932], [63,60,0.705990097960], [64,60,0.003300889442], [68,60,-0.999940155905], [69,60,-0.002536923209], [36,61,0.709901822553], [56,61,0.710286556269], [59,61,-0.699486434499], [60,61,-0.702083822737], [61,61,2.000000000000], [62,61,0.711746419133], [63,61,0.008656418389], [64,61,0.709772929128], [78,61,0.710513629734], [79,61,0.704922379658], [38,62,0.999995452423], [57,62,0.703557744498], [59,62,0.004136381971], [60,62,0.000495386932], [61,62,0.711746419133], [62,62,2.000000000000], [63,62,0.708571355061], [64,62,0.999996064564], [66,62,0.703816257774], [78,62,-0.011412600731], [80,62,-0.712619375753], [59,63,0.708564052685], [60,63,0.705990097960], [61,63,0.008656418389], [62,63,0.708571355061], [63,63,2.000000000000], [64,63,0.710548240598], [67,63,0.705114410504], [79,63,0.703155777231], [81,63,-0.004048936664], [82,63,-0.999973275853], [83,63,-0.712117098441], [59,64,0.006941846496], [60,64,0.003300889442], [61,64,0.709772929128], [62,64,0.999996064564], [63,64,0.710548240598], [64,64,2.000000000000], [81,64,0.706519687248], [99,64,-0.003436192817], [103,64,-0.708318489485], [104,64,-0.999998077369], [30,65,-0.007337760369], [37,65,-0.705267972283], [45,65,0.704768642824], [47,65,-0.711386225507], [55,65,-0.999991902345], [59,65,-0.999940201802], [65,65,2.000000000000], [66,65,-0.715151325057], [67,65,-0.011686462536], [68,65,0.999993356255], [70,65,0.707110320599], [37,66,0.008845202175], [38,66,0.701670676923], [55,66,0.712332648442], [57,66,-0.009649176089], [59,66,0.707464732801], [62,66,0.703816257774], [65,66,-0.715151325057], [66,66,2.000000000000], [67,66,0.707279514821], [78,66,-0.718368172606], [80,66,-0.999922257586], [37,67,-0.700650320091], [55,67,0.007662311284], [59,67,0.000750660268], [63,67,0.705114410504], [65,67,-0.011686462536], [66,67,0.707279514821], [67,67,2.000000000000], [79,67,-0.008385652949], [81,67,-0.711942705007], [82,67,-0.699911536292], [83,67,-0.999950750722], [24,68,0.005163446635], [30,68,-0.010982808323], [41,68,-0.701052014484], [44,68,0.000576469195], [45,68,0.702177923651], [46,68,0.711529164309], [47,68,-0.713943346834], [60,68,-0.999940155905], [65,68,0.999993356255], [68,68,2.000000000000], [69,68,-0.008403239489], [70,68,0.709683151826], [24,69,-0.999994751630], [41,69,-0.707193854502], [44,69,-0.999969370216], [46,69,-0.708610905685], [60,69,-0.002536923209], [68,69,-0.008403239489], [69,69,2.000000000000], [82,69,0.704843302876], [86,69,0.999999773612], [89,69,0.707938470556], [109,69,-0.001434765872], [110,69,0.001852691943], [111,69,-0.704246633539], [112,69,-0.999997752774], [30,70,-0.712272811404], [45,70,-0.003296172609], [47,70,-0.999981604878], [65,70,0.707110320599], [68,70,0.709683151826], [70,70,2.000000000000], [84,70,0.704691215257], [85,70,-0.999993620597], [86,70,-0.710933125842], [87,70,-0.008661703920], [88,70,-0.709803847866], [33,71,-0.003032550373], [48,71,-0.009903621757], [49,71,0.710679649414], [51,71,0.702669474639], [52,71,0.005951777232], [71,71,2.000000000000], [72,71,0.999999330675], [73,71,0.705996716870], [74,71,-0.000722555409], [33,72,-0.004189543542], [48,72,-0.011060558905], [51,72,0.701845779463], [53,72,0.708046054540], [71,72,0.999999330675], [72,72,2.000000000000], [75,72,0.709576964406], [76,72,-0.004003944966], [77,72,-0.001634870929], [49,73,0.003497005280], [50,73,0.706818271589], [52,73,-0.704000626499], [71,73,0.705996716870], [73,73,2.000000000000], [74,73,0.707704798957], [91,73,0.710441142592], [92,73,0.004974872211], [49,74,-0.704029089837], [52,74,-0.999986327467], [71,74,-0.000722555409], [73,74,0.707704798957], [74,74,2.000000000000], [92,74,0.702978773426], [94,74,0.999993784183], [97,74,0.707427090027], [120,74,-0.006144118884], [53,75,0.004828695136], [54,75,0.702682284267], [72,75,0.709576964406], [75,75,2.000000000000], [76,75,0.701781183123], [77,75,0.703466929991], [93,75,0.712192633369], [94,75,-0.700782108314], [95,75,0.003257828316], [96,75,-0.701877501198], [53,76,-0.708995575439], [72,76,-0.004003944966], [75,76,0.701781183123], [76,76,2.000000000000], [77,76,0.999997193722], [91,76,-0.003448364109], [93,76,0.000284854859], [97,76,-0.705923998362], [98,76,-0.999988976591], [53,77,-0.707322878693], [72,77,-0.001634870929], [75,77,0.703466929991], [76,77,0.999997193722], [77,77,2.000000000000], [95,77,0.708432445727], [98,77,0.999997294109], [120,77,0.005899438730], [121,77,-0.705229913424], [122,77,-0.999997375149], [36,78,0.008790219022], [38,78,-0.008396931209], [56,78,0.009336610541], [57,78,0.702562389119], [61,78,0.710513629734], [62,78,-0.011412600731], [66,78,-0.718368172606], [78,78,2.000000000000], [79,78,0.999968683268], [80,78,0.709638022812], [36,79,0.000876180751], [56,79,0.001422594351], [61,79,0.704922379658], [63,79,0.703155777231], [67,79,-0.008385652949], [78,79,0.999968683268], [79,79,2.000000000000], [81,79,0.708182969435], [82,79,-0.708335216194], [83,79,-0.001538932719], [38,80,-0.710500388100], [57,80,-0.002820106764], [58,80,0.710258207225], [62,80,-0.712619375753], [66,80,-0.999922257586], [78,80,0.709638022812], [80,80,2.000000000000], [99,80,0.705985138934], [100,80,0.705210391774], [101,80,-0.005996222627], [102,80,-0.710977741653], [63,81,-0.004048936664], [64,81,0.706519687248], [67,81,-0.711942705007], [79,81,0.708182969435], [81,81,2.000000000000], [82,81,-0.003261896774], [83,81,0.704938270532], [99,81,-0.710116947924], [103,81,-0.000885153882], [104,81,-0.705130589599], [63,82,-0.999973275853], [67,82,-0.699911536292], [69,82,0.704843302876], [79,82,-0.708335216194], [81,82,-0.003261896774], [82,82,2.000000000000], [83,82,0.706965452711], [86,82,0.704365822932], [89,82,-0.002019059601], [109,82,-0.710373592076], [110,82,-0.708055962149], [111,82,-0.999999646542], [112,82,-0.706345576552], [63,83,-0.712117098441], [67,83,-0.999950750722], [79,83,-0.001538932719], [81,83,0.704938270532], [82,83,0.706965452711], [83,83,2.000000000000], [103,83,0.709892362882], [106,83,0.999985908542], [124,83,-0.000063667209], [130,83,-0.706586279793], [131,83,-0.999999713771], [70,84,0.704691215257], [84,84,2.000000000000], [85,84,-0.707221062514], [86,84,-0.002015696972], [87,84,0.703383680435], [88,84,-0.000411222058], [89,84,0.707224103956], [90,84,0.002159361471], [70,85,-0.999993620597], [84,85,-0.707221062514], [85,85,2.000000000000], [86,85,0.708416588471], [87,85,0.005089841405], [88,85,0.707283246509], [100,85,-0.708467115192], [105,85,0.704038497062], [106,85,-0.709572988379], [107,85,-0.004084199461], [108,85,-0.707971521326], [69,86,0.999999773612], [70,86,-0.710933125842], [82,86,0.704365822932], [84,86,-0.002015696972], [85,86,0.708416588471], [86,86,2.000000000000], [87,86,0.709391128874], [88,86,0.999998712828], [89,86,0.708413552170], [109,86,-0.000761880353], [110,86,0.002525576256], [111,86,-0.703768755133], [112,86,-0.999996099861], [70,87,-0.008661703920], [84,87,0.703383680435], [85,87,0.005089841405], [86,87,0.709391128874], [87,87,2.000000000000], [88,87,0.710521074269], [105,87,0.706569165532], [109,87,0.705355296435], [113,87,-0.700690467302], [114,87,-0.005142686074], [115,87,-0.712043103686], [116,87,-0.712672240326], [70,88,-0.709803847866], [84,88,-0.000411222058], [85,88,0.707283246509], [86,88,0.999998712828], [87,88,0.710521074269], [88,88,2.000000000000], [107,88,0.709813061603], [114,88,0.707320603507], [132,88,-0.999999706993], [133,88,-0.706694531833], [69,89,0.707938470556], [82,89,-0.002019059601], [84,89,0.707224103956], [86,89,0.708413552170], [89,89,2.000000000000], [90,89,0.708514943138], [109,89,0.705257659534], [110,89,0.707584492211], [111,89,0.002859839922], [112,89,-0.706439570595], [84,90,0.002159361471], [89,90,0.708514943138], [90,90,2.000000000000], [111,90,0.703666684204], [115,90,0.999992342350], [117,90,0.706653723060], [134,90,0.002371551524], [135,90,-0.710928252698], [50,91,0.004318743070], [73,91,0.710441142592], [76,91,-0.003448364109], [91,91,2.000000000000], [92,91,0.707282267014], [93,91,0.999993031521], [97,91,0.710717660630], [98,91,0.008143689152], [50,92,-0.703870088698], [73,92,0.004974872211], [74,92,0.702978773426], [91,92,0.707282267014], [92,92,2.000000000000], [94,92,0.705482024321], [97,92,-0.005367862057], [120,92,-0.715516590436], [54,93,0.000980828447], [75,93,0.712192633369], [76,93,0.000284854859], [91,93,0.999993031521], [93,93,2.000000000000], [94,93,0.001686308831], [95,93,0.704300559218], [96,93,0.000149642208], [97,93,0.708086474245], [98,93,0.004410539063], [54,94,-0.999996443189], [74,94,0.999993784183], [75,94,-0.700782108314], [92,94,0.705482024321], [93,94,0.001686308831], [94,94,2.000000000000], [95,94,0.711088569227], [96,94,0.999998819327], [97,94,0.704930672425], [120,94,-0.009669861019], [54,95,-0.709210770831], [75,95,0.003257828316], [77,95,0.708432445727], [93,95,0.704300559218], [94,95,0.711088569227], [95,95,2.000000000000], [96,95,0.710007295469], [98,95,0.706788660355], [120,95,0.709945698614], [121,95,0.000774246988], [122,95,-0.710047681190], [54,96,-0.999999361018], [75,96,-0.701877501198], [93,96,0.000149642208], [94,96,0.999998819327], [95,96,0.710007295469], [96,96,2.000000000000], [121,96,0.703644387966], [139,96,-0.710325272702], [140,96,-0.999999991818], [141,96,-0.706553006874], [74,97,0.707427090027], [76,97,-0.705923998362], [91,97,0.710717660630], [92,97,-0.005367862057], [93,97,0.708086474245], [94,97,0.704930672425], [97,97,2.000000000000], [98,97,0.709241903824], [120,97,0.702426470254], [76,98,-0.999988976591], [77,98,0.999997294109], [91,98,0.008143689152], [93,98,0.004410539063], [95,98,0.706788660355], [97,98,0.709241903824], [98,98,2.000000000000], [120,98,0.003573141129], [121,98,-0.706877317935], [122,98,-0.999989339147], [58,99,0.002881790098], [64,99,-0.003436192817], [80,99,0.705985138934], [81,99,-0.710116947924], [99,99,2.000000000000], [100,99,0.999999402315], [101,99,0.703980670847], [102,99,-0.003904463226], [103,99,-0.703454906614], [104,99,0.001475264852], [58,100,0.001788463249], [80,100,0.705210391774], [85,100,-0.708467115192], [99,100,0.999999402315], [100,100,2.000000000000], [101,100,0.704756753734], [102,100,-0.002811139560], [105,100,-0.999980434381], [106,100,0.005419485809], [107,100,-0.702844417937], [108,100,0.003149329093], [58,101,-0.708187458113], [80,101,-0.005996222627], [99,101,0.703980670847], [100,101,0.704756753734], [101,101,2.000000000000], [102,101,0.707465051481], [123,101,0.703639059830], [127,101,-0.001066305719], [128,101,-0.709538179244], [129,101,-0.999998771802], [58,102,-0.999999477064], [80,102,-0.710977741653], [99,102,-0.003904463226], [100,102,-0.002811139560], [101,102,0.707465051481], [102,102,2.000000000000], [125,102,0.999998556509], [127,102,0.707502301516], [143,102,0.001935793950], [144,102,0.000980537781], [64,103,-0.708318489485], [81,10