{
"N": {
"shape": [192, 149],
"data": [[3,0,0.002298359867], [4,0,-0.999997358767], [9,0,-0.002298359867], [10,0,0.999997358767], [3,1,-0.707488301744], [4,1,0.706725054668], [24,1,0.707488301744], [25,1,-0.706725054668], [3,2,-0.999998745627], [4,2,-0.001583901741], [27,2,0.999998745627], [28,2,0.001583901741], [3,3,-0.705573249026], [4,3,-0.708636994701], [30,3,0.705573249026], [31,3,0.708636994701], [6,4,-0.001831761700], [7,4,-0.999998322323], [9,4,0.001831761700], [10,4,0.999998322323], [6,5,-0.999998299068], [7,5,-0.001844413232], [30,5,0.999998299068], [31,5,0.001844413232], [6,6,-0.706044648794], [7,6,-0.708167320560], [33,6,0.706044648794], [34,6,0.708167320560], [9,7,-0.000436215997], [10,7,-0.999999904858], [15,7,0.000436215997], [16,7,0.999999904858], [9,8,-0.705833755554], [10,8,0.708377519067], [30,8,0.705833755554], [31,8,-0.708377519067], [9,9,-0.999999969372], [10,9,0.000247499299], [33,9,0.999999969372], [34,9,-0.000247499299], [9,10,-0.710156241125], [10,10,-0.704044113101], [36,10,0.710156241125], [37,10,0.704044113101], [9,11,-0.999999330174], [10,11,-0.001157433494], [57,11,0.999999330174], [58,11,0.001157433494], [12,12,-0.000884006421], [13,12,-0.999999609266], [15,12,0.000884006421], [16,12,0.999999609266], [12,13,0.001130701371], [13,13,-0.999999360757], [18,13,-0.001130701371], [19,13,0.999999360757], [12,14,-0.705280470338], [13,14,0.708928387187], [33,14,0.705280470338], [34,14,-0.708928387187], [12,15,-0.709240410420], [13,15,-0.704966694410], [39,15,0.709240410420], [40,15,0.704966694410], [15,16,-0.709555860043], [16,16,0.704649190363], [36,16,0.709555860043], [37,16,-0.704649190363], [15,17,-0.999999070584], [16,17,-0.001363389867], [39,17,0.999999070584], [40,17,0.001363389867], [15,18,-0.999999970685], [16,18,0.000242135461], [63,18,0.999999970685], [64,18,-0.000242135461], [18,19,-0.006541561824], [19,19,-0.999978603756], [21,19,0.006541561824], [22,19,0.999978603756], [18,20,-0.999999684483], [19,20,0.000794376044], [42,20,0.999999684483], [43,20,-0.000794376044], [21,21,-0.704998835233], [22,21,0.709208461823], [42,21,0.704998835233], [43,21,-0.709208461823], [21,22,-0.999998388441], [22,22,-0.001795303716], [69,22,0.999998388441], [70,22,0.001795303716], [24,23,0.003948141682], [25,23,-0.999992206058], [27,23,-0.003948141682], [28,23,0.999992206058], [27,24,-0.704264721200], [28,24,0.709937463776], [48,24,0.704264721200], [49,24,-0.709937463776], [30,25,-0.000348206312], [31,25,-0.999999939376], [33,25,0.000348206312], [34,25,0.999999939376], [30,26,-0.004074741513], [31,26,-0.999991698206], [36,26,0.004074741513], [37,26,0.999991698206], [30,27,-0.705058539383], [31,27,-0.709149107060], [57,27,0.705058539383], [58,27,0.709149107060], [33,28,-0.007814612893], [34,28,-0.999969465446], [36,28,0.007814612893], [37,28,0.999969465446], [33,29,-0.000785778606], [34,29,-0.999999691276], [39,29,0.000785778606], [40,29,0.999999691276], [33,30,-0.999996715055], [34,30,-0.002563177640], [57,30,0.999996715055], [58,30,0.002563177640], [36,31,0.006229444904], [37,31,-0.999980596820], [39,31,-0.006229444904], [40,31,0.999980596820], [36,32,-0.705250214984], [37,32,0.708958485572], [57,32,0.705250214984], [58,32,-0.708958485572], [36,33,-0.706249376307], [37,33,-0.707963147675], [63,33,0.706249376307], [64,33,0.707963147675], [36,34,-0.999999330420], [37,34,-0.001157220759], [84,34,0.999999330420], [85,34,0.001157220759], [42,35,-0.003210301934], [43,35,-0.999994846967], [45,35,0.003210301934], [46,35,0.999994846967], [42,36,-0.706194222318], [43,36,-0.708018163866], [69,36,0.706194222318], [70,36,0.708018163866], [45,37,-0.704788614631], [46,37,0.709417372699], [66,37,0.704788614631], [67,37,-0.709417372699], [45,38,-0.999990664973], [46,38,-0.004320875682], [69,38,0.999990664973], [70,38,0.004320875682], [45,39,-0.999999932110], [46,39,-0.000368484605], [93,39,0.999999932110], [94,39,0.000368484605], [48,40,-0.002247641061], [49,40,-0.999997474052], [54,40,0.002247641061], [55,40,0.999997474052], [48,41,-0.706611396858], [49,41,-0.707601818702], [75,41,0.706611396858], [76,41,0.707601818702], [51,42,0.001029972203], [52,42,-0.999999469578], [54,42,-0.001029972203], [55,42,0.999999469578], [51,43,0.003770633895], [52,43,-0.999992891135], [57,43,-0.003770633895], [58,43,0.999992891135], [51,44,-0.708531627334], [52,44,-0.705679058119], [78,44,0.708531627334], [79,44,0.705679058119], [54,45,-0.999995662152], [55,45,0.002945450151], [78,45,0.999995662152], [79,45,-0.002945450151], [54,46,-0.708963585656], [55,46,-0.705245088046], [81,46,0.708963585656], [82,46,0.705245088046], [57,47,-0.707820279543], [58,47,0.706392562155], [78,47,0.707820279543], [79,47,-0.706392562155], [60,48,0.002682371884], [61,48,-0.999996402434], [66,48,-0.002682371884], [67,48,0.999996402434], [60,49,-0.704659299268], [61,49,0.709545820899], [81,49,0.704659299268], [82,49,-0.709545820899], [60,50,-0.999999956968], [61,50,-0.000293367198], [84,50,0.999999956968], [85,50,0.000293367198], [60,51,-0.707835390625], [61,51,-0.706377420207], [87,51,0.707835390625], [88,51,0.706377420207], [60,52,-0.999999882504], [61,52,-0.000484760548], [108,52,0.999999882504], [109,52,0.000484760548], [63,53,0.001225116529], [64,53,-0.999999249544], [66,53,-0.001225116529], [67,53,0.999999249544], [63,54,-0.707349088097], [64,54,-0.706864391216], [90,54,0.707349088097], [91,54,0.706864391216], [66,55,-0.999999974226], [67,55,0.000227040245], [90,55,0.999999974226], [91,55,-0.000227040245], [72,56,-0.001598016343], [73,56,-0.999998723171], [75,56,0.001598016343], [76,56,0.999998723171], [75,57,-0.707126982754], [76,57,0.707086579042], [96,57,0.707126982754], [97,57,-0.707086579042], [78,58,-0.000014782016], [79,58,-0.999999999891], [81,58,0.000014782016], [82,58,0.999999999891], [78,59,0.001786046111], [79,59,-0.999998405018], [84,59,-0.001786046111], [85,59,0.999998405018], [81,60,-0.001003972086], [82,60,-0.999999496020], [87,60,0.001003972086], [88,60,0.999999496020], [84,61,-0.005617865080], [85,61,-0.999984219671], [87,61,0.005617865080], [88,61,0.999984219671], [84,62,-0.001421524617], [85,62,-0.999998989633], [90,62,0.001421524617], [91,62,0.999998989633], [87,63,-0.708694838497], [88,63,0.705515149297], [108,63,0.708694838497], [109,63,-0.705515149297], [87,64,-0.704959862538], [88,64,-0.709247201059], [114,64,0.704959862538], [115,64,0.709247201059], [87,65,-0.999999772014], [88,65,0.000675256924], [135,65,0.999999772014], [136,65,-0.000675256924], [96,66,0.002549102246], [97,66,-0.999996751034], [99,66,-0.002549102246], [100,66,0.999996751034], [96,67,-0.000547031418], [97,67,-0.999999850378], [102,67,0.000547031418], [103,67,0.999999850378], [96,68,-0.999992860480], [97,68,0.003778754987], [120,68,0.999992860480], [121,68,-0.003778754987], [96,69,-0.707680594540], [97,69,-0.706532501808], [123,69,0.707680594540], [124,69,0.706532501808], [99,70,-0.709293600537], [100,70,0.704913177801], [120,70,0.709293600537], [121,70,-0.704913177801], [99,71,-0.707434493752], [100,71,-0.706778916670], [126,71,0.707434493752], [127,71,0.706778916670], [99,72,-0.999998289968], [100,72,0.001849340962], [147,72,0.999998289968], [148,72,-0.001849340962], [102,73,0.003360735991], [103,73,-0.999994352711], [105,73,-0.003360735991], [106,73,0.999994352711], [102,74,-0.999994648224], [103,74,0.003271624028], [126,74,0.999994648224], [127,74,-0.003271624028], [102,75,-0.710376114667], [103,75,-0.703822261448], [129,75,0.710376114667], [130,75,0.703822261448], [102,76,-0.999997845422], [103,76,0.002075849696], [150,76,0.999997845422], [151,76,-0.002075849696], [105,77,-0.003891769680], [106,77,-0.999992427036], [111,77,0.003891769680], [112,77,0.999992427036], [105,78,-0.704952691784], [106,78,0.709254328394], [126,78,0.704952691784], [127,78,-0.709254328394], [105,79,-0.709953062050], [106,79,-0.704248996936], [132,79,0.709953062050], [133,79,0.704248996936], [105,80,-0.999997776654], [106,80,0.002108716787], [153,80,0.999997776654], [154,80,-0.002108716787], [108,81,0.000862197968], [109,81,-0.999999628307], [111,81,-0.000862197968], [112,81,0.999999628307], [108,82,0.003316757075], [109,82,-0.999994499546], [114,82,-0.003316757075], [115,82,0.999994499546], [108,83,-0.999988830963], [109,83,0.004726303891], [132,83,0.999988830963], [133,83,-0.004726303891], [108,84,-0.707191973838], [109,84,-0.707021578269], [135,84,0.707191973838], [136,84,0.707021578269], [108,85,-0.999999622150], [109,85,0.000869309910], [156,85,0.999999622150], [157,85,-0.000869309910], [111,86,0.005785495282], [112,86,-0.999983263882], [114,86,-0.005785495282], [115,86,0.999983263882], [111,87,-0.702432850136], [112,87,0.711750020057], [132,87,0.702432850136], [133,87,-0.711750020057], [111,88,-0.999980676417], [112,88,0.006216654519], [135,88,0.999980676417], [136,88,-0.006216654519], [111,89,-0.706624110617], [112,89,-0.707589122510], [138,89,0.706624110617], [139,89,0.707589122510], [111,90,-0.999999999186], [112,90,-0.000040343675], [159,90,0.999999999186], [160,90,0.000040343675], [114,91,-0.707195624347], [115,91,0.707017926862], [135,91,0.707195624347], [136,91,-0.707017926862], [114,92,-0.999998292102], [115,92,0.001848186463], [138,92,0.999998292102], [139,92,-0.001848186463], [114,93,-0.706497154375], [115,93,-0.707715882865], [141,93,0.706497154375], [142,93,0.707715882865], [117,94,-0.702371604878], [118,94,0.711810458382], [138,94,0.702371604878], [139,94,-0.711810458382], [117,95,-0.999995268173], [118,95,0.003076301508], [141,95,0.999995268173], [142,95,-0.003076301508], [117,96,-0.999994534084], [118,96,0.003306327547], [165,96,0.999994534084], [166,96,-0.003306327547], [120,97,0.003826698361], [121,97,-0.999992678163], [123,97,-0.003826698361], [124,97,0.999992678163], [123,98,-0.003013924543], [124,98,-0.999995458119], [129,98,0.003013924543], [130,98,0.999995458119], [123,99,-0.708818502899], [124,99,0.705390905774], [144,99,0.708818502899], [145,99,-0.705390905774], [123,100,-0.999983674334], [124,100,0.005714111139], [147,100,0.999983674334], [148,100,-0.005714111139], [123,101,-0.710682215030], [124,101,-0.703513176308], [150,101,0.710682215030], [151,101,0.703513176308], [123,102,-0.999999159406], [124,102,-0.001296606302], [171,102,0.999999159406], [172,102,0.001296606302], [126,103,-0.008824428805], [127,103,-0.999961063970], [129,103,0.008824428805], [130,103,0.999961063970], [126,104,-0.000190983299], [127,104,-0.999999981763], [132,104,0.000190983299], [133,104,0.999999981763], [126,105,-0.707239932050], [127,105,0.706973605246], [147,105,0.707239932050], [148,105,-0.706973605246], [126,106,-0.999999599337], [127,106,0.000895168442], [150,106,0.999999599337], [151,106,-0.000895168442], [126,107,-0.999995484938], [127,107,-0.003005013014], [174,107,0.999995484938], [175,107,0.003005013014], [129,108,0.008446148472], [130,108,-0.999964330652], [132,108,-0.008446148472], [133,108,0.999964330652], [129,109,-0.707184595418], [130,109,0.707028958391], [150,109,0.707184595418], [151,109,-0.707028958391], [129,110,-0.999997009720], [130,110,-0.002445516560], [153,110,0.999997009720], [154,110,0.002445516560], [129,111,-0.704942552176], [130,111,-0.709264406362], [156,111,0.704942552176], [157,111,0.709264406362], [129,112,-0.999992804971], [130,112,-0.003793416247], [177,112,0.999992804971], [178,112,0.003793416247], [135,113,0.003885574735], [136,113,-0.999992451126], [138,113,-0.003885574735], [139,113,0.999992451126], [135,114,-0.708620207873], [136,114,0.705590108345], [156,114,0.708620207873], [157,114,-0.705590108345], [135,115,-0.999980310136], [136,115,-0.006275296009], [159,115,0.999980310136], [160,115,0.006275296009], [135,116,-0.999992833607], [136,116,-0.003785859896], [183,116,0.999992833607], [184,116,0.003785859896], [138,117,-0.004819609721], [139,117,-0.999988385614], [141,117,0.004819609721], [142,117,0.999988385614], [138,118,-0.710644462484], [139,118,0.703551311520], [159,118,0.710644462484], [160,118,-0.703551311520], [141,119,-0.708170497799], [142,119,0.706041461989], [162,119,0.708170497799], [163,119,-0.706041461989], [141,120,-0.999993745115], [142,120,0.003536909767], [165,120,0.999993745115], [166,120,-0.003536909767], [141,121,-0.999999167937], [142,121,-0.001290009593], [189,121,0.999999167937], [190,121,0.001290009593], [144,122,-0.000167916160], [145,122,-0.999999985902], [150,122,0.000167916160], [151,122,0.999999985902], [144,123,-0.999993143672], [145,123,-0.003703054131], [168,123,0.999993143672], [169,123,0.003703054131], [144,124,-0.703353267995], [145,124,-0.710840474650], [171,124,0.703353267995], [172,124,0.710840474650], [147,125,-0.005943556001], [148,125,-0.999982336915], [150,125,0.005943556001], [151,125,0.999982336915], [147,126,-0.001218255334], [148,126,-0.999999257927], [153,126,0.001218255334], [154,126,0.999999257927], [147,127,-0.703750995893], [148,127,-0.710446715652], [174,127,0.703750995893], [175,127,0.710446715652], [150,128,-0.706831957281], [151,128,0.707381498320], [171,128,0.706831957281], [172,128,-0.707381498320], [150,129,-0.999975730152], [151,129,-0.006967001314], [174,129,0.999975730152], [175,129,0.006967001314], [153,130,-0.707552418704], [154,130,0.706660862639], [174,130,0.707552418704], [175,130,-0.706660862639], [153,131,-0.999986818201], [154,131,-0.005134532578], [177,131,0.999986818201], [178,131,0.005134532578], [156,132,-0.710241411998], [157,132,0.703958192426], [177,132,0.710241411998], [178,132,-0.703958192426], [156,133,-0.704291610858], [157,133,-0.709910787969], [183,133,0.704291610858], [184,133,0.709910787969], [159,134,-0.004768134213], [160,134,-0.999988632383], [162,134,0.004768134213], [163,134,0.999988632383], [159,135,0.000064777580], [160,135,-0.999999997902], [165,135,-0.000064777580], [166,135,0.999999997902], [159,136,-0.999999165821], [160,136,-0.001291649058], [183,136,0.999999165821], [184,136,0.001291649058], [162,137,0.004910345005], [163,137,-0.999987944183], [165,137,-0.004910345005], [166,137,0.999987944183], [162,138,-0.705248721503], [163,138,0.708959971238], [183,138,0.705248721503], [184,138,-0.708959971238], [162,139,-0.999999697820], [163,139,-0.000777405810], [186,139,0.999999697820], [187,139,0.000777405810], [162,140,-0.703846195784], [163,140,-0.710352400348], [189,140,0.703846195784], [190,140,0.710352400348], [165,141,-0.708883989570], [166,141,0.705325094784], [186,141,0.708883989570], [187,141,-0.705325094784], [165,142,-0.999981296798], [166,142,-0.006116048943], [189,142,0.999981296798], [190,142,0.006116048943], [171,143,-0.000538253559], [172,143,-0.999999855142], [174,143,0.000538253559], [175,143,0.999999855142], [171,144,-0.002747855461], [172,144,-0.999996224638], [177,144,0.002747855461], [178,144,0.999996224638], [177,145,0.003873752248], [178,145,-0.999992496994], [180,145,-0.003873752248], [181,145,0.999992496994], [177,146,0.003510675998], [178,146,-0.999993837558], [183,146,-0.003510675998], [184,146,0.999993837558], [183,147,-0.000411925738], [184,147,-0.999999915159], [189,147,0.000411925738], [190,147,0.999999915159], [186,148,0.002429450002], [187,148,-0.999997048882], [189,148,-0.002429450002], [190,148,0.999997048882], ]
},
"Q": {
"shape": [149, 149],
"data": [[0,0,2.000000000000], [1,0,-0.708349250762], [2,0,-0.000714459427], [3,0,0.707013461787], [4,0,0.999991471047], [7,0,-0.999996261044], [8,0,0.709997908054], [9,0,0.002545858442], [10,0,-0.702410058952], [11,0,0.001140927891], [0,1,-0.708349250762], [1,1,2.000000000000], [2,1,0.706368031246], [3,1,-0.001626699110], [23,1,0.709512810547], [0,2,-0.000714459427], [1,2,0.706368031246], [2,2,2.000000000000], [3,2,0.706694775343], [23,2,-0.002364247333], [24,2,-0.703139366605], [0,3,0.707013461787], [1,3,-0.001626699110], [2,3,0.706694775343], [3,3,2.000000000000], [5,3,0.706879068344], [8,3,-0.003965100047], [25,3,-0.708882636800], [26,3,-0.711506140351], [27,3,-0.999999736407], [0,4,0.999991471047], [4,4,2.000000000000], [5,4,0.003676168722], [6,4,0.709459438030], [7,4,-0.999999026225], [8,4,0.707083411399], [9,4,-0.001584262760], [10,4,-0.705343768945], [11,4,-0.002989192025], [3,5,0.706879068344], [4,5,0.003676168722], [5,5,2.000000000000], [6,5,0.707349601037], [8,5,0.704526014110], [25,5,-0.002192618840], [26,5,-0.005919132502], [27,5,-0.706365304123], [4,6,0.709459438030], [5,6,0.707349601037], [6,6,2.000000000000], [9,6,0.705869356254], [14,6,-0.004080414441], [25,6,0.708413126831], [28,6,-0.713663162602], [29,6,-0.708721896711], [30,6,-0.707857488118], [0,7,-0.999996261044], [4,7,-0.999999026225], [7,7,2.000000000000], [8,7,-0.708069555695], [9,7,0.000188716708], [10,7,0.704353827629], [11,7,0.001593649088], [12,7,0.999999899742], [16,7,0.704339603704], [17,7,-0.001799605329], [18,7,-0.000194080546], [0,8,0.709997908054], [3,8,-0.003965100047], [4,8,0.707083411399], [5,8,0.704526014110], [7,8,-0.708069555695], [8,8,2.000000000000], [9,8,0.706009056876], [10,8,0.002523224551], [11,8,0.705013382901], [25,8,0.708131700354], [26,8,0.705495548159], [27,8,0.004691168370], [0,9,0.002545858442], [4,9,-0.001584262760], [6,9,0.705869356254], [7,9,0.000188716708], [8,9,0.706009056876], [9,9,2.000000000000], [10,9,0.709981968950], [11,9,0.999999013082], [14,9,0.705455908016], [25,9,0.000100707018], [28,9,-0.007567120912], [29,9,-0.000538279360], [30,9,-0.999996050042], [0,10,-0.702410058952], [4,10,-0.705343768945], [7,10,0.704353827629], [8,10,0.002523224551], [9,10,0.709981968950], [10,10,2.000000000000], [11,10,0.710970649681], [16,10,0.007791408160], [26,10,0.706931971388], [28,10,0.709572211546], [31,10,-0.699606573228], [32,10,-0.001699793526], [33,10,-0.999984688788], [34,10,-0.710970500081], [0,11,0.001140927891], [4,11,-0.002989192025], [7,11,0.001593649088], [8,11,0.705013382901], [9,11,0.999999013082], [10,11,0.710970649681], [11,11,2.000000000000], [27,11,0.705878860045], [30,11,0.999999011938], [32,11,0.704429170292], [43,11,-0.002613206104], [47,11,-0.707002203015], [7,12,0.999999899742], [12,12,2.000000000000], [13,12,0.999997970476], [14,12,-0.708304637721], [15,12,0.705593392032], [16,12,0.704021663097], [17,12,-0.002247394933], [18,12,-0.000641871028], [12,13,0.999997970476], [13,13,2.000000000000], [14,13,-0.709725395604], [15,13,0.704164304660], [19,13,-0.999970567973], [20,13,0.001925076551], [6,14,-0.004080414441], [9,14,0.705455908016], [12,14,-0.708304637721], [13,14,-0.709725395604], [14,14,2.000000000000], [15,14,0.000442508556], [25,14,-0.708682761097], [28,14,0.703395246519], [29,14,0.708373974019], [30,14,-0.703461044140], [12,15,0.705593392032], [13,15,0.704164304660], [14,15,0.000442508556], [15,15,2.000000000000], [17,15,0.710200895688], [29,15,0.705523782711], [31,15,0.700534841753], [7,16,0.704339603704], [10,16,0.007791408160], [12,16,0.704021663097], [16,16,2.000000000000], [17,16,0.708594489004], [18,16,0.709726459799], [26,16,-0.701752083792], [28,16,-0.699082769843], [31,16,0.709055657064], [32,16,-0.999981445698], [33,16,-0.002257724794], [34,16,-0.708739950267], [7,17,-0.001799605329], [12,17,-0.002247394933], [15,17,0.710200895688], [16,17,0.708594489004], [17,17,2.000000000000], [18,17,0.999998711144], [29,17,0.002149167322], [31,17,-0.004866075702], [7,18,-0.000194080546], [12,18,-0.000641871028], [16,18,0.709726459799], [17,18,0.999998711144], [18,18,2.000000000000], [33,18,0.706077932620], [53,18,0.001467251772], [54,18,-0.707177910425], [13,19,-0.999970567973], [19,19,2.000000000000], [20,19,0.005747200713], [21,19,0.704581493958], [22,19,-0.008336816585], [13,20,0.001925076551], [19,20,0.005747200713], [20,20,2.000000000000], [21,20,0.705561991006], [35,20,-0.002415928971], [36,20,-0.705631566834], [19,21,0.704581493958], [20,21,0.705561991006], [21,21,2.000000000000], [22,21,0.703724454498], [35,21,0.706941548124], [36,21,0.004266368756], [19,22,-0.008336816585], [21,22,0.703724454498], [22,22,2.000000000000], [36,22,0.707464191885], [38,22,0.999996810713], [1,23,0.709512810547], [2,23,-0.002364247333], [23,23,2.000000000000], [24,23,0.712712467465], [2,24,-0.703139366605], [23,24,0.712712467465], [24,24,2.000000000000], [40,24,0.708352736205], [41,24,0.004711562128], [3,25,-0.708882636800], [5,25,-0.002192618840], [6,25,0.708413126831], [8,25,0.708131700354], [9,25,0.000100707018], [14,25,-0.708682761097], [25,25,2.000000000000], [26,25,0.999993056434], [27,25,0.709394569902], [28,25,-0.999972125922], [29,25,-0.999999904265], [30,25,-0.002911382653], [3,26,-0.711506140351], [5,26,-0.005919132502], [8,26,0.705495548159], [10,26,0.706931971388], [16,26,-0.701752083792], [25,26,0.999993056434], [26,26,2.000000000000], [27,26,0.712016151149], [28,26,0.999993006434], [31,26,-0.999946911810], [32,26,0.706078887617], [33,26,-0.710835053963], [34,26,-0.005231949936], [3,27,-0.999999736407], [5,27,-0.706365304123], [8,27,0.004691168370], [11,27,0.705878860045], [25,27,0.709394569902], [26,27,0.712016151149], [27,27,2.000000000000], [30,27,0.706873898439], [32,27,-0.005514590510], [43,27,0.706485548187], [47,27,0.001882922246], [6,28,-0.713663162602], [9,28,-0.007567120912], [10,28,0.709572211546], [14,28,0.703395246519], [16,28,-0.699082769843], [25,28,-0.999972125922], [26,28,0.999993006434], [28,28,2.000000000000], [29,28,0.999975297287], [30,28,0.010377686597], [31,28,-0.999901382158], [32,28,0.703425580419], [33,28,-0.713460595818], [34,28,-0.008971793084], [6,29,-0.708721896711], [9,29,-0.000538279360], [14,29,0.708373974019], [15,29,0.705523782711], [17,29,0.002149167322], [25,29,-0.999999904265], [28,29,0.999975297287], [29,29,2.000000000000], [30,29,0.003348952874], [31,29,0.999975393137], [6,30,-0.707857488118], [9,30,-0.999996050042], [11,30,0.999999011938], [14,30,-0.703461044140], [25,30,-0.002911382653], [27,30,0.706873898439], [28,30,0.010377686597], [29,30,0.003348952874], [30,30,2.000000000000], [32,30,0.703430711738], [43,30,-0.001207462090], [47,30,-0.706007344772], [10,31,-0.699606573228], [15,31,0.700534841753], [16,31,0.709055657064], [17,31,-0.004866075702], [26,31,-0.999946911810], [28,31,-0.999901382158], [29,31,0.999975393137], [31,31,2.000000000000], [32,31,-0.713338046881], [33,31,0.703549869360], [34,31,-0.005072242428], [10,32,-0.001699793526], [11,32,0.704429170292], [16,32,-0.999981445698], [26,32,0.706078887617], [27,32,-0.005514590510], [28,32,0.703425580419], [30,32,0.703430711738], [31,32,-0.713338046881], [32,32,2.000000000000], [33,32,-0.003833956543], [34,32,0.704429321286], [43,32,-0.711612686047], [47,32,-0.999993405403], [10,33,-0.999984688788], [16,33,-0.002257724794], [18,33,0.706077932620], [26,33,-0.710835053963], [28,33,-0.713460595818], [31,33,0.703549869360], [32,33,-0.003833956543], [33,33,2.000000000000], [34,33,0.707068173067], [53,33,-0.707097378596], [54,33,-0.999998791684], [10,34,-0.710970500081], [16,34,-0.708739950267], [26,34,-0.005231949936], [28,34,-0.008971793084], [31,34,-0.005072242428], [32,34,0.704429321286], [33,34,0.707068173067], [34,34,2.000000000000], [50,34,0.999999626878], [59,34,-0.000628826002], [61,34,-0.006775063816], [62,34,-0.002578743254], [20,35,-0.002415928971], [21,35,0.706941548124], [35,35,2.000000000000], [36,35,0.710281612103], [37,35,0.707151132795], [38,35,-0.007531125382], [39,35,-0.003578784422], [20,36,-0.705631566834], [21,36,0.004266368756], [22,36,0.707464191885], [35,36,0.710281612103], [36,36,2.000000000000], [38,36,0.709246888443], [35,37,0.707151132795], [37,37,2.000000000000], [38,37,0.701716731136], [39,37,0.704527157402], [48,37,-0.711305325687], [53,37,-0.710280288494], [55,37,-0.704949662760], [22,38,0.999996810713], [35,38,-0.007531125382], [36,38,0.709246888443], [37,38,0.701716731136], [38,38,2.000000000000], [39,38,0.999992189259], [35,39,-0.003578784422], [37,39,0.704527157402], [38,39,0.999992189259], [39,39,2.000000000000], [24,40,0.708352736205], [40,40,2.000000000000], [41,40,0.709188240127], [42,40,0.999994628624], [45,40,0.000697811400], [46,40,-0.706836802300], [24,41,0.004711562128], [40,41,0.709188240127], [41,41,2.000000000000], [56,41,0.708730091776], [57,41,0.000671764271], [40,42,0.999994628624], [42,42,2.000000000000], [43,42,0.999996244365], [44,42,0.704948915931], [45,42,0.003975416323], [46,42,-0.704514501183], [11,43,-0.002613206104], [27,43,0.706485548187], [30,43,-0.001207462090], [32,43,-0.711612686047], [42,43,0.999996244365], [43,43,2.000000000000], [44,43,0.703002428172], [47,43,0.709056471643], [42,44,0.704948915931], [43,44,0.703002428172], [44,44,2.000000000000], [45,44,0.706450011343], [47,44,0.003026616600], [58,44,-0.705689531568], [59,44,-0.704412462417], [40,45,0.000697811400], [42,45,0.003975416323], [44,45,0.706450011343], [45,45,2.000000000000], [46,45,0.706883246029], [47,45,0.709897853205], [58,45,0.002930668199], [59,45,0.004731483816], [40,46,-0.706836802300], [42,46,-0.704514501183], [45,46,0.706883246029], [46,46,2.000000000000], [49,46,-0.000825921458], [58,46,0.705255567880], [60,46,-0.705956512267], [11,47,-0.707002203015], [27,47,0.001882922246], [30,47,-0.706007344772], [32,47,-0.999993405403], [43,47,0.709056471643], [44,47,0.003026616600], [45,47,0.709897853205], [47,47,2.000000000000], [58,47,0.706382099067], [59,47,0.707655635129], [37,48,-0.711305325687], [48,48,2.000000000000], [49,48,-0.711433426554], [50,48,-0.002389005627], [51,48,0.704476201217], [52,48,-0.002197612765], [53,48,0.999998938199], [55,48,0.002909411243], [46,49,-0.000825921458], [48,49,-0.711433426554], [49,49,2.000000000000], [50,49,0.704451111476], [51,49,-0.002424356130], [52,49,0.704315256652], [58,49,-0.709535404537], [60,49,0.708838005036], [34,50,0.999999626878], [48,50,-0.002389005627], [49,50,0.704451111476], [50,50,2.000000000000], [51,50,0.708042588130], [52,50,0.999999981684], [59,50,-0.001492679304], [61,50,-0.005911227407], [62,50,-0.001714891457], [48,51,0.704476201217], [49,51,-0.002424356130], [50,51,0.708042588130], [51,51,2.000000000000], [52,51,0.708177731363], [60,51,0.707087711180], [61,51,0.710342797063], [63,51,-0.003279316765], [64,51,-0.999991747848], [65,51,-0.707358243005], [48,52,-0.002197612765], [49,52,0.704315256652], [50,52,0.999999981684], [51,52,0.708177731363], [52,52,2.000000000000], [63,52,0.708352749318], [81,52,0.000377437499], [82,52,0.002831998804], [83,52,-0.999986422343], [84,52,-0.707534626914], [85,52,-0.999999083247], [18,53,0.001467251772], [33,53,-0.707097378596], [37,53,-0.710280288494], [48,53,0.999998938199], [53,53,2.000000000000], [54,53,0.705997275686], [55,53,0.001452156571], [18,54,-0.707177910425], [33,54,-0.999998791684], [53,54,0.705997275686], [54,54,2.000000000000], [55,54,0.707188583201], [62,54,0.707869191165], [37,55,-0.704949662760], [48,55,0.002909411243], [53,55,0.001452156571], [54,55,0.707188583201], [55,55,2.000000000000], [62,55,0.001194484565], [41,56,0.708730091776], [56,56,2.000000000000], [57,56,0.705955675739], [41,57,0.000671764271], [56,57,0.705955675739], [57,57,2.000000000000], [66,57,0.708886820722], [67,57,0.706699652571], [68,57,-0.709793841143], [69,57,-0.000840393885], [44,58,-0.705689531568], [45,58,0.002930668199], [46,58,0.705255567880], [47,58,0.706382099067], [49,58,-0.709535404537], [58,58,2.000000000000], [59,58,0.999998378508], [60,58,-0.999999510751], [34,59,-0.000628826002], [44,59,-0.704412462417], [45,59,0.004731483816], [47,59,0.707655635129], [50,59,-0.001492679304], [58,59,0.999998378508], [59,59,2.000000000000], [61,59,-0.999972590949], [62,59,-0.999994855745], [46,60,-0.705956512267], [49,60,0.708838005036], [51,60,0.707087711180], [58,60,-0.999999510751], [60,60,2.000000000000], [61,60,0.999989355879], [63,60,0.704803283896], [64,60,-0.709954603636], [65,60,-0.000328715273], [34,61,-0.006775063816], [50,61,-0.005911227407], [51,61,0.710342797063], [59,61,-0.999972590949], [60,61,0.999989355879], [61,61,2.000000000000], [62,61,0.999991195254], [63,61,0.701522664050], [64,61,-0.713196378300], [65,61,-0.004942617531], [34,62,-0.002578743254], [50,62,-0.001714891457], [54,62,0.707869191165], [55,62,0.001194484565], [59,62,-0.999994855745], [61,62,0.999991195254], [62,62,2.000000000000], [51,63,-0.003279316765], [52,63,0.708352749318], [60,63,0.704803283896], [61,63,0.701522664050], [63,63,2.000000000000], [64,63,-0.000783229015], [65,63,0.709171080914], [81,63,0.706125922312], [82,63,0.707861837263], [83,63,-0.712021402054], [84,63,-0.002368867337], [85,63,-0.709307882028], [51,64,-0.999991747848], [60,64,-0.709954603636], [61,64,-0.713196378300], [63,64,-0.000783229015], [64,64,2.000000000000], [65,64,0.704480777734], [82,64,0.706905119266], [86,64,0.705156789055], [91,64,0.002905955598], [92,64,-0.703647837463], [93,64,-0.999997645899], [51,65,-0.707358243005], [60,65,-0.000328715273], [61,65,-0.004942617531], [63,65,0.709171080914], [64,65,0.704480777734], [65,65,2.000000000000], [84,65,0.706714391392], [88,65,0.999984646274], [91,65,0.707672881867], [113,65,0.004560825676], [114,65,-0.709096500924], [115,65,-0.999975844718], [116,65,-0.999990049194], [57,66,0.708886820722], [66,66,2.000000000000], [67,66,0.999995206973], [68,66,-0.006327826756], [69,66,0.704726256115], [70,66,0.706718949472], [71,66,-0.704973297512], [72,66,0.004398432841], [57,67,0.706699652571], [66,67,0.999995206973], [67,67,2.000000000000], [68,67,-0.003231726909], [69,67,0.706919519614], [73,67,-0.999992364662], [74,67,0.002724595048], [75,67,-0.704210754194], [76,67,0.001528819147], [57,68,-0.709793841143], [66,68,-0.006327826756], [67,68,-0.003231726909], [68,68,2.000000000000], [69,68,0.705005728826], [70,68,0.711952230707], [97,68,0.007605398359], [57,69,-0.000840393885], [66,69,0.704726256115], [67,69,0.706919519614], [68,69,0.705005728826], [69,69,2.000000000000], [97,69,0.703819248521], [98,69,-0.708662188734], [99,69,-0.003235498144], [100,69,-0.703631835945], [101,69,-0.999990936974], [102,69,-0.708596094162], [66,70,0.706718949472], [68,70,0.711952230707], [70,70,2.000000000000], [71,70,0.003560987065], [72,70,0.710596012437], [97,70,0.707622269200], [66,71,-0.704973297512], [70,71,0.003560987065], [71,71,2.000000000000], [72,71,0.706126208815], [74,71,0.705118392835], [78,71,-0.002578155234], [103,71,-0.712994102829], [104,71,-0.706914011953], [105,71,-0.000651884461], [106,71,-0.706801524128], [107,71,-0.709555179485], [66,72,0.004398432841], [70,72,0.710596012437], [71,72,0.706126208815], [72,72,2.000000000000], [100,72,0.999992531669], [105,72,0.708546157894], [125,72,-0.004094237540], [126,72,0.000631086339], [127,72,-0.702435934243], [67,73,-0.999992364662], [73,73,2.000000000000], [74,73,-0.006632323557], [75,73,0.701430900184], [76,73,-0.005436566724], [77,73,-0.999973700579], [78,73,0.711619482913], [79,73,-0.701859055031], [80,73,0.005469433397], [67,74,0.002724595048], [71,74,0.705118392835], [73,74,-0.006632323557], [74,74,2.000000000000], [75,74,0.708069671072], [76,74,0.999999285057], [78,74,0.707269332538], [103,74,-0.005552884935], [104,74,0.003080641692], [105,74,-0.709549098894], [106,74,-0.999997176217], [107,74,-0.999980301913], [67,75,-0.704210754194], [73,75,0.701430900184], [74,75,0.708069671072], [75,75,2.000000000000], [76,75,0.708913554879], [98,75,0.705960084778], [103,75,0.710063520852], [108,75,-0.697797214431], [109,75,-0.004744324841], [110,75,-0.712095199440], [111,75,-0.999970429729], [112,75,-0.713040894292], [67,76,0.001528819147], [73,76,-0.005436566724], [74,76,0.999999285057], [75,76,0.708913554879], [76,76,2.000000000000], [101,76,0.709220296196], [106,76,0.999999302994], [109,76,0.708650757582], [122,76,-0.001907933869], [125,76,0.003867730164], [128,76,-0.708298852025], [129,76,-0.999959113178], [73,77,-0.999973700579], [77,77,2.000000000000], [78,77,-0.706505443725], [79,77,0.707006637485], [80,77,0.001783060210], [81,77,0.999988699870], [86,77,-0.999953175229], [87,77,0.709010923131], [88,77,0.002324912963], [89,77,-0.710333782252], [90,77,-0.003932113047], [71,78,-0.002578155234], [73,78,0.711619482913], [74,78,0.707269332538], [77,78,-0.706505443725], [78,78,2.000000000000], [79,78,0.000991672788], [80,78,0.706446740939], [103,78,0.703005908007], [104,78,0.709119681269], [105,78,-0.999994783417], [106,78,-0.705587311428], [107,78,-0.702818190392], [73,79,-0.701859055031], [77,79,0.707006637485], [78,79,0.000991672788], [79,79,2.000000000000], [80,79,0.708466421897], [83,79,0.706616637783], [87,79,-0.002554884856], [104,79,0.704384573271], [108,79,0.698227507864], [73,80,0.005469433397], [77,80,0.001783060210], [78,80,0.706446740939], [79,80,0.708466421897], [80,80,2.000000000000], [110,80,0.999989629479], [126,80,-0.000890462596], [130,80,-0.709040993194], [131,80,-0.999973767609], [52,81,0.000377437499], [63,81,0.706125922312], [77,81,0.999988699870], [81,81,2.000000000000], [82,81,0.999996987557], [83,81,-0.005588490472], [84,81,0.706411575992], [85,81,-0.001731507229], [86,81,-0.999987880438], [87,81,0.712355391680], [88,81,0.007078833515], [89,81,-0.706979609632], [90,81,0.000821854307], [52,82,0.002831998804], [63,82,0.707861837263], [64,82,0.706905119266], [81,82,0.999996987557], [82,82,2.000000000000], [83,82,-0.008042997925], [84,82,0.704672105347], [85,82,-0.004186060950], [86,82,0.999996952603], [91,82,0.709359634033], [92,82,0.005164927707], [93,82,-0.705368710671], [52,83,-0.999986422343], [63,83,-0.712021402054], [79,83,0.706616637783], [81,83,-0.005588490472], [82,83,-0.008042997925], [83,83,2.000000000000], [84,83,0.703842476349], [85,83,0.999992561740], [87,83,0.705788951527], [104,83,-0.004535322640], [108,83,-0.013172189444], [52,84,-0.707534626914], [63,84,-0.002368867337], [65,84,0.706714391392], [81,84,0.706411575992], [82,84,0.704672105347], [83,84,0.703842476349], [84,84,2.000000000000], [85,84,0.706577085762], [88,84,0.702782999466], [91,84,0.000246138957], [113,84,-0.704268393786], [114,84,-0.002263091494], [115,84,-0.711614819013], [116,84,-0.709863590461], [52,85,-0.999999083247], [63,85,-0.709307882028], [81,85,-0.001731507229], [82,85,-0.004186060950], [83,85,0.999992561740], [84,85,0.706577085762], [85,85,2.000000000000], [111,85,0.704325715236], [114,85,0.709233316594], [132,85,-0.710853101466], [133,85,-0.703674212259], [64,86,0.705156789055], [77,86,-0.999953175229], [81,86,-0.999987880438], [82,86,0.999996952603], [86,86,2.000000000000], [87,86,-0.715802030065], [88,86,-0.012001933962], [89,86,0.703489109757], [90,86,-0.005745152277], [91,86,0.711097571075], [92,86,0.007633640932], [93,86,-0.703616602495], [77,87,0.709010923131], [79,87,-0.002554884856], [81,87,0.712355391680], [83,87,0.705788951527], [86,87,-0.715802030065], [87,87,2.000000000000], [88,87,0.706843980594], [89,87,-0.007270584143], [90,87,0.702404134952], [104,87,-0.711615854133], [108,87,-0.717657484541], [65,88,0.999984646274], [77,88,0.002324912963], [81,88,0.007078833515], [84,88,0.702782999466], [86,88,-0.012001933962], [87,88,0.706843980594], [88,88,2.000000000000], [89,88,0.702211618991], [90,88,0.999980424800], [91,88,0.711577244983], [113,88,0.010102107242], [114,88,-0.712992924727], [115,88,-0.999921975586], [116,88,-0.999949974779], [77,89,-0.710333782252], [81,89,-0.706979609632], [86,89,0.703489109757], [87,89,-0.007270584143], [88,89,0.702211618991], [89,89,2.000000000000], [90,89,0.706652656788], [92,89,0.705315147138], [94,89,-0.007356627020], [113,89,0.704838140218], [117,89,-0.710986556729], [118,89,-0.004333256109], [77,90,-0.003932113047], [81,90,0.000821854307], [86,90,-0.005745152277], [87,90,0.702404134952], [88,90,0.999980424800], [89,90,0.706652656788], [90,90,2.000000000000], [115,90,0.999980562491], [118,90,0.710616078060], [134,90,-0.004808477426], [135,90,0.000024433905], [136,90,-0.999999217117], [64,91,0.002905955598], [65,91,0.707672881867], [82,91,0.709359634033], [84,91,0.000246138957], [86,91,0.711097571075], [88,91,0.711577244983], [91,91,2.000000000000], [92,91,0.708501117490], [93,91,-0.000736120123], [113,91,0.709760451123], [114,91,-0.999997965948], [115,91,-0.702744952987], [116,91,-0.704513885490], [64,92,-0.703647837463], [82,92,0.005164927707], [86,92,0.007633640932], [89,92,0.705315147138], [91,92,0.708501117490], [92,92,2.000000000000], [93,92,0.705187956836], [94,92,0.703685963751], [113,92,-0.005733740609], [117,92,-0.002971436493], [118,92,-0.711943542785], [64,93,-0.999997645899], [82,93,-0.705368710671], [86,93,-0.703616602495], [91,93,-0.000736120123], [92,93,0.705187956836], [93,93,2.000000000000], [95,93,0.704316663915], [117,93,0.711112703733], [119,93,-0.000643684896], [120,93,-0.703989608098], [121,93,-0.707409526803], [89,94,-0.007356627020], [92,94,0.703685963751], [94,94,2.000000000000], [95,94,0.704558024964], [96,94,0.704721244300], [113,94,-0.714534202377], [117,94,0.708417034125], [118,94,-0.999931673160], [93,95,0.704316663915], [94,95,0.704558024964], [95,95,2.000000000000], [96,95,0.999999973544], [117,95,0.001743321137], [119,95,-0.710339143273], [120,95,-0.999999893919], [121,95,-0.999990467656], [94,96,0.704721244300], [95,96,0.999999973544], [96,96,2.000000000000], [120,96,0.999999973416], [135,96,-0.003371104766], [137,96,-0.008216605852], [141,96,-0.711212150660], [142,96,-0.999955609323], [68,97,0.007605398359], [69,97,0.703819248521], [70,97,0.707622269200], [97,97,2.000000000000], [98,97,-0.999976602935], [99,97,0.708098175620], [100,97,0.009540705188], [101,97,-0.700788458833], [102,97,0.002530098336], [69,98,-0.708662188734], [75,98,0.705960084778], [97,98,-0.999976602935], [98,98,2.000000000000], [99,98,-0.703251376490], [100,98,-0.002700209847], [101,98,0.705651923606], [102,98,0.004310522422], [103,98,0.999983118429], [108,98,-0.999934332879], [109,98,0.704894346141], [110,98,-0.005459420983], [111,98,-0.711385828627], [112,98,-0.006807301875], [69,99,-0.003235498144], [97,99,0.708098175620], [98,99,-0.703251376490], [99,99,2.000000000000], [100,99,0.712837612996], [101,99,0.007492907034], [102,99,0.707903292776], [122,99,0.705271873748], [123,99,-0.706201542299], [124,99,0.002870595845], [69,100,-0.703631835945], [72,100,0.999992531669], [97,100,0.009540705188], [98,100,-0.002700209847], [99,100,0.712837612996], [100,100,2.000000000000], [101,100,0.706650660193], [102,100,0.999975424801], [105,100,0.711268111639], [125,100,-0.000229448758], [126,100,0.004495871453], [127,100,-0.699679935197], [69,101,-0.999990936974], [76,101,0.709220296196], [97,101,-0.700788458833], [98,101,0.705651923606], [99,101,0.007492907034], [100,101,0.706650660193], [101,101,2.000000000000], [102,101,0.711593797253], [106,101,0.710052167492], [109,101,0.005179326447], [122,101,0.703632501419], [125,101,0.707724729639], [128,101,-0.004680696310], [129,101,-0.715566344105], [69,102,-0.708596094162], [97,102,0.002530098336], [98,102,0.004310522422], [99,102,0.707903292776], [100,102,0.999975424801], [101,102,0.711593797253], [102,102,2.000000000000], [124,102,0.704274356999], [128,102,0.705914167814], [143,102,-0.001834859221], [144,102,-0.004044454558], [71,103,-0.712994102829], [74,103,-0.005552884935], [75,103,0.710063520852], [78,103,0.703005908007], [98,103,0.999983118429], [103,103,2.000000000000], [104,103,0.999962731052], [105,103,-0.700705090072], [106,103,0.007929291682], [107,103,0.011829284973], [108,103,-0.999850863575], [109,103,0.700760929376], [110,103,-0.011269823759], [111,103,-0.715457505785], [112,103,-0.012617633859], [71,104,-0.706914011953], [74,104,0.003080641692], [78,104,0.709119681269], [79,104,0.704384573271], [83,104,-0.004535322640], [87,104,-0.711615854133], [103,104,0.999962731052], [104,104,2.000000000000], [105,104,-0.706838521337], [106,104,-0.000704185203], [107,104,0.003195995396], [108,104,0.999962699342], [71,105,-0.000651884461], [72,105,0.708546157894], [74,105,-0.709549098894], [78,105,-0.999994783417], [100,105,0.711268111639], [103,105,-0.700705090072], [104,105,-0.706838521337], [105,105,2.000000000000], [106,105,0.707872509145], [107,105,0.705112273933], [125,105,0.702757597769], [126,105,0.706111481800], [127,105,0.004546269384], [71,106,-0.706801524128], [74,106,-0.999997176217], [76,106,0.999999302994], [78,106,-0.705587311428], [101,106,0.710052167492], [103,106,0.007929291682], [104,106,-0.000704185203], [105,106,0.707872509145], [106,106,2.000000000000], [107,106,0.999992394284], [109,