{
"N": {
"shape": [192, 155],
"data": [[0,0,-0.999989684438], [1,0,-0.004542137930], [24,0,0.999989684438], [25,0,0.004542137930], [0,1,-0.708361548531], [1,1,-0.705849783285], [27,1,0.708361548531], [28,1,0.705849783285], [0,2,-0.999999177292], [1,2,0.001282737676], [48,2,0.999999177292], [49,2,-0.001282737676], [3,3,-0.000673516551], [4,3,-0.999999773188], [6,3,0.000673516551], [7,3,0.999999773188], [3,4,-0.999999624833], [4,4,0.000866218711], [27,4,0.999999624833], [28,4,-0.000866218711], [3,5,-0.705102701973], [4,5,-0.709105196477], [30,5,0.705102701973], [31,5,0.709105196477], [3,6,-0.999998551689], [4,6,-0.001701946005], [51,6,0.999998551689], [52,6,0.001701946005], [6,7,-0.001365993355], [7,7,-0.999999067031], [12,7,0.001365993355], [13,7,0.999999067031], [6,8,-0.707343137222], [7,8,0.706870346121], [27,8,0.707343137222], [28,8,-0.706870346121], [6,9,-0.999997419391], [7,9,-0.002271829888], [30,9,0.999997419391], [31,9,0.002271829888], [6,10,-0.707125966336], [7,10,-0.707087595517], [33,10,0.707125966336], [34,10,0.707087595517], [6,11,-0.999999933812], [7,11,0.000363833755], [54,11,0.999999933812], [55,11,-0.000363833755], [9,12,-0.002079366764], [10,12,-0.999997838115], [12,12,0.002079366764], [13,12,0.999997838115], [9,13,0.001324262115], [10,13,-0.999999123165], [15,13,-0.001324262115], [16,13,0.999999123165], [9,14,-0.707921683895], [10,14,0.706290938262], [30,14,0.707921683895], [31,14,-0.706290938262], [9,15,-0.999998944615], [10,15,-0.001452848660], [33,15,0.999998944615], [34,15,0.001452848660], [9,16,-0.704476826140], [10,16,-0.709726990773], [36,16,0.704476826140], [37,16,0.709726990773], [12,17,0.004705077344], [13,17,-0.999988931062], [15,17,-0.004705077344], [16,17,0.999988931062], [12,18,0.000507292102], [13,18,-0.999999871327], [18,18,-0.000507292102], [19,18,0.999999871327], [12,19,-0.706909876313], [13,19,0.707303631244], [33,19,0.706909876313], [34,19,-0.707303631244], [12,20,-0.999988732064], [13,20,-0.004747182940], [36,20,0.999988732064], [37,20,0.004747182940], [12,21,-0.706216024673], [13,21,-0.707996417008], [39,21,0.706216024673], [40,21,0.707996417008], [12,22,-0.999998702222], [13,22,-0.001611072406], [60,22,0.999998702222], [61,22,0.001611072406], [15,23,-0.003718070026], [16,23,-0.999993087954], [18,23,0.003718070026], [19,23,0.999993087954], [15,24,-0.001975906794], [16,24,-0.999998047894], [21,24,0.001975906794], [22,24,0.999998047894], [15,25,-0.706378655187], [16,25,0.707834158187], [36,25,0.706378655187], [37,25,-0.707834158187], [15,26,-0.999996298689], [16,26,0.002720773294], [39,26,0.999996298689], [40,26,-0.002720773294], [15,27,-0.708429645690], [16,27,-0.705781437208], [42,27,0.708429645690], [43,27,0.705781437208], [15,28,-0.999999778263], [16,28,-0.000665938938], [63,28,0.999999778263], [64,28,0.000665938938], [18,29,-0.706959436424], [19,29,0.707254095252], [39,29,0.706959436424], [40,29,-0.707254095252], [18,30,-0.999999800882], [19,30,-0.000631059300], [42,30,0.999999800882], [43,30,0.000631059300], [18,31,-0.703046895803], [19,31,-0.711143489249], [45,31,0.703046895803], [46,31,0.711143489249], [18,32,-0.999999644430], [19,32,0.000843290796], [66,32,0.999999644430], [67,32,-0.000843290796], [24,33,-0.999974798317], [25,33,0.007099488120], [48,33,0.999974798317], [49,33,-0.007099488120], [24,34,-0.706051373934], [25,34,-0.708160615515], [51,34,0.706051373934], [52,34,0.708160615515], [27,35,-0.703418416563], [28,35,0.710776006377], [48,35,0.703418416563], [49,35,-0.710776006377], [27,36,-0.999990747816], [28,36,-0.004301660423], [51,36,0.999990747816], [52,36,0.004301660423], [30,37,-0.000826807289], [31,37,-0.999999658195], [33,37,0.000826807289], [34,37,0.999999658195], [30,38,0.000975650463], [31,38,-0.999999524053], [36,38,-0.000975650463], [37,38,0.999999524053], [30,39,-0.999995534871], [31,39,0.002988350404], [54,39,0.999995534871], [55,39,-0.002988350404], [33,40,0.002769339781], [34,40,-0.999996165371], [36,40,-0.002769339781], [37,40,0.999996165371], [33,41,-0.001738240154], [34,41,-0.999998489259], [39,41,0.001738240154], [40,41,0.999998489259], [33,42,-0.707783037529], [34,42,0.706429877473], [54,42,0.707783037529], [55,42,-0.706429877473], [33,43,-0.709314682169], [34,43,-0.704891964530], [60,43,0.709314682169], [61,43,0.704891964530], [33,44,-0.999999160561], [34,44,-0.001295715218], [81,44,0.999999160561], [82,44,0.001295715218], [36,45,-0.006263753247], [37,45,-0.999980382505], [39,45,0.006263753247], [40,45,0.999980382505], [36,46,-0.002300514642], [37,46,-0.999997353813], [42,46,0.002300514642], [43,46,0.999997353813], [36,47,-0.999998909836], [37,47,0.001476593112], [60,47,0.999998909836], [61,47,-0.001476593112], [36,48,-0.708031822867], [37,48,-0.706180527774], [63,48,0.708031822867], [64,48,0.706180527774], [39,49,0.001645979349], [40,49,-0.999998645375], [42,49,-0.001645979349], [43,49,0.999998645375], [39,50,0.003301454781], [40,50,-0.999994550183], [45,50,-0.003301454781], [46,50,0.999994550183], [39,51,-0.999991698698], [40,51,-0.004074620776], [63,51,0.999991698698], [64,51,0.004074620776], [39,52,-0.708107493917], [40,52,-0.706104650217], [66,52,0.708107493917], [67,52,0.706104650217], [39,53,-0.999998228073], [40,53,-0.001882511829], [87,53,0.999998228073], [88,53,0.001882511829], [42,54,-0.707778831463], [43,54,0.706434091571], [63,54,0.707778831463], [64,54,-0.706434091571], [42,55,-0.999997330798], [43,55,0.002310497189], [66,55,0.999997330798], [67,55,-0.002310497189], [45,56,-0.707694118403], [46,56,0.706518955710], [66,56,0.707694118403], [67,56,-0.706518955710], [45,57,-0.999999148394], [46,57,0.001305071475], [69,57,0.999999148394], [70,57,-0.001305071475], [45,58,-0.999999584840], [46,58,0.000911218879], [93,58,0.999999584840], [94,58,-0.000911218879], [48,59,0.001790110337], [49,59,-0.999998397751], [51,59,-0.001790110337], [52,59,0.999998397751], [48,60,-0.705456843156], [49,60,-0.708752878261], [75,60,0.705456843156], [76,60,0.708752878261], [48,61,-0.999990432070], [49,61,-0.004374444926], [96,61,0.999990432070], [97,61,0.004374444926], [54,62,0.000733162082], [55,62,-0.999999731237], [57,62,-0.000733162082], [58,62,0.999999731237], [54,63,-0.002370907826], [55,63,-0.999997189394], [60,63,0.002370907826], [61,63,0.999997189394], [57,64,-0.005461277451], [58,64,-0.999985087113], [60,64,0.005461277451], [61,64,0.999985087113], [57,65,-0.000306354986], [58,65,-0.999999953073], [63,65,0.000306354986], [64,65,0.999999953073], [57,66,-0.708836082323], [58,66,0.705373240488], [78,66,0.708836082323], [79,66,-0.705373240488], [57,67,-0.999989435996], [58,67,-0.004596509079], [81,67,0.999989435996], [82,67,0.004596509079], [57,68,-0.708420575220], [58,68,-0.705790541595], [84,68,0.708420575220], [85,68,0.705790541595], [57,69,-0.999993872606], [58,69,-0.003500678480], [105,69,0.999993872606], [106,69,0.003500678480], [60,70,-0.706679609021], [61,70,0.707533695448], [81,70,0.706679609021], [82,70,-0.707533695448], [63,71,-0.707840945586], [64,71,0.706371853737], [84,71,0.707840945586], [85,71,-0.706371853737], [66,72,0.000859446288], [67,72,-0.999999630676], [69,72,-0.000859446288], [70,72,0.999999630676], [66,73,-0.703532748571], [67,73,-0.710662839670], [93,73,0.703532748571], [94,73,0.710662839670], [69,74,-0.999999868581], [70,74,0.000512676934], [93,74,0.999999868581], [94,74,-0.000512676934], [69,75,-0.999999779095], [70,75,0.000664687627], [117,75,0.999999779095], [118,75,-0.000664687627], [72,76,-0.999961245063], [73,76,-0.008803883969], [96,76,0.999961245063], [97,76,0.008803883969], [72,77,-0.999998305764], [73,77,-0.001840779566], [120,77,0.999998305764], [121,77,0.001840779566], [75,78,-0.707104744593], [76,78,0.707108817774], [96,78,0.707104744593], [97,78,-0.707108817774], [78,79,-0.999987898316], [79,79,0.004919676930], [102,79,0.999987898316], [103,79,-0.004919676930], [78,80,-0.706322956675], [79,80,-0.707889737794], [105,80,0.706322956675], [106,80,0.707889737794], [78,81,-0.999998552258], [79,81,-0.001701611304], [126,81,0.999998552258], [127,81,0.001701611304], [81,82,-0.000100353094], [82,82,-0.999999994965], [87,82,0.000100353094], [88,82,0.999999994965], [84,83,0.003863883194], [85,83,-0.999992535175], [87,83,-0.003863883194], [88,83,0.999992535175], [84,84,0.000704288762], [85,84,-0.999999751989], [90,84,-0.000704288762], [91,84,0.999999751989], [84,85,-0.707404554072], [85,85,-0.706808882852], [111,85,0.707404554072], [112,85,0.706808882852], [90,86,-0.705919315377], [91,86,0.708292256189], [111,86,0.705919315377], [112,86,-0.708292256189], [90,87,-0.999996091462], [91,87,0.002795900811], [114,87,0.999996091462], [115,87,-0.002795900811], [90,88,-0.707955008364], [91,88,-0.706257535275], [117,88,0.707955008364], [118,88,0.706257535275], [90,89,-0.999998760811], [91,89,0.001574286137], [138,89,0.999998760811], [139,89,-0.001574286137], [93,90,-0.999999667438], [94,90,0.000815550705], [117,90,0.999999667438], [118,90,-0.000815550705], [99,91,-0.004165719088], [100,91,-0.999991323355], [102,91,0.004165719088], [103,91,0.999991323355], [99,92,-0.999997980793], [100,92,0.002009579614], [123,92,0.999997980793], [124,92,-0.002009579614], [99,93,-0.704337762602], [100,93,-0.709864998555], [126,93,0.704337762602], [127,93,0.709864998555], [99,94,-0.999999851763], [100,94,0.000544493349], [147,94,0.999999851763], [148,94,-0.000544493349], [102,95,0.001662245655], [103,95,-0.999998618469], [105,95,-0.001662245655], [106,95,0.999998618469], [102,96,-0.999964750031], [103,96,-0.008396350123], [126,96,0.999964750031], [127,96,0.008396350123], [105,97,-0.000738971560], [106,97,-0.999999726960], [111,97,0.000738971560], [112,97,0.999999726960], [105,98,-0.704793393600], [106,98,0.709412624879], [126,98,0.704793393600], [127,98,-0.709412624879], [105,99,-0.707345947083], [106,99,-0.706867534369], [132,99,0.707345947083], [133,99,0.706867534369], [108,100,-0.003360623906], [109,100,-0.999994353088], [111,100,0.003360623906], [112,100,0.999994353088], [108,101,-0.000666038975], [109,101,-0.999999778196], [114,101,0.000666038975], [115,101,0.999999778196], [108,102,-0.999983125723], [109,102,-0.005809326056], [132,102,0.999983125723], [133,102,0.005809326056], [108,103,-0.708379400397], [109,103,-0.705831867440], [135,103,0.708379400397], [136,103,0.705831867440], [108,104,-0.999993835749], [109,104,-0.003511191375], [156,104,0.999993835749], [157,104,0.003511191375], [111,105,0.002025775420], [112,105,-0.999997948115], [114,105,-0.002025775420], [115,105,0.999997948115], [111,106,0.001316295781], [112,106,-0.999999133682], [117,106,-0.001316295781], [118,106,0.999999133682], [111,107,-0.999999506245], [112,107,0.000993735412], [135,107,0.999999506245], [136,107,-0.000993735412], [111,108,-0.704636101269], [112,108,-0.709568858384], [138,108,0.704636101269], [139,108,0.709568858384], [111,109,-0.999999953811], [112,109,0.000303937996], [159,109,0.999999953811], [160,109,-0.000303937996], [114,110,0.000604821159], [115,110,-0.999999817096], [117,110,-0.000604821159], [118,110,0.999999817096], [114,111,-0.706842812165], [115,111,0.707370651703], [135,111,0.706842812165], [136,111,-0.707370651703], [114,112,-0.999999938967], [115,112,0.000349379979], [138,112,0.999999938967], [139,112,-0.000349379979], [114,113,-0.999999572110], [115,113,0.000925083585], [162,113,0.999999572110], [163,113,-0.000925083585], [117,114,-0.706320672357], [118,114,0.707892017049], [138,114,0.706320672357], [139,114,-0.707892017049], [120,115,-0.999993588807], [121,115,0.003580830141], [144,115,0.999993588807], [145,115,-0.003580830141], [120,116,-0.707430875015], [121,116,-0.706782538745], [147,116,0.707430875015], [148,116,0.706782538745], [120,117,-0.999999727973], [121,117,-0.000737600130], [168,117,0.999999727973], [169,117,0.000737600130], [123,118,0.002051726990], [124,118,-0.999997895206], [129,118,-0.002051726990], [130,118,0.999997895206], [123,119,-0.706579366408], [124,119,0.707633802872], [144,119,0.706579366408], [145,119,-0.707633802872], [123,120,-0.999999561511], [124,120,-0.000936470446], [147,120,0.999999561511], [148,120,0.000936470446], [126,121,-0.002789390139], [127,121,-0.999996109644], [129,121,0.002789390139], [130,121,0.999996109644], [126,122,-0.002430220864], [127,122,-0.999997047009], [132,122,0.002430220864], [133,122,0.999997047009], [129,123,-0.002073128141], [130,123,-0.999997851068], [132,123,0.002073128141], [133,123,0.999997851068], [129,124,-0.710007046014], [130,124,0.704194571557], [150,124,0.710007046014], [151,124,-0.704194571557], [129,125,-0.999999173123], [130,125,-0.001285983300], [153,125,0.999999173123], [154,125,0.001285983300], [129,126,-0.707492707237], [130,126,-0.706720644390], [156,126,0.707492707237], [157,126,0.706720644390], [129,127,-0.999999539020], [130,127,-0.000960187423], [177,127,0.999999539020], [178,127,0.000960187423], [135,128,-0.705743110385], [136,128,-0.708467827177], [162,128,0.705743110385], [163,128,0.708467827177], [135,129,-0.999995770539], [136,129,-0.002908419390], [183,129,0.999995770539], [184,129,0.002908419390], [138,130,-0.707519735397], [139,130,0.706693585668], [159,130,0.707519735397], [160,130,-0.706693585668], [138,131,-0.999998879071], [139,131,0.001497282818], [162,131,0.999998879071], [163,131,-0.001497282818], [141,132,-0.999997507874], [142,132,-0.002232542617], [189,132,0.999997507874], [190,132,0.002232542617], [144,133,0.007881798336], [145,133,-0.999968938145], [147,133,-0.007881798336], [148,133,0.999968938145], [147,134,-0.708883361844], [148,134,0.705325725676], [168,134,0.708883361844], [169,134,-0.705325725676], [150,135,0.007093488287], [151,135,-0.999974840895], [153,135,-0.007093488287], [154,135,0.999974840895], [150,136,0.000243632831], [151,136,-0.999999970322], [156,136,-0.000243632831], [157,136,0.999999970322], [150,137,-0.706761868192], [151,137,0.707451526021], [171,137,0.706761868192], [172,137,-0.707451526021], [150,138,-0.704925867858], [151,138,-0.709280988625], [177,138,0.704925867858], [178,138,0.709280988625], [153,139,-0.999999798418], [154,139,-0.000634951225], [177,139,0.999999798418], [178,139,0.000634951225], [156,140,-0.707042731443], [157,140,-0.707170825129], [183,140,0.707042731443], [184,140,0.707170825129], [159,141,0.000609237995], [160,141,-0.999999814415], [162,141,-0.000609237995], [163,141,0.999999814415], [159,142,0.001240618293], [160,142,-0.999999230433], [165,142,-0.001240618293], [166,142,0.999999230433], [159,143,-0.999985293192], [160,143,-0.005423412150], [183,143,0.999985293192], [184,143,0.005423412150], [159,144,-0.706666193042], [160,144,-0.707547094978], [186,144,0.706666193042], [187,144,0.707547094978], [162,145,-0.999999197778], [163,145,-0.001266666439], [186,145,0.999999197778], [187,145,0.001266666439], [162,146,-0.704576013570], [163,146,-0.709628523315], [189,146,0.704576013570], [190,146,0.709628523315], [165,147,-0.707067997866], [166,147,0.707145562380], [186,147,0.707067997866], [187,147,-0.707145562380], [165,148,-0.999994425119], [166,148,0.003339121192], [189,148,0.999994425119], [190,148,-0.003339121192], [168,149,0.000833893474], [169,149,-0.999999652311], [174,149,-0.000833893474], [175,149,0.999999652311], [171,150,0.006004568829], [172,150,-0.999981972414], [174,150,-0.006004568829], [175,150,0.999981972414], [171,151,0.003119703094], [172,151,-0.999995133714], [177,151,-0.003119703094], [178,151,0.999995133714], [177,152,-0.002752441431], [178,152,-0.999996212026], [183,152,0.002752441431], [184,152,0.999996212026], [180,153,-0.003948445995], [181,153,-0.999992204857], [183,153,0.003948445995], [184,153,0.999992204857], [180,154,-0.002245483376], [181,154,-0.999997478899], [186,154,0.002245483376], [187,154,0.999997478899], ]
},
"Q": {
"shape": [155, 155],
"data": [[0,0,2.000000000000], [1,0,0.711560308457], [2,0,0.999983035367], [33,0,-0.999932236161], [34,0,-0.709260653809], [0,1,0.711560308457], [1,1,2.000000000000], [2,1,0.707455545645], [4,1,0.707749862487], [8,1,0.002110399406], [35,1,0.003426531244], [36,1,-0.711391320717], [0,2,0.999983035367], [1,2,0.707455545645], [2,2,2.000000000000], [33,2,0.999983082410], [35,2,0.704329577017], [59,2,0.003072844486], [60,2,-0.704547118751], [61,2,-0.999983998104], [3,3,2.000000000000], [4,3,-0.000192702217], [5,3,0.709579933983], [6,3,0.002375461194], [7,3,-0.999999760238], [8,3,0.706393778484], [9,3,-0.002945344186], [10,3,-0.707563696183], [11,3,-0.000309682834], [1,4,0.707749862487], [3,4,-0.000192702217], [4,4,2.000000000000], [5,4,0.704488197252], [6,4,0.999996702264], [8,4,0.707955176170], [35,4,-0.704033840139], [36,4,-0.999986646473], [3,5,0.709579933983], [4,5,0.704488197252], [5,5,2.000000000000], [6,5,0.706308539521], [9,5,0.706711848758], [14,5,-0.001677082446], [37,5,-0.709687938155], [38,5,-0.708416925203], [39,5,-0.702980498798], [3,6,0.002375461194], [4,6,0.999996702264], [5,6,0.706308539521], [6,6,2.000000000000], [34,6,0.707255602482], [36,6,0.999996620712], [59,6,-0.000088164467], [3,7,-0.999999760238], [7,7,2.000000000000], [8,7,-0.705903460607], [9,7,0.003637817598], [10,7,0.708052865197], [11,7,0.001002159849], [12,7,0.999999745548], [17,7,-0.999981570999], [18,7,-0.999998245400], [19,7,0.706337337158], [20,7,-0.006113156474], [21,7,-0.708960442865], [22,7,-0.002977062485], [1,8,0.002110399406], [3,8,0.706393778484], [4,8,0.707955176170], [7,8,-0.705903460607], [8,8,2.000000000000], [9,8,0.705735422667], [10,8,0.000361446059], [11,8,0.707600273697], [35,8,-0.999984671193], [36,8,-0.704295876561], [3,9,-0.002945344186], [5,9,0.706711848758], [7,9,0.003637817598], [8,9,0.705735422667], [9,9,2.000000000000], [10,9,0.708730524253], [11,9,0.999996526635], [14,9,0.706315284163], [37,9,-0.003098634267], [38,9,-0.001296180862], [39,9,-0.999986165250], [3,10,-0.707563696183], [7,10,0.708052865197], [8,10,0.000361446059], [9,10,0.708730524253], [10,10,2.000000000000], [11,10,0.706868657198], [15,10,0.708152511311], [19,10,-0.000251294517], [37,10,0.707672010734], [40,10,-0.705126612029], [41,10,-0.708315682039], [42,10,-0.000983960905], [43,10,-0.999995194364], [44,10,-0.708041556904], [3,11,-0.000309682834], [7,11,0.001002159849], [8,11,0.707600273697], [9,11,0.999996526635], [10,11,0.706868657198], [11,11,2.000000000000], [39,11,0.999996555947], [42,11,0.708040013717], [62,11,0.001096995691], [63,11,-0.002007074936], [7,12,0.999999745548], [12,12,2.000000000000], [13,12,0.999994207654], [14,12,-0.704817382521], [15,12,0.003532210088], [16,12,0.711190322122], [17,12,-0.999976985619], [18,12,-0.999996654596], [19,12,0.705832177233], [20,12,-0.006826516011], [21,12,-0.709463368530], [22,12,-0.003690432988], [12,13,0.999994207654], [13,13,2.000000000000], [14,13,-0.707227792827], [15,13,0.000128586668], [16,13,0.708793456487], [17,13,0.999994284992], [23,13,-0.999987287425], [24,13,-0.999994554442], [25,13,0.708768968025], [26,13,0.004045028122], [27,13,-0.704842671813], [28,13,0.000658323468], [5,14,-0.001677082446], [9,14,0.706315284163], [12,14,-0.704817382521], [13,14,-0.707227792827], [14,14,2.000000000000], [15,14,0.706894802922], [16,14,-0.002559321196], [37,14,0.705705382039], [38,14,0.706981286223], [39,14,-0.710029167744], [10,15,0.708152511311], [12,15,0.003532210088], [13,15,0.000128586668], [14,15,0.706894802922], [15,15,2.000000000000], [16,15,0.705507208553], [19,15,0.705881525118], [37,15,0.002279654580], [40,15,0.001316493770], [41,15,-0.003191084784], [42,15,-0.706755954845], [43,15,-0.710338034915], [44,15,-0.999999987655], [12,16,0.711190322122], [13,16,0.708793456487], [14,16,-0.002559321196], [15,16,0.705507208553], [16,16,2.000000000000], [20,16,0.707838092003], [25,16,-0.004741613997], [38,16,0.709039329839], [40,16,0.707773333533], [45,16,-0.714125736715], [46,16,-0.711345771956], [47,16,-0.703428080159], [48,16,-0.999987392299], [7,17,-0.999981570999], [12,17,-0.999976985619], [13,17,0.999994284992], [17,17,2.000000000000], [18,17,0.999991189240], [19,17,-0.710621867788], [20,17,0.000042106066], [21,17,0.704665779222], [22,17,-0.003094016665], [23,17,-0.999964525286], [24,17,-0.999977682184], [25,17,0.711149889421], [26,17,0.007425803107], [27,17,-0.702440408681], [28,17,0.004039144734], [7,18,-0.999998245400], [12,18,-0.999996654596], [17,18,0.999991189240], [18,18,2.000000000000], [19,18,-0.707662150031], [20,18,0.004239895944], [21,18,0.707638068096], [22,18,0.001103780755], [23,18,0.999991073134], [29,18,0.707612639186], [30,18,-0.000123767218], [31,18,-0.710786747607], [32,18,0.001350582609], [7,19,0.706337337158], [10,19,-0.000251294517], [12,19,0.705832177233], [15,19,0.705881525118], [17,19,-0.710621867788], [18,19,-0.707662150031], [19,19,2.000000000000], [20,19,0.703544211166], [21,19,-0.001537354006], [22,19,0.705769441538], [37,19,-0.706718911246], [40,19,0.709258592640], [41,19,0.706073783560], [42,19,-0.999999237072], [43,19,-0.002848908092], [44,19,-0.705992818826], [7,20,-0.006113156474], [12,20,-0.006826516011], [16,20,0.707838092003], [17,20,0.000042106066], [18,20,0.004239895944], [19,20,0.703544211166], [20,20,2.000000000000], [21,20,0.709569055588], [22,20,0.999995082356], [25,20,0.703010477517], [38,20,0.003771541211], [40,20,0.001977856160], [45,20,-0.011010772480], [46,20,-0.007047659098], [47,20,-0.999980632254], [48,20,-0.711376212964], [7,21,-0.708960442865], [12,21,-0.709463368530], [17,21,0.704665779222], [18,21,0.707638068096], [19,21,-0.001537354006], [20,21,0.709569055588], [21,21,2.000000000000], [22,21,0.707355741652], [26,21,0.704287113004], [29,21,-0.001467282556], [41,21,0.709222920460], [45,21,0.712406090810], [49,21,-0.706833040945], [50,21,-0.705661018286], [51,21,-0.709094979071], [52,21,-0.999996421781], [53,21,-0.707547584939], [7,22,-0.002977062485], [12,22,-0.003690432988], [17,22,-0.003094016665], [18,22,0.001103780755], [19,22,0.705769441538], [20,22,0.999995082356], [21,22,0.707355741652], [22,22,2.000000000000], [43,22,0.710449393629], [47,22,0.999995233161], [63,22,0.003981972626], [64,22,0.007072318744], [70,22,-0.705538803895], [13,23,-0.999987287425], [17,23,-0.999964525286], [18,23,0.999991073134], [23,23,2.000000000000], [24,23,0.999998482421], [25,23,-0.705202900299], [26,23,0.000997301776], [27,23,0.708410549845], [28,23,0.004384003536], [29,23,0.704620681989], [30,23,-0.004349124224], [31,23,-0.713752551383], [32,23,-0.002874783737], [13,24,-0.999994554442], [17,24,-0.999977682184], [23,24,0.999998482421], [24,24,2.000000000000], [25,24,-0.706437038036], [26,24,-0.000744868503], [27,24,0.707179850398], [28,24,0.002641843993], [13,25,0.708768968025], [16,25,-0.004741613997], [17,25,0.711149889421], [20,25,0.703010477517], [23,25,-0.705202900299], [24,25,-0.706437038036], [25,25,2.000000000000], [26,25,0.708301896935], [27,25,0.000843370947], [28,25,0.705907124229], [38,25,-0.708522999957], [40,25,-0.709787646416], [45,25,0.703395690659], [46,25,0.706207250686], [47,25,-0.707423068161], [48,25,-0.000279867462], [13,26,0.004045028122], [17,26,0.007425803107], [21,26,0.704287113004], [23,26,0.000997301776], [24,26,-0.000744868503], [25,26,0.708301896935], [26,26,2.000000000000], [27,26,0.706506752286], [28,26,0.999994265084], [29,26,0.708881097802], [41,26,-0.000982535464], [45,26,0.003543010144], [49,26,0.004366742866], [50,26,0.006022201028], [51,26,-0.999976911299], [52,26,-0.706183722316], [53,26,-0.999989404881], [13,27,-0.704842671813], [17,27,-0.702440408681], [23,27,0.708410549845], [24,27,0.707179850398], [25,27,0.000843370947], [26,27,0.706506752286], [27,27,2.000000000000], [28,27,0.708899495945], [30,27,0.708874894569], [46,27,0.707409322351], [49,27,0.704614420572], [54,27,-0.002823438359], [55,27,-0.706797048722], [13,28,0.000658323468], [17,28,0.004039144734], [23,28,0.004384003536], [24,28,0.002641843993], [25,28,0.705907124229], [26,28,0.999994265084], [27,28,0.708899495945], [28,28,2.000000000000], [48,28,0.708501938981], [51,28,0.999994190411], [54,28,0.707308232553], [65,28,0.000972293824], [71,28,-0.707370388110], [18,29,0.707612639186], [21,29,-0.001467282556], [23,29,0.704620681989], [26,29,0.708881097802], [29,29,2.000000000000], [30,29,0.706512976382], [31,29,-0.005933507847], [32,29,0.707555605920], [41,29,-0.706024161495], [45,29,-0.702812001233], [49,29,0.708416777821], [50,29,0.709584235458], [51,29,-0.704071775510], [52,29,-0.001207869284], [53,29,-0.705626769543], [18,30,-0.000123767218], [23,30,-0.004349124224], [27,30,0.708874894569], [29,30,0.706512976382], [30,30,2.000000000000], [31,30,0.703495529526], [32,30,0.999998913146], [46,30,0.002931571814], [49,30,-0.001014920577], [54,30,-0.707332888728], [55,30,-0.999995673620], [18,31,-0.710786747607], [23,31,-0.713752551383], [29,31,-0.005933507847], [30,31,0.703495529526], [31,31,2.000000000000], [32,31,0.702446945061], [50,31,0.708818536112], [56,31,0.004894202263], [57,31,-0.702118204002], [58,31,-0.702398596553], [18,32,0.001350582609], [23,32,-0.002874783737], [29,32,0.707555605920], [30,32,0.999998913146], [31,32,0.702446945061], [32,32,2.000000000000], [52,32,0.707511790583], [55,32,0.999998923650], [56,32,0.708289667701], [72,32,0.001702736467], [73,32,-0.702933202984], [0,33,-0.999932236161], [2,33,0.999983082410], [33,33,2.000000000000], [34,33,0.701006002373], [35,33,0.708446835048], [59,33,0.008889541969], [60,33,-0.700407281817], [61,33,-0.999934174308], [0,34,-0.709260653809], [6,34,0.707255602482], [33,34,0.701006002373], [34,34,2.000000000000], [36,34,0.709091107910], [59,34,0.706895571002], [1,35,0.003426531244], [2,35,0.704329577017], [4,35,-0.704033840139], [8,35,-0.999984671193], [33,35,0.708446835048], [35,35,2.000000000000], [36,35,0.700354391389], [59,35,0.712034064116], [60,35,0.007533204752], [61,35,-0.700302435810], [1,36,-0.711391320717], [4,36,-0.999986646473], [6,36,0.999996620712], [8,36,-0.704295876561], [34,36,0.709091107910], [35,36,0.700354391389], [36,36,2.000000000000], [59,36,0.002511559756], [5,37,-0.709687938155], [9,37,-0.003098634267], [10,37,0.707672010734], [14,37,0.705705382039], [15,37,0.002279654580], [19,37,-0.706718911246], [37,37,2.000000000000], [38,37,0.999998375573], [39,37,-0.002161545785], [40,37,-0.999993533857], [41,37,-0.999999584644], [42,37,0.705844435837], [43,37,-0.705478190144], [44,37,-0.002122521370], [5,38,-0.708416925203], [9,38,-0.001296180862], [14,38,0.706981286223], [16,38,0.709039329839], [20,38,0.003771541211], [25,38,-0.708522999957], [37,38,0.999998375573], [38,38,2.000000000000], [39,38,-0.003963995088], [40,38,0.999998391334], [45,38,-0.999973795334], [46,38,-0.999994633369], [47,38,0.002452241809], [48,38,-0.705489400094], [5,39,-0.702980498798], [9,39,-0.999986165250], [11,39,0.999996555947], [14,39,-0.710029167744], [37,39,-0.002161545785], [38,39,-0.003963995088], [39,39,2.000000000000], [42,39,0.709890937196], [62,39,0.003721508409], [63,39,0.000617444765], [10,40,-0.705126612029], [15,40,0.001316493770], [16,40,0.707773333533], [19,40,0.709258592640], [20,40,0.001977856160], [25,40,-0.709787646416], [37,40,-0.999993533857], [38,40,0.999998391334], [40,40,2.000000000000], [41,40,0.999989840859], [42,40,-0.708387260299], [43,40,0.702924928164], [44,40,-0.001473627207], [45,40,-0.999959201491], [46,40,-0.999987148287], [47,40,0.004245924212], [48,40,-0.704217039140], [10,41,-0.708315682039], [15,41,-0.003191084784], [19,41,0.706073783560], [21,41,0.709222920460], [26,41,-0.000982535464], [29,41,-0.706024161495], [37,41,-0.999999584644], [40,41,0.999989840859], [41,41,2.000000000000], [42,41,-0.705198513345], [43,41,0.706123858883], [44,41,0.003033951955], [45,41,0.999989759702], [49,41,-0.999994273529], [50,41,-0.999987300730], [51,41,-0.005812840345], [52,41,-0.707334444355], [53,41,-0.003620746058], [10,42,-0.000983960905], [11,42,0.708040013717], [15,42,-0.706755954845], [19,42,-0.999999237072], [37,42,0.705844435837], [39,42,0.709890937196], [40,42,-0.708387260299], [41,42,-0.705198513345], [42,42,2.000000000000], [43,42,0.004084156175], [44,42,0.706867111445], [62,42,0.706948607296], [63,42,0.704749803634], [10,43,-0.999995194364], [15,43,-0.710338034915], [19,43,-0.002848908092], [22,43,0.710449393629], [37,43,-0.705478190144], [40,43,0.702924928164], [41,43,0.706123858883], [42,43,0.004084156175], [43,43,2.000000000000], [44,43,0.710227425988], [47,43,0.708273070280], [63,43,0.706571703087], [64,43,0.708755216836], [70,43,-0.002523405713], [10,44,-0.708041556904], [15,44,-0.999999987655], [19,44,-0.705992818826], [37,44,-0.002122521370], [40,44,-0.001473627207], [41,44,0.003033951955], [42,44,0.706867111445], [43,44,0.710227425988], [44,44,2.000000000000], [67,44,0.999994552333], [70,44,0.705762253630], [82,44,-0.001396068221], [16,45,-0.714125736715], [20,45,-0.011010772480], [21,45,0.712406090810], [25,45,0.703395690659], [26,45,0.003543010144], [29,45,-0.702812001233], [38,45,-0.999973795334], [40,45,-0.999959201491], [41,45,0.999989759702], [45,45,2.000000000000], [46,45,0.999992146226], [47,45,0.004787182274], [48,45,0.710601610911], [49,45,-0.999968717898], [50,45,-0.999954253297], [51,45,-0.010338242093], [52,45,-0.710526208828], [53,45,-0.008146217047], [16,46,-0.711345771956], [20,46,-0.007047659098], [25,46,0.706207250686], [27,46,0.707409322351], [30,46,0.002931571814], [38,46,-0.999994633369], [40,46,-0.999987148287], [45,46,0.999992146226], [46,46,2.000000000000], [47,46,0.000823922929], [48,46,0.707807496663], [49,46,0.999992212592], [54,46,0.704803966649], [55,46,0.000009982573], [16,47,-0.703428080159], [20,47,-0.999980632254], [22,47,0.999995233161], [25,47,-0.707423068161], [38,47,0.002452241809], [40,47,0.004245924212], [43,47,0.708273070280], [45,47,0.004787182274], [46,47,0.000823922929], [47,47,2.000000000000], [48,47,0.706988309693], [63,47,0.000894316279], [64,47,0.003984700406], [70,47,-0.707723578005], [16,48,-0.999987392299], [20,48,-0.711376212964], [25,48,-0.000279867462], [28,48,0.708501938981], [38,48,-0.705489400094], [40,48,-0.704217039140], [45,48,0.710601610911], [46,48,0.707807496663], [47,48,0.706988309693], [48,48,2.000000000000], [51,48,0.710903363132], [54,48,0.002259936605], [65,48,0.706397403714], [71,48,-0.002347866527], [21,49,-0.706833040945], [26,49,0.004366742866], [27,49,0.704614420572], [29,49,0.708416777821], [30,49,-0.001014920577], [41,49,-0.999994273529], [45,49,-0.999968717898], [46,49,0.999992212592], [49,49,2.000000000000], [50,49,0.999998629692], [51,49,0.002428649571], [52,49,0.704938163398], [53,49,0.000236532846], [54,49,0.707598123958], [55,49,0.003956469015], [21,50,-0.705661018286], [26,50,0.006022201028], [29,50,0.709584235458], [31,50,0.708818536112], [41,50,-0.999987300730], [45,50,-0.999954253297], [49,50,0.999998629692], [50,50,2.000000000000], [51,50,0.000773171196], [52,50,0.703763017205], [53,50,-0.001418947362], [56,50,0.708851525442], [57,50,0.004606516332], [58,50,0.004212667323], [21,51,-0.709094979071], [26,51,-0.999976911299], [28,51,0.999994190411], [29,51,-0.704071775510], [41,51,-0.005812840345], [45,51,-0.010338242093], [48,51,0.710903363132], [49,51,0.002428649571], [50,51,0.000773171196], [51,51,2.000000000000], [52,51,0.710978724381], [53,51,0.999997597308], [54,51,0.704894504950], [65,51,0.004380973028], [71,51,-0.704956872154], [21,52,-0.999996421781], [26,52,-0.706183722316], [29,52,-0.001207869284], [32,52,0.707511790583], [41,52,-0.707334444355], [45,52,-0.710526208828], [49,52,0.704938163398], [50,52,0.703763017205], [51,52,0.710978724381], [52,52,2.000000000000], [53,52,0.709435489559], [55,52,0.706474151026], [56,52,0.002247188549], [72,52,-0.705495809079], [73,52,-0.999979147307], [21,53,-0.707547584939], [26,53,-0.999989404881], [29,53,-0.705626769543], [41,53,-0.003620746058], [45,53,-0.008146217047], [49,53,0.000236532846], [50,53,-0.001418947362], [51,53,0.999997597308], [52,53,0.709435489559], [53,53,2.000000000000], [82,53,0.001982864735], [83,53,-0.001981378572], [27,54,-0.002823438359], [28,54,0.707308232553], [30,54,-0.707332888728], [46,54,0.704803966649], [48,54,0.002259936605], [49,54,0.707598123958], [51,54,0.704894504950], [54,54,2.000000000000], [55,54,0.709409156240], [65,54,-0.706217226846], [71,54,-0.999999996134], [27,55,-0.706797048722], [30,55,-0.999995673620], [32,55,0.999998923650], [46,55,0.000009982573], [49,55,0.003956469015], [52,55,0.706474151026], [54,55,0.709409156240], [55,55,2.000000000000], [56,55,0.709324639485], [72,55,0.003169940329], [73,55,-0.701888886207], [31,56,0.004894202263], [32,56,0.708289667701], [50,56,0.708851525442], [52,56,0.002247188549], [55,56,0.709324639485], [56,56,2.000000000000], [57,56,0.708615573462], [58,56,0.708337618008], [72,56,0.707126919859], [73,56,0.004210779078], [31,57,-0.702118204002], [50,57,0.004606516332], [56,57,0.708615573462], [57,57,2.000000000000], [58,57,0.999999922440], [72,57,-0.002164516549], [74,57,-0.999999686055], [75,57,-0.999999794954], [31,58,-0.702398596553], [50,58,0.004212667323], [56,58,0.708337618008], [57,58,0.999999922440], [58,58,2.000000000000], [73,58,0.702884887096], [74,58,0.999999920582], [90,58,-0.999999995424], [2,59,0.003072844486], [6,59,-0.000088164467], [33,59,0.008889541969], [34,59,0.706895571002], [35,59,0.712034064116], [36,59,0.002511559756], [59,59,2.000000000000], [60,59,0.707488897075], [61,59,0.002584344707], [2,60,-0.704547118751], [33,60,-0.700407281817], [35,60,0.007533204752], [59,60,0.707488897075], [60,60,2.000000000000], [61,60,0.708550493827], [78,60,0.002333528940], [2,61,-0.999983998104], [33,61,-0.999934174308], [35,61,-0.700302435810], [59,61,0.002584344707], [60,61,0.708550493827], [61,61,2.000000000000], [76,61,0.999990189609], [78,61,0.704004770484], [11,62,0.001096995691], [39,62,0.003721508409], [42,62,0.706948607296], [62,62,2.000000000000], [63,62,0.999995182372], [64,62,-0.999980814352], [65,62,-0.999999459702], [66,62,0.705892742648], [67,62,-0.003863353506], [68,62,-0.705270964800], [69,62,-0.002767519950], [11,63,-0.002007074936], [22,63,0.003981972626], [39,63,0.000617444765], [42,63,0.704749803634], [43,63,0.706571703087], [47,63,0.000894316279], [62,63,0.999995182372], [63,63,2.000000000000], [64,63,0.999995224735], [70,63,0.705856234634], [22,64,0.007072318744], [43,64,0.708755216836], [47,64,0.003984700406], [62,64,-0.999980814352], [63,64,0.999995224735], [64,64,2.000000000000], [65,64,0.999986713277], [66,64,-0.701491570824], [67,64,0.010057660290], [68,64,0.709648897534], [69,64,0.008961870263], [70,64,0.703663770664], [28,65,0.000972293824], [48,65,0.706397403714], [51,65,0.004380973028], [54,65,-0.706217226846], [62,65,-0.999999459702], [64,65,0.999986713277], [65,65,2.000000000000], [66,65,-0.705156051920], [67,65,0.004902860612], [68,65,0.706007536650], [69,65,0.003807031424], [71,65,0.706154969986], [62,66,0.705892742648], [64,66,-0.701491570824], [65,66,-0.705156051920], [66,66,2.000000000000], [67,66,0.705586339672], [68,66,0.004308303745], [69,66,0.706362454082], [79,66,-0.712297712671], [80,66,-0.001340719208], [81,66,-0.707634785032], [44,67,0.999994552333], [62,67,-0.003863353506], [64,67,0.010057660290], [65,67,0.004902860612], [66,67,0.705586339672], [67,67,2.000000000000], [68,67,0.711657264094], [69,67,0.999999399568], [70,67,0.703419958600], [82,67,-0.004696861089], [62,68,-0.705270964800], [64,68,0.709648897534], [65,68,0.706007536650], [66,68,0.004308303745], [67,68,0.711657264094], [68,68,2.000000000000], [69,68,0.710886980209], [71,68,0.002898516620], [83,68,-0.703048018637], [84,68,-0.705291433901], [85,68,-0.999998965341], [62,69,-0.002767519950], [64,69,0.008961870263], [65,69,0.003807031424], [66,69,0.706362454082], [67,69,0.999999399568], [68,69,0.710886980209], [69,69,2.000000000000], [80,69,0.708796723127], [95,69,0.001838438174], [97,69,-0.004239644557], [98,69,-0.702305649544], [99,69,-0.709816128862], [22,70,-0.705538803895], [43,70,-0.002523405713], [44,70,0.705762253630], [47,70,-0.707723578005], [63,70,0.705856234634], [64,70,0.703663770664], [67,70,0.703419958600], [70,70,2.000000000000], [82,70,0.707462774400], [28,71,-0.707370388110], [48,71,-0.002347866527], [51,71,-0.704956872154], [54,71,-0.999999996134], [65,71,0.706154969986], [68,71,0.002898516620], [71,71,2.000000000000], [83,71,0.709101595529], [84,71,0.706870202972], [85,71,-0.001460007648], [32,72,0.001702736467], [52,72,-0.705495809079], [55,72,0.003169940329], [56,72,0.707126919859], [57,72,-0.002164516549], [72,72,2.000000000000], [73,72,0.710057928596], [74,72,0.001372122920], [75,72,0.001524133480], [32,73,-0.702933202984], [52,73,-0.999979147307], [55,73,-0.701888886207], [56,73,0.004210779078], [58,73,0.702884887096], [72,73,0.710057928596], [73,73,2.000000000000], [74,73,0.703168315668], [90,73,-0.702952933023], [57,74,-0.999999686055], [58,74,0.999999920582], [72,74,0.001372122920], [73,74,0.703168315668], [74,74,2.000000000000], [75,74,0.999999988446], [90,74,-0.999999954134], [57,75,-0.999999794954], [72,75,0.001524133480], [74,75,0.999999988446], [75,75,2.000000000000], [88,75,0.707485411328], [90,75,0.999999988620], [106,75,-0.001980982542], [110,75,-0.001269508531], [114,75,-0.706791043392], [61,76,0.999990189609], [76,76,2.000000000000], [77,76,0.999975756902], [78,76,0.700852036808], [76,77,0.999975756902], [77,77,2.000000000000], [115,77,-0.999985303063], [116,77,-0.708730707315], [117,77,-0.999999391497], [60,78,0.002333528940], [61,78,0.704004770484], [76,78,0.700852036808], [78,78,2.000000000000], [66,79,-0.712297712671], [79,79,2.000000000000], [80,79,0.702831820165], [81,79,0.999978079214], [91,79,-0.000753965568], [95,79,0.006581895673], [96,79,-0.999911341444], [66,80,-0.001340719208], [69,80,0.708796723127], [79,80,0.702831820165], [80,80,2.000000000000], [81,80,0.707526487281], [95,80,0.706714677557], [97,80,-0.708411497090], [98,80,0.004374163401], [99,80,-0.999998954295], [66,81,-0.707634785032], [79,81,0.999978079214], [80,81,0.707526487281], [81,81,2.000000000000], [93,81,0.705544657208], [96,81,0.999977589665], [98,81,0.703585228700], [121,81,-0.004490990785], [122,81,-0.004131823624], [44,82,-0.001396068221], [53,82,0.001982864735], [67,82,-0.004696861089], [70,82,0.707462774400], [82,82,2.000000000000], [83,82,0.999992142388], [53,83,-0.001981378572], [68,83,-0.703048018637], [71,83,0.709101595529], [82,83,0.999992142388], [83,83,2.000000000000], [84,83,0.999995008455], [85,83,0.704070278080], [68,84,-0.705291433901], [71,84,0.706870202972], [83,84,0.999995008455], [84,84,2.000000000000], [85,84,0.706310490478], [86,84,0.708789251565], [87,84,0.003500186127], [88,84,-0.705758755359], [89,84,0.002278573635], [68,85,-0.999998965341], [71,85,-0.001460007648], [83,85,0.704070278080], [84,85,0.706310490478], [85,85,2.000000000000], [86,85,-0.001256719825], [97,85,0.707331441712], [100,85,0.709182212220], [105,85,-0.705374389803], [106,85,-0.705877116901], [107,85,-0.706701823771], [108,85,-0.999992359102], [109,85,-0.707189695322], [84,86,0.708789251565], [85,86,-0.001256719825], [86,86,2.000000000000], [87,86,0.707896871158], [88,86,-0.000477628289], [89,86,0.707033495289], [97,86,-0.707770408500], [100,86,-0.705915927198], [105,86,0.709720836853], [106,86,0.709220841200], [107,86,-0.706622821922], [108,86,0.005165893429], [109,86,-0.706134559700], [84,87,0.003500186127], [86,87,0.707896871158], [87,87,2.000000000000], [88,87,0.705977615279], [89,87,0.999999253825], [101,87,-0.002129863819], [105,87,-0.004821662577], [110,87,0.003400719095], [111,87,-0.708817787621], [112,87,-0.999997007261], [113,87,-0.999998250015], [75,88,0.707485411328], [84,88,-0.705758755359], [86,88,-0.000477628289], [87,88,0.705977615279], [88,88,2.000000000000], [89,88,0.706842279627], [90,88,0.707378784094], [106,88,0.705325045241], [110,88,0.705829219929], [114,88,-0.000089186304], [84,89,0.002278573635], [86,89,0.707033495289], [87,89,0.999999253825], [88,89,0.706842279627], [89,89,2.000000000000], [108,89,0.703518163675], [112,89,0.999999249802], [114,89,0.707434221680], [130,89,-0.708631396561], [131,89,-0.999999997035], [58,90,-0.999999995424], [73,90,-0.702952933023], [74,90,-0.999999954134], [75,90,0.999999988620], [88,90,0.707378784094], [90,90,2.000000000000], [106,90,-0.002131845342], [110,90,-0.001420371514], [114,90,-0.706897759295], [79,91,-0.00