{
"N": {
"shape": [192, 146],
"data": [[0,0,0.001511966260], [1,0,-0.999998856978], [6,0,-0.001511966260], [7,0,0.999998856978], [3,1,0.003439642336], [4,1,-0.999994084413], [6,1,-0.003439642336], [7,1,0.999994084413], [3,2,-0.704571532022], [4,2,0.709632972927], [24,2,0.704571532022], [25,2,-0.709632972927], [3,3,-0.999998909716], [4,3,0.001476674146], [27,3,0.999998909716], [28,3,-0.001476674146], [3,4,-0.708934818876], [4,4,-0.705274005323], [30,4,0.708934818876], [31,4,0.705274005323], [3,5,-0.999999544513], [4,5,-0.000954449506], [51,5,0.999999544513], [52,5,0.000954449506], [6,6,-0.001347091975], [7,6,-0.999999092671], [12,6,0.001347091975], [13,6,0.999999092671], [6,7,-0.706963836267], [7,7,0.707249697215], [27,7,0.706963836267], [28,7,-0.707249697215], [6,8,-0.999960069533], [7,8,0.008936405338], [30,8,0.999960069533], [31,8,-0.008936405338], [9,9,-0.004672986797], [10,9,-0.999989081538], [12,9,0.004672986797], [13,9,0.999989081538], [9,10,-0.000131402688], [10,10,-0.999999991367], [15,10,0.000131402688], [16,10,0.999999991367], [9,11,-0.999980263360], [10,11,0.006282745425], [33,11,0.999980263360], [34,11,-0.006282745425], [12,12,-0.703421188852], [13,12,0.710773262773], [33,12,0.703421188852], [34,12,-0.710773262773], [15,13,0.000349295052], [16,13,-0.999999938996], [18,13,-0.000349295052], [19,13,0.999999938996], [15,14,-0.710487697137], [16,14,0.703709622086], [36,14,0.710487697137], [37,14,-0.703709622086], [18,15,-0.705721567925], [19,15,0.708489286133], [39,15,0.705721567925], [40,15,-0.708489286133], [18,16,-0.999998223329], [19,16,0.001885030437], [66,16,0.999998223329], [67,16,-0.001885030437], [21,17,-0.999998856886], [22,17,0.001512027552], [45,17,0.999998856886], [46,17,-0.001512027552], [21,18,-0.999999484083], [22,18,-0.001015792228], [69,18,0.999999484083], [70,18,0.001015792228], [24,19,-0.007337539228], [25,19,-0.999973079897], [27,19,0.007337539228], [28,19,0.999973079897], [24,20,-0.002962013393], [25,20,-0.999995613229], [30,20,0.002962013393], [31,20,0.999995613229], [24,21,-0.999999988511], [25,21,-0.000151585470], [72,21,0.999999988511], [73,21,0.000151585470], [27,22,0.001428769177], [28,22,-0.999998979309], [30,22,-0.001428769177], [31,22,0.999998979309], [27,23,-0.999994287703], [28,23,-0.003380023913], [51,23,0.999994287703], [52,23,0.003380023913], [27,24,-0.999999999057], [28,24,0.000043425485], [75,24,0.999999999057], [76,24,-0.000043425485], [33,25,-0.002808843486], [34,25,-0.999996055191], [36,25,0.002808843486], [37,25,0.999996055191], [33,26,-0.001520994620], [34,26,-0.999998843287], [39,26,0.001520994620], [40,26,0.999998843287], [33,27,-0.707162049351], [34,27,-0.707051508702], [60,27,0.707162049351], [61,27,0.707051508702], [36,28,-0.707214937759], [37,28,0.706998608068], [57,28,0.707214937759], [58,28,-0.706998608068], [36,29,-0.999989086698], [37,29,0.004671882424], [84,29,0.999989086698], [85,29,-0.004671882424], [39,30,0.001551375926], [40,30,-0.999998796616], [42,30,-0.001551375926], [43,30,0.999998796616], [39,31,-0.999999961881], [40,31,-0.000276111438], [63,31,0.999999961881], [64,31,0.000276111438], [39,32,-0.705177750334], [40,32,-0.709030563822], [66,32,0.705177750334], [67,32,0.709030563822], [39,33,-0.999999627449], [40,33,-0.000863193340], [87,33,0.999999627449], [88,33,0.000863193340], [42,34,0.002474107099], [43,34,-0.999996939392], [45,34,-0.002474107099], [46,34,0.999996939392], [42,35,-0.707281078246], [43,35,0.706932441153], [63,35,0.707281078246], [64,35,-0.706932441153], [42,36,-0.999995019192], [43,36,0.003156198885], [66,36,0.999995019192], [67,36,-0.003156198885], [42,37,-0.705360560086], [43,37,-0.708848700553], [69,37,0.705360560086], [70,37,0.708848700553], [42,38,-0.999999596276], [43,38,-0.000898581033], [90,38,0.999999596276], [91,38,0.000898581033], [45,39,-0.706264272286], [46,39,0.707948287442], [66,39,0.706264272286], [67,39,-0.707948287442], [45,40,-0.999993739288], [46,40,-0.003538556945], [69,40,0.999993739288], [70,40,0.003538556945], [48,41,-0.999999402095], [49,41,-0.001093530924], [72,41,0.999999402095], [73,41,0.001093530924], [48,42,-0.707223000184], [49,42,-0.706990543085], [75,42,0.707223000184], [76,42,0.706990543085], [48,43,-0.999997346376], [49,43,0.002303744996], [96,43,0.999997346376], [97,43,-0.002303744996], [51,44,-0.704126126807], [52,44,0.710074923897], [72,44,0.704126126807], [73,44,-0.710074923897], [51,45,-0.999993861519], [52,45,0.003503844157], [75,45,0.999993861519], [76,45,-0.003503844157], [51,46,-0.704705326679], [52,46,-0.709500107505], [78,46,0.704705326679], [79,46,0.709500107505], [54,47,0.002290628015], [55,47,-0.999997376508], [60,47,-0.002290628015], [61,47,0.999997376508], [54,48,-0.999989615377], [55,48,-0.004557316921], [78,48,0.999989615377], [79,48,0.004557316921], [54,49,-0.707181993952], [55,49,-0.707031560420], [81,49,0.707181993952], [82,49,0.707031560420], [54,50,-0.999999117591], [55,50,0.001328464480], [102,50,0.999999117591], [103,50,-0.001328464480], [57,51,0.001929625862], [58,51,-0.999998138270], [60,51,-0.001929625862], [61,51,0.999998138270], [57,52,-0.000810850166], [58,52,-0.999999671261], [63,52,0.000810850166], [64,52,0.999999671261], [57,53,-0.709966055493], [58,53,-0.704235898011], [84,53,0.709966055493], [85,53,0.704235898011], [57,54,-0.999999692023], [58,54,0.000784827890], [105,54,0.999999692023], [106,54,-0.000784827890], [60,55,-0.999994122750], [61,55,0.003428478567], [84,55,0.999994122750], [85,55,-0.003428478567], [63,56,0.007241424149], [64,56,-0.999973780544], [66,56,-0.007241424149], [67,56,0.999973780544], [63,57,-0.706582647480], [64,57,0.707630526673], [84,57,0.706582647480], [85,57,-0.707630526673], [63,58,-0.999998943194], [64,58,-0.001453826000], [87,58,0.999998943194], [88,58,0.001453826000], [63,59,-0.701900983334], [64,59,-0.712274532462], [90,59,0.701900983334], [91,59,0.712274532462], [63,60,-0.999996389209], [64,60,-0.002687297821], [111,60,0.999996389209], [112,60,0.002687297821], [66,61,-0.708781470212], [67,61,0.705428116454], [87,61,0.708781470212], [88,61,-0.705428116454], [72,62,0.001454132247], [73,62,-0.999998942749], [75,62,-0.001454132247], [76,62,0.999998942749], [72,63,-0.999983774851], [73,63,0.005696493174], [96,63,0.999983774851], [97,63,-0.005696493174], [75,64,-0.004142110042], [76,64,-0.999991421425], [81,64,0.004142110042], [82,64,0.999991421425], [75,65,-0.707081629339], [76,65,0.707131932139], [96,65,0.707081629339], [97,65,-0.707131932139], [75,66,-0.710679081883], [76,66,-0.703516341369], [102,66,0.710679081883], [103,66,0.703516341369], [75,67,-0.999999002901], [76,67,-0.001412160603], [123,67,0.999999002901], [124,67,0.001412160603], [78,68,-0.006149230683], [79,68,-0.999981093302], [81,68,0.006149230683], [82,68,0.999981093302], [78,69,-0.002412068515], [79,69,-0.999997090959], [84,69,0.002412068515], [85,69,0.999997090959], [78,70,-0.706066674668], [79,70,0.708145360024], [99,70,0.706066674668], [100,70,-0.708145360024], [78,71,-0.999974437789], [79,71,0.007150088708], [102,71,0.999974437789], [103,71,-0.007150088708], [78,72,-0.707380060373], [79,72,-0.706833396344], [105,72,0.707380060373], [106,72,0.706833396344], [78,73,-0.999999883724], [79,73,0.000482236846], [126,73,0.999999883724], [127,73,-0.000482236846], [81,74,-0.705779455083], [82,74,0.708431620400], [102,74,0.705779455083], [103,74,-0.708431620400], [81,75,-0.999996209669], [82,75,-0.002753297768], [105,75,0.999996209669], [106,75,0.002753297768], [81,76,-0.999999926404], [82,76,-0.000383655413], [129,76,0.999999926404], [130,76,0.000383655413], [87,77,0.005736253616], [88,77,-0.999983547562], [90,77,-0.005736253616], [91,77,0.999983547562], [87,78,-0.001831991383], [88,78,-0.999998321902], [93,78,0.001831991383], [94,78,0.999998321902], [87,79,-0.999992330594], [88,79,-0.003916471935], [111,79,0.999992330594], [112,79,0.003916471935], [90,80,-0.709118616500], [91,80,0.705089205514], [111,80,0.709118616500], [112,80,-0.705089205514], [90,81,-0.999999923198], [91,81,-0.000391924221], [138,81,0.999999923198], [139,81,0.000391924221], [93,82,-0.704561270002], [94,82,0.709643161605], [114,82,0.704561270002], [115,82,-0.709643161605], [93,83,-0.999996479985], [94,83,0.002653303170], [141,83,0.999996479985], [142,83,-0.002653303170], [96,84,0.001020659291], [97,84,-0.999999479127], [99,84,-0.001020659291], [100,84,0.999999479127], [96,85,-0.001678236352], [97,85,-0.999998591760], [102,85,0.001678236352], [103,85,0.999998591760], [99,86,0.000831782215], [100,86,-0.999999654069], [105,86,-0.000831782215], [106,86,0.999999654069], [99,87,-0.999997602894], [100,87,-0.002189567500], [123,87,0.999997602894], [124,87,0.002189567500], [99,88,-0.708222578233], [100,88,-0.705989220655], [126,88,0.708222578233], [127,88,0.705989220655], [99,89,-0.999999936405], [100,89,-0.000356635910], [147,89,0.999999936405], [148,89,0.000356635910], [102,90,0.006015850375], [103,90,-0.999981904608], [105,90,-0.006015850375], [106,90,0.999981904608], [102,91,0.001147166146], [103,91,-0.999999342005], [108,91,-0.001147166146], [109,91,0.999999342005], [105,92,-0.710020111309], [106,92,0.704181398176], [126,92,0.710020111309], [127,92,-0.704181398176], [108,93,-0.706252623731], [109,93,0.707959908097], [129,93,0.706252623731], [130,93,-0.707959908097], [108,94,-0.706480286527], [109,94,-0.707732721264], [135,94,0.706480286527], [136,94,0.707732721264], [108,95,-0.999998891809], [109,95,0.001488751236], [156,95,0.999998891809], [157,95,-0.001488751236], [111,96,-0.000449544794], [112,96,-0.999999898955], [117,96,0.000449544794], [118,96,0.999999898955], [114,97,0.001460580075], [115,97,-0.999998933352], [117,97,-0.001460580075], [118,97,0.999998933352], [114,98,-0.999984498733], [115,98,-0.005567970331], [138,98,0.999984498733], [139,98,0.005567970331], [114,99,-0.703616600091], [115,99,-0.710579819638], [141,99,0.703616600091], [142,99,0.710579819638], [114,100,-0.999999849093], [115,100,0.000549375730], [162,100,0.999999849093], [163,100,-0.000549375730], [117,101,-0.706968493059], [118,101,0.707245042274], [138,101,0.706968493059], [139,101,-0.707245042274], [117,102,-0.999996081934], [118,102,-0.002799306580], [141,102,0.999996081934], [142,102,0.002799306580], [117,103,-0.999991231270], [118,103,-0.004187765848], [165,103,0.999991231270], [166,103,0.004187765848], [120,104,-0.999996309257], [121,104,0.002716886523], [168,104,0.999996309257], [169,104,-0.002716886523], [123,105,0.000299246850], [124,105,-0.999999955226], [126,105,-0.000299246850], [127,105,0.999999955226], [123,106,0.001215313290], [124,106,-0.999999261507], [129,106,-0.001215313290], [130,106,0.999999261507], [123,107,-0.707020760798], [124,107,-0.707192791112], [150,107,0.707020760798], [151,107,0.707192791112], [126,108,-0.999995909719], [127,108,0.002860165360], [150,108,0.999995909719], [151,108,-0.002860165360], [129,109,-0.000983476804], [130,109,-0.999999516387], [132,109,0.000983476804], [133,109,0.999999516387], [129,110,0.001810040024], [130,110,-0.999998361876], [135,110,-0.001810040024], [136,110,0.999998361876], [129,111,-0.706997260141], [130,111,0.707216285271], [150,111,0.706997260141], [151,111,-0.707216285271], [129,112,-0.706864076388], [130,112,-0.707349402709], [156,112,0.706864076388], [157,112,0.707349402709], [132,113,0.004576140708], [133,113,-0.999989529413], [135,113,-0.004576140708], [136,113,0.999989529413], [132,114,-0.999991616868], [133,114,-0.004094654281], [156,114,0.999991616868], [157,114,0.004094654281], [132,115,-0.703206092343], [133,115,-0.710986069971], [159,115,0.703206092343], [160,115,0.710986069971], [132,116,-0.999999672389], [133,116,-0.000809457638], [180,116,0.999999672389], [181,116,0.000809457638], [135,117,0.000077657070], [136,117,-0.999999996985], [141,117,-0.000077657070], [142,117,0.999999996985], [135,118,-0.707549996213], [136,118,0.706663288179], [156,118,0.707549996213], [157,118,-0.706663288179], [135,119,-0.999999886332], [136,119,0.000476797874], [159,119,0.999999886332], [160,119,-0.000476797874], [138,120,-0.000334408832], [139,120,-0.999999944085], [141,120,0.000334408832], [142,120,0.999999944085], [138,121,-0.708863001058], [139,121,-0.705346188570], [165,121,0.708863001058], [166,121,0.705346188570], [141,122,-0.708788628085], [142,122,0.705420924482], [162,122,0.708788628085], [163,122,-0.705420924482], [141,123,-0.999984553418], [142,123,-0.005558140419], [165,123,0.999984553418], [166,123,0.005558140419], [144,124,0.001845567427], [145,124,-0.999998296939], [147,124,-0.001845567427], [148,124,0.999998296939], [144,125,-0.999997748361], [145,125,0.002122091421], [168,125,0.999997748361], [169,125,-0.002122091421], [147,126,-0.705717405125], [148,126,0.708493432646], [168,126,0.705717405125], [169,126,-0.708493432646], [150,127,-0.001231106071], [151,127,-0.999999242189], [153,127,0.001231106071], [154,127,0.999999242189], [150,128,-0.000293900378], [151,128,-0.999999956811], [156,128,0.000293900378], [157,128,0.999999956811], [150,129,-0.999989248278], [151,129,0.004637168187], [174,129,0.999989248278], [175,129,-0.004637168187], [153,130,0.000645850095], [154,130,-0.999999791439], [156,130,-0.000645850095], [157,130,0.999999791439], [153,131,-0.706601118922], [154,131,0.707612082103], [174,131,0.706601118922], [175,131,-0.707612082103], [153,132,-0.999989740998], [154,132,0.004529668711], [177,132,0.999989740998], [178,132,-0.004529668711], [153,133,-0.707002752945], [154,133,-0.707210794126], [180,133,0.707002752945], [181,133,0.707210794126], [159,134,-0.705837777660], [160,134,0.708373511382], [180,134,0.705837777660], [181,134,-0.708373511382], [162,135,0.001141645441], [163,135,-0.999999348323], [165,135,-0.001141645441], [166,135,0.999999348323], [162,136,-0.704175942240], [163,136,-0.710025522337], [189,136,0.704175942240], [190,136,0.710025522337], [168,137,0.001778567314], [169,137,-0.999998418348], [171,137,-0.001778567314], [172,137,0.999998418348], [168,138,-0.002536925882], [169,138,-0.999996781998], [174,138,0.002536925882], [175,138,0.999996781998], [171,139,-0.001113128330], [172,139,-0.999999380472], [177,139,0.001113128330], [178,139,0.999999380472], [174,140,0.004635591315], [175,140,-0.999989255589], [177,140,-0.004635591315], [178,140,0.999989255589], [174,141,0.004347902347], [175,141,-0.999990547828], [180,141,-0.004347902347], [181,141,0.999990547828], [177,142,0.004059984960], [178,142,-0.999991758227], [180,142,-0.004059984960], [181,142,0.999991758227], [183,143,0.007518400900], [184,143,-0.999971736425], [186,143,-0.007518400900], [187,143,0.999971736425], [183,144,0.001516449628], [184,144,-0.999998850190], [189,144,-0.001516449628], [190,144,0.999998850190], [186,145,-0.004415134421], [187,145,-0.999990253247], [189,145,0.004415134421], [190,145,0.999990253247], ]
},
"Q": {
"shape": [146, 146],
"data": [[0,0,2.000000000000], [1,0,0.999998142021], [6,0,-0.999995912893], [7,0,0.708317794280], [8,0,0.010448301010], [0,1,0.999998142021], [1,1,2.000000000000], [2,1,-0.712052249101], [3,1,-0.004916303996], [4,1,0.702831350997], [5,1,-0.002485196909], [6,1,-0.999988543575], [7,1,0.709677216159], [8,1,0.012375857463], [1,2,-0.712052249101], [2,2,2.000000000000], [3,2,0.705618660502], [4,2,-0.000990397686], [5,2,0.703893902258], [19,2,0.704444048278], [20,2,0.707542909615], [21,2,-0.704463953879], [1,3,-0.004916303996], [2,3,0.705618660502], [3,3,2.000000000000], [4,3,0.707892586047], [5,3,0.999997044819], [7,3,0.708007442818], [19,3,0.005860896835], [22,3,0.002905440257], [23,3,-0.999988206231], [24,3,-0.999998972899], [1,4,0.702831350997], [2,4,-0.000990397686], [3,4,0.707892586047], [4,4,2.000000000000], [5,4,0.709607644392], [8,4,0.702603896392], [20,4,0.707370785876], [22,4,0.704260381239], [1,5,-0.002485196909], [2,5,0.703893902258], [3,5,0.999997044819], [4,5,0.709607644392], [5,5,2.000000000000], [23,5,0.999997058281], [44,5,-0.703448075426], [45,5,-0.999990061793], [46,5,-0.705382187722], [0,6,-0.999995912893], [1,6,-0.999988543575], [6,6,2.000000000000], [7,6,-0.706296710196], [8,6,-0.007589359044], [9,6,0.999994469162], [12,6,0.709825044830], [0,7,0.708317794280], [1,7,0.709677216159], [3,7,0.708007442818], [6,7,-0.706296710196], [7,7,2.000000000000], [8,7,0.713255876840], [19,7,-0.702043283098], [22,7,0.708259063470], [23,7,-0.704569276991], [24,7,-0.706994548262], [0,8,0.010448301010], [1,8,0.012375857463], [4,8,0.702603896392], [6,8,-0.007589359044], [7,8,0.713255876840], [8,8,2.000000000000], [20,8,-0.005974471018], [22,8,-0.010365108342], [6,9,0.999994469162], [9,9,2.000000000000], [10,9,0.999989686947], [11,9,-0.001609782260], [12,9,0.707478424294], [9,10,0.999989686947], [10,10,2.000000000000], [11,10,-0.006151345276], [13,10,-0.999999884465], [14,10,0.703616256017], [9,11,-0.001609782260], [10,11,-0.006151345276], [11,11,2.000000000000], [12,11,0.707872913147], [25,11,0.003473932593], [26,11,0.004761773557], [27,11,-0.702705867717], [6,12,0.709825044830], [9,12,0.707478424294], [11,12,0.707872913147], [12,12,2.000000000000], [25,12,0.708794658885], [26,12,0.709702540769], [27,12,0.005120538323], [10,13,-0.999999884465], [13,13,2.000000000000], [14,13,-0.703957748994], [15,13,0.708735747964], [16,13,0.002234324753], [10,14,0.703616256017], [13,14,-0.703957748994], [14,14,2.000000000000], [25,14,-0.701711197346], [28,14,-0.999989235809], [29,14,-0.713767591986], [13,15,0.708735747964], [15,15,2.000000000000], [16,15,0.707055837958], [26,15,-0.707415067906], [30,15,0.709583272998], [31,15,-0.705525919029], [32,15,0.004681410377], [33,15,-0.705109741774], [13,16,0.002234324753], [15,16,0.707055837958], [16,16,2.000000000000], [32,16,0.703839953271], [36,16,0.999999192060], [39,16,0.707597521556], [56,16,-0.009126392295], [61,16,-0.710109964411], [17,17,2.000000000000], [18,17,0.999996805063], [34,17,-0.003986127194], [39,17,-0.707333902261], [40,17,-0.999987245785], [17,18,0.999996805063], [18,18,2.000000000000], [37,18,0.706080239179], [40,18,0.999996817813], [2,19,0.704444048278], [3,19,0.005860896835], [7,19,-0.702043283098], [19,19,2.000000000000], [20,19,0.999990427133], [21,19,0.007489120534], [22,19,-0.999961575583], [23,19,-0.010717430237], [24,19,-0.007294114905], [2,20,0.707542909615], [4,20,0.707370785876], [8,20,-0.005974471018], [19,20,0.999990427133], [20,20,2.000000000000], [21,20,0.003113598164], [22,20,0.999990360509], [2,21,-0.704463953879], [19,21,0.007489120534], [20,21,0.003113598164], [21,21,2.000000000000], [41,21,0.999999556369], [44,21,0.704018481676], [62,21,0.001302546920], [63,21,-0.999982899857], [3,22,0.002905440257], [4,22,0.704260381239], [7,22,0.708259063470], [8,22,-0.010365108342], [19,22,-0.999961575583], [20,22,0.999990360509], [22,22,2.000000000000], [23,22,0.001951259448], [24,22,-0.001472194616], [3,23,-0.999988206231], [5,23,0.999997058281], [7,23,-0.704569276991], [19,23,-0.010717430237], [22,23,0.001951259448], [23,23,2.000000000000], [24,23,0.999994139981], [44,23,-0.701722034406], [45,23,-0.999976306180], [46,23,-0.707099428523], [3,24,-0.999998972899], [7,24,-0.706994548262], [19,24,-0.007294114905], [22,24,-0.001472194616], [23,24,0.999994139981], [24,24,2.000000000000], [42,24,0.707192298110], [45,24,0.999994012732], [62,24,-0.001497557685], [64,24,-0.004098684925], [65,24,-0.707112336220], [66,24,-0.710648530675], [67,24,-0.999998940634], [11,25,0.003473932593], [12,25,0.708794658885], [14,25,-0.701711197346], [25,25,2.000000000000], [26,25,0.999999170719], [27,25,0.709035027035], [28,25,0.705009363023], [29,25,0.001863051163], [11,26,0.004761773557], [12,26,0.709702540769], [15,26,-0.707415067906], [25,26,0.999999170719], [26,26,2.000000000000], [27,26,0.708126280519], [30,26,-0.999995280270], [31,26,-0.001797105681], [32,26,-0.710102315242], [33,26,-0.002384186396], [11,27,-0.702705867717], [12,27,0.005120538323], [25,27,0.709035027035], [26,27,0.708126280519], [27,27,2.000000000000], [47,27,0.705429808557], [51,27,0.705685634184], [55,27,-0.704733782240], [14,28,-0.999989235809], [25,28,0.705009363023], [28,28,2.000000000000], [29,28,0.710510234080], [51,28,0.708361952062], [52,28,0.706424930300], [53,28,-0.004204800101], [54,28,-0.707769592179], [14,29,-0.713767591986], [25,29,0.001863051163], [28,29,0.710510234080], [29,29,2.000000000000], [53,29,0.706668200104], [55,29,0.999999226961], [57,29,0.709880902951], [69,29,-0.002259826642], [15,30,0.709583272998], [26,30,-0.999995280270], [30,30,2.000000000000], [31,30,-0.001275264761], [32,30,0.707935714801], [33,30,-0.000688183046], [34,30,-0.999999574282], [35,30,0.708028849279], [36,30,0.004707563285], [37,30,-0.707753568143], [38,30,0.000652795348], [15,31,-0.705525919029], [26,31,-0.001797105681], [30,31,-0.001275264761], [31,31,2.000000000000], [32,31,0.705373494902], [33,31,0.999999827667], [35,31,0.707085859153], [52,31,0.001086961482], [56,31,0.006965319674], [57,31,-0.706387235664], [58,31,-0.999999306494], [59,31,-0.702097623724], [60,31,-0.999997093084], [15,32,0.004681410377], [16,32,0.703839953271], [26,32,-0.710102315242], [30,32,0.707935714801], [31,32,0.705373494902], [32,32,2.000000000000], [33,32,0.705789518080], [36,32,0.702936396504], [39,32,-0.003915122730], [56,32,0.703905482237], [61,32,0.000353172503], [15,33,-0.705109741774], [26,33,-0.002384186396], [30,33,-0.000688183046], [31,33,0.999999827667], [32,33,0.705789518080], [33,33,2.000000000000], [58,33,0.999999825576], [61,33,0.708172285303], [77,33,0.004873072340], [78,33,-0.002695182593], [79,33,-0.999995338718], [17,34,-0.003986127194], [30,34,-0.999999574282], [34,34,2.000000000000], [35,34,-0.708680166647], [36,34,-0.005630284001], [37,34,0.707101393476], [38,34,-0.001575527817], [39,34,0.709693494140], [40,34,-0.001064454506], [30,35,0.708028849279], [31,35,0.707085859153], [34,35,-0.708680166647], [35,35,2.000000000000], [36,35,0.709508774798], [37,35,-0.002219964800], [38,35,0.706645556617], [52,35,-0.706358709777], [56,35,0.712035628049], [57,35,-0.999999512436], [58,35,-0.706252574024], [59,35,0.007088689690], [60,35,-0.705378786393], [16,36,0.999999192060], [30,36,0.004707563285], [32,36,0.702936396504], [34,36,-0.005630284001], [35,36,0.709508774798], [36,36,2.000000000000], [37,36,0.703119779342], [38,36,0.999991779369], [39,36,0.708495180115], [56,36,-0.010397504212], [61,36,-0.711004411343], [18,37,0.706080239179], [30,37,-0.707753568143], [34,37,0.707101393476], [35,37,-0.002219964800], [36,37,0.703119779342], [37,37,2.000000000000], [38,37,0.705997233312], [40,37,0.707864445519], [30,38,0.000652795348], [34,38,-0.001575527817], [35,38,0.706645556617], [36,38,0.999991779369], [37,38,0.705997233312], [38,38,2.000000000000], [59,38,0.702540736345], [77,38,-0.004837685051], [80,38,-0.708484750425], [81,38,-0.999999871649], [16,39,0.707597521556], [17,39,-0.707333902261], [32,39,-0.003915122730], [34,39,0.709693494140], [36,39,0.708495180115], [39,39,2.000000000000], [40,39,0.703754735240], [56,39,-0.713044084580], [61,39,-0.999993656226], [17,40,-0.999987245785], [18,40,0.999996817813], [34,40,-0.001064454506], [37,40,0.707864445519], [39,40,0.703754735240], [40,40,2.000000000000], [21,41,0.999999556369], [41,41,2.000000000000], [42,41,0.707995693354], [43,41,0.999994229256], [44,41,0.703349216918], [62,41,0.000360601609], [63,41,-0.999976947664], [24,42,0.707192298110], [41,42,0.707995693354], [42,42,2.000000000000], [43,42,0.705592397554], [45,42,0.704741474226], [62,42,0.705961399848], [64,42,-0.709913873605], [65,42,-0.000128802541], [66,42,-0.999987992711], [67,42,-0.708220679204], [41,43,0.999994229256], [42,43,0.705592397554], [43,43,2.000000000000], [63,43,0.999994244538], [65,43,0.708708804660], [84,43,0.003324400378], [85,43,0.000625509853], [5,44,-0.703448075426], [21,44,0.704018481676], [23,44,-0.701722034406], [41,44,0.703349216918], [44,44,2.000000000000], [45,44,0.706609796415], [46,44,-0.007596802627], [62,44,0.711098065677], [63,44,-0.708159639213], [5,45,-0.999990061793], [23,45,-0.999976306180], [24,45,0.999994012732], [42,45,0.704741474226], [44,45,0.706609796415], [45,45,2.000000000000], [46,45,0.702215023053], [62,45,-0.004957963773], [64,45,-0.000638270517], [65,45,-0.709554969021], [66,45,-0.708209707771], [67,45,-0.999987916435], [5,46,-0.705382187722], [23,46,-0.707099428523], [44,46,-0.007596802627], [45,46,0.702215023053], [46,46,2.000000000000], [48,46,0.707931425426], [68,46,-0.713820088818], [69,46,-0.711197841071], [70,46,0.004860262437], [71,46,-0.699614324146], [72,46,-0.999992867226], [73,46,-0.704363097644], [27,47,0.705429808557], [47,47,2.000000000000], [48,47,0.002266700738], [49,47,0.705409814642], [50,47,-0.003619086989], [51,47,0.999999934838], [55,47,0.005719084124], [46,48,0.707931425426], [47,48,0.002266700738], [48,48,2.000000000000], [49,48,0.710396817028], [50,48,0.999982678744], [68,48,-0.010706397583], [69,48,-0.006969347130], [70,48,-0.702832099600], [71,48,-0.999931468212], [72,48,-0.710593978295], [73,48,-0.999987301396], [47,49,0.705409814642], [48,49,0.710396817028], [49,49,2.000000000000], [50,49,0.706242103614], [64,49,0.709954720736], [68,49,0.711366818004], [74,49,0.001768991687], [75,49,-0.709125981915], [76,49,-0.707453198391], [47,50,-0.003619086989], [48,50,0.999982678744], [49,50,0.706242103614], [50,50,2.000000000000], [66,50,0.709743858303], [71,50,0.999983054041], [74,50,0.706719958541], [85,50,0.000349772262], [90,50,0.007344285507], [91,50,0.002475628740], [27,51,0.705685634184], [28,51,0.708361952062], [47,51,0.999999934838], [51,51,2.000000000000], [52,51,0.999996244894], [53,51,0.702864618053], [54,51,-0.002714451697], [55,51,0.005358086705], [28,52,0.706424930300], [31,52,0.001086961482], [35,52,-0.706358709777], [51,52,0.999996244894], [52,52,2.000000000000], [53,52,0.704811342596], [54,52,0.000026022284], [56,52,-0.999967580104], [57,52,0.707057361390], [58,52,-0.002264674831], [59,52,-0.712843434839], [60,52,-0.003498144176], [28,53,-0.004204800101], [29,53,0.706668200104], [51,53,0.702864618053], [52,53,0.704811342596], [53,53,2.000000000000], [54,53,0.709413132865], [55,53,0.707547425163], [57,53,0.003310875699], [69,53,0.705946336129], [28,54,-0.707769592179], [51,54,-0.002714451697], [52,54,0.000026022284], [53,54,0.709413132865], [54,54,2.000000000000], [72,54,0.706825099952], [75,54,0.999993740827], [86,54,-0.001616609577], [90,54,-0.006800662210], [92,54,-0.710572553839], [27,55,-0.704733782240], [29,55,0.999999226961], [47,55,0.005719084124], [51,55,0.005358086705], [53,55,0.707547425163], [55,55,2.000000000000], [57,55,0.709004590811], [69,55,-0.001016414254], [16,56,-0.009126392295], [31,56,0.006965319674], [32,56,0.703905482237], [35,56,0.712035628049], [36,56,-0.010397504212], [39,56,-0.713044084580], [52,56,-0.999967580104], [56,56,2.000000000000], [57,56,-0.712728637633], [58,56,-0.005787628614], [59,56,0.707173094281], [60,56,-0.004554170640], [61,56,0.710542207767], [29,57,0.709880902951], [31,57,-0.706387235664], [35,57,-0.999999512436], [52,57,0.707057361390], [53,57,0.003310875699], [55,57,0.709004590811], [56,57,-0.712728637633], [57,57,2.000000000000], [58,57,0.705553129101], [59,57,-0.008076147469], [60,57,0.704678482185], [69,57,-0.705924142390], [31,58,-0.999999306494], [33,58,0.999999825576], [35,58,-0.706252574024], [52,58,-0.002264674831], [56,58,-0.005787628614], [57,58,0.705553129101], [58,58,2.000000000000], [59,58,0.702935764796], [60,58,0.999999239270], [61,58,0.707755151431], [77,58,0.004282445472], [78,58,-0.003285813008], [79,58,-0.999996967666], [31,59,-0.702097623724], [35,59,0.007088689690], [38,59,0.702540736345], [52,59,-0.712843434839], [56,59,0.707173094281], [57,59,-0.008076147469], [58,59,0.702935764796], [59,59,2.000000000000], [60,59,0.703812542716], [77,59,0.708236531756], [80,59,0.004486029980], [81,59,-0.702180087068], [31,60,-0.999997093084], [35,60,-0.705378786393], [52,60,-0.003498144176], [56,60,-0.004554170640], [57,60,0.704678482185], [58,60,0.999999239270], [59,60,0.703812542716], [60,60,2.000000000000], [79,60,0.999999244557], [80,60,0.707221271335], [96,60,-0.003136840721], [16,61,-0.710109964411], [32,61,0.000353172503], [33,61,0.708172285303], [36,61,-0.711004411343], [39,61,-0.999993656226], [56,61,0.710542207767], [58,61,0.707755151431], [61,61,2.000000000000], [77,61,0.709482260713], [78,61,0.704128451131], [79,61,-0.706013244860], [21,62,0.001302546920], [24,62,-0.001497557685], [41,62,0.000360601609], [42,62,0.705961399848], [44,62,0.711098065677], [45,62,-0.004957963773], [62,62,2.000000000000], [63,62,-0.007150595805], [64,62,-0.999984341008], [65,62,0.708159374722], [66,62,-0.702482176206], [67,62,0.000041971687], [21,63,-0.999982899857], [41,63,-0.999976947664], [43,63,0.999994244538], [44,63,-0.708159639213], [62,63,-0.007150595805], [63,63,2.000000000000], [65,63,0.711098329059], [84,63,0.006717132937], [85,63,0.004018276029], [24,64,-0.004098684925], [42,64,-0.709913873605], [45,64,-0.000638270517], [49,64,0.709954720736], [62,64,-0.999984341008], [64,64,2.000000000000], [65,64,-0.704197056038], [66,64,0.706454017164], [67,64,0.005554254400], [68,64,0.999997985680], [74,64,0.705502126899], [75,64,-0.006895368491], [76,64,-0.004525761859], [24,65,-0.707112336220], [42,65,-0.000128802541], [43,65,0.708708804660], [45,65,-0.709554969021], [62,65,0.708159374722], [63,65,0.711098329059], [64,65,-0.704197056038], [65,65,2.000000000000], [66,65,0.005029253391], [67,65,0.706082340453], [84,65,0.707853253248], [85,65,0.705944286234], [24,66,-0.710648530675], [42,66,-0.999987992711], [45,66,-0.708209707771], [50,66,0.709743858303], [62,66,-0.702482176206], [64,66,0.706454017164], [65,66,0.005029253391], [66,66,2.000000000000], [67,66,0.711671851326], [71,66,0.705630711106], [74,66,0.003189473456], [85,66,0.704708038120], [90,66,-0.699228271945], [91,66,-0.702700611475], [24,67,-0.999998940634], [42,67,-0.708220679204], [45,67,-0.999987916435], [62,67,0.000041971687], [64,67,0.005554254400], [65,67,0.706082340453], [66,67,0.711671851326], [67,67,2.000000000000], [87,67,0.999999697818], [105,67,-0.001112913988], [106,67,-0.000196847482], [107,67,-0.708018725626], [46,68,-0.713820088818], [48,68,-0.010706397583], [49,68,0.711366818004], [64,68,0.999997985680], [68,68,2.000000000000], [69,68,0.999993016682], [70,68,-0.703790204473], [71,68,-0.001000880029], [72,68,0.711169875630], [73,68,0.005667002239], [74,68,0.704078225617], [75,68,-0.008902453087], [76,68,-0.006532878389], [29,69,-0.002259826642], [46,69,-0.711197841071], [48,69,-0.006969347130], [53,69,0.705946336129], [55,69,-0.001016414254], [57,69,-0.705924142390], [68,69,0.999993016682], [69,69,2.000000000000], [70,69,-0.706440218804], [71,69,-0.004738061051], [72,69,0.708537589308], [73,69,0.001929832791], [46,70,0.004860262437], [48,70,-0.702832099600], [68,70,-0.703790204473], [69,70,-0.706440218804], [70,70,2.000000000000], [71,70,0.711111928185], [72,70,-0.001083302977], [73,70,0.706408086355], [84,70,-0.708865644682], [86,70,0.708732408757], [87,70,-0.704514450086], [88,70,-0.000109369904], [89,70,-0.705814079701], [46,71,-0.699614324146], [48,71,-0.999931468212], [50,71,0.999983054041], [66,71,0.705630711106], [68,71,-0.001000880029], [69,71,-0.004738061051], [70,71,0.711111928185], [71,71,2.000000000000], [72,71,0.702308056688], [73,71,0.999977769552], [74,71,0.710826762729], [85,71,-0.005471885186], [90,71,0.013165655921], [91,71,0.008297220825], [46,72,-0.999992867226], [48,72,-0.710593978295], [54,72,0.706825099952], [68,72,0.711169875630], [69,72,0.708537589308], [70,72,-0.001083302977], [71,72,0.702308056688], [72,72,2.000000000000], [73,72,0.707039117013], [75,72,0.709323501980], [86,72,0.706244765675], [90,72,0.702565113316], [92,72,-0.004515139888], [46,73,-0.704363097644], [48,73,-0.999987301396], [68,73,0.005667002239], [69,73,0.001929832791], [70,73,0.706408086355], [71,73,0.999977769552], [72,73,0.707039117013], [73,73,2.000000000000], [88,73,0.707882041868], [92,73,0.710359610967], [105,73,-0.000781483640], [108,73,-0.999997172720], [49,74,0.001768991687], [50,74,0.706719958541], [64,74,0.705502126899], [66,74,0.003189473456], [68,74,0.704078225617], [71,74,0.710826762729], [74,74,2.000000000000], [75,74,0.703826256745], [76,74,0.705507609515], [85,74,-0.707246158021], [90,74,0.712664664652], [91,74,0.709240800553], [49,75,-0.709125981915], [54,75,0.999993740827], [64,75,-0.006895368491], [68,75,-0.008902453087], [72,75,0.709323501980], [74,75,0.703826256745], [75,75,2.000000000000], [76,75,0.999997192391], [86,75,0.001921517754], [90,75,-0.003262579626], [92,75,-0.708078599025], [49,76,-0.707453198391], [64,76,-0.004525761859], [68,76,-0.006532878389], [74,76,0.705507609515], [75,76,0.999997192391], [76,76,2.000000000000], [93,76,0.705980959104], [106,76,-0.000831658071], [109,76,-0.001367131958], [110,76,0.001426385106], [111,76,-0.706725880754], [112,76,-0.707135402793], [33,77,0.004873072340], [38,77,-0.004837685051], [58,77,0.004282445472], [59,77,0.708236531756], [61,77,0.709482260713], [77,77,2.000000000000], [78,77,0.999971360725], [79,77,-0.001819802123], [80,77,0.709145289306], [81,77,0.005344335402], [33,78,-0.002695182593], [58,78,-0.003285813008], [61,78,0.704128451131], [77,78,0.999971360725], [78,78,2.000000000000], [79,78,0.005748442695], [82,78,0.708351220579], [83,78,0.000821313783], [33,79,-0.999995338718], [58,79,-0.999996967666], [60,79,0.999999244557], [61,79,-0.706013244860], [77,79,-0.001819802123], [78,79,0.005748442695], [79,79,2.000000000000], [80,79,0.706351715897], [96,79,-0.004366012885], [38,80,-0.708484750425], [59,80,0.004486029980], [60,80,0.707221271335], [77,80,0.709145289306], [79,80,0.706351715897], [80,80,2.000000000000], [81,80,0.708842220501], [96,80,0.704770353686], [38,81,-0.999999871649], [59,81,-0.702180087068], [77,81,0.005344335402], [80,81,0.708842220501], [81,81,2.000000000000], [98,81,0.999986604154], [101,81,0.706691252300], [120,81,-0.000726333005], [121,81,-0.709139388871], [78,82,0.708351220579], [82,82,2.000000000000], [83,82,0.706441688386], [97,82,0.710671472819], [98,82,-0.700599076340], [99,82,0.008517104426], [100,82,-0.704951024409], [78,83,0.000821313783], [82,83,0.706441688386], [83,83,2.000000000000], [99,83,0.701728739662], [102,83,0.999985134523], [117,83,-0.002730959959], [120,83,-0.002318895367], [122,83,-0.710657828714], [123,83,-0.999966286026], [43,84,0.003324400378], [63,84,0.006717132937], [65,84,0.707853253248], [70,84,-0.708865644682], [84,84,2.000000000000], [85,84,0.999996357981], [86,84,-0.999999982163], [87,84,-0.001168909515], [88,84,-0.705265998970], [89,84,0.000664023502], [43,85,0.000625509853], [50,85,0.000349772262], [63,85,0.004018276029], [65,85,0.705944286234], [66,85,0.704708038120], [71,85,-0.005471885186], [74,85,-0.707246158021], [84,85,0.999996357981], [85,85,2.000000000000], [90,85,-0.999970400375], [91,85,-0.999996008550], [54,86,-0.001616609577], [70,86,0.708732408757], [72,86,0.706244765675], [75,86,0.001921517754], [84,86,-0.999999982163], [86,86,2.000000000000], [87,86,0.001357786522], [88,86,0.705399889487], [89,86,-0.000475146375], [90,86,0.999986562561], [92,86,0.704771736679], [67,87,0.999999697818], [70,87,-0.704514450086], [84,87,-0.001168909515], [86,87,0.001357786522], [87,87,2.000000000000], [88,87,0.709766691602], [89,87,0.999998320178], [105,87,-0.001890321269], [106,87,-0.000974255507], [107,87,-0.708567512346], [70,88,-0.000109369904], [73,88,0.707882041868], [84,88,-0.705265998970], [86,88,0.705399889487], [87,88,0.709766691602], [88,88,2.000000000000], [89,88,0.708474314302], [92,88,0.005707797330], [105,88,0.705777255669], [108,88,-0.706200435490], [70,89,-0.705814079701], [84,89,0.000664023502], [86,89,-0.000475146375], [87,89,0.999998320178], [88,89,0.708474314302], [89,89,2.000000000000], [124,89,-0.001488932007], [126,89,-0.705464686045], [50,90,0.007344285507], [54,90,-0.006800662210], [66,90,-0.699228271945], [71,90,0.013165655921], [72,90,0.702565113316], [74,90,0.712664664652], [75,90,-0.003262579626], [85,90,-0.999970400375], [86,90,0.999986562561], [90,90,2.000000000000], [91,90,0.999988147805], [92,90,0.708440030491], [50,91,0.002475628740], [66,91,-0.702700611475], [71,91,0.008297220825], [74,91,0.709240800553], [85,91,-0.999996008550], [90,91,0.999988147805], [91,91,2.000000000000], [93,91,0.708769631363], [94,91,-0.706921805312], [95,91,0.002635915131], [54,92,-0.710572553839], [72,92,-0.004515139888], [73,92,0.710359610967], [75,92,-0.708078599025], [86,92,0.704771736679], [88,92,0.005707797330], [90,92,0.708440030491], [92,92,2.000000000000], [105,92,-0.704393837929], [108,92,-0.712031282369], [76,93,0.705980959104], [91,93,0.708769631363], [93,93,2.000000000000], [94,93,-0.002092836329], [95,93,0.707305817257], [106,93,-0.708817703472], [109,93,0.707264982645], [110,93,0.709237093887], [111,93,-0.999999446271], [112,93,0.001550409564], [91,94,-0.706921805312], [93,94,-0.002092836329], [94,94,2.000000000000], [95,94,0.705425865649], [110,94,0.706452804316], [113,94,0.704492357689], [117,94,-0.707677855942], [118,94,0.000258607904], [119,94,-0.706142760766], [91,95,0.002635915131], [93,95,0.707305817257], [94,95,0.705425865649], [95,95,2.000000000000], [112,95,0.705810225750], [114,95,0.999984412765], [118,95,0.708601257956], [128,95,-0.001194851120], [130,95,-0.002134600305], [60,96,-0.003136840721], [79,96,-0.004366012885], [80,96,0.704770353686], [96,96,2.000000000000], [97,96,0.999998175711], [101,96,0.706927156805], [102,96,-0.003248849330], [103,96,-0.004637306277], [82,97,0.710671472819], [96,97,0.999998175711], [97,97,2.000000000000], [98,97,0.004107406958], [99,97,0.709551373313], [100,97,-0.002009954999], [101,97,0.708276871988], [102,97,-0.001338729242], [103,97,-0.002727194113], [81,98,0.999986604154], [82,98,-0.700599076340], [97,98,0.004107406958], [98,98,2.000000000000], [99,98,0.707562180496], [100,98,0.999981288921], [101,98,0.703019614739], [120,98,-0.005902373668], [121,98,-0.712779359435], [82,99,0.008517104426], [83,99,0.701728739662], [97,99,0.709551373313], [98,99,0.707562180496], [99,99,2.000000000000], [100,99,0.703226118603], [102,99,0.705602974040], [117,99,0.710525176692], [120,99,0.710815075511], [122,99,0.002542428610], [123,99,-0.707555234036], [82,100,-0.704951024409], [97,100,-0.002009954999], [98,100,0.999981288921], [99,100,0.703226118603], [100,100,2.000000000000], [122,100,0.709176062260], [135,100,0.001691020641], [136,100,-0.703785765186], [81,101,0.706691252300], [96,101,0.706927156805], [97,101,0.708276871988], [98,101,0.703019614739], [101,101,2.000000000000], [102,101,0.704985927409], [103,101,0.704000517209], [120,101,0.707008586221], [121,101,-0.002291212690], [83,102,0.999985134523], [96,102,-0.003248849330], [97,102,-0.001338729242], [99,102,0.705602974040], [101,102,0.704985927409], [102,102,2.000000000000], [103,102,0.999999036079], [117,102,0.002721649807], [120,102,0.003133713946], [122,102,-0.706811161569], [123,102,-0.999996194351], [96,103,-0.004637306277], [97,103,-0.002727194113], [101,103,0.704000517209], [102,103,0.999999036079], [103,103,2.000000000000], [121,103,0.711810609909], [123,103,0.999999061014], [135,103,0.003046127688], [104,104,2.000000000000], [125,104,0.999999823108], [126,104,0.707639696762], [137,104,0.004495442975], [138,104,0.000179961261], [67,105,-0.001112913988], [73,105,-0.000781483640], [87,105,-0.001890321269], [88,105,0.705777255669], [92,105,-0.704393837929], [105,105,2.000000000000], [106,105,0.999999580411], [107,105,0.706981185713], [108,105,0.003159410858], [67,106,-0.000196847482], [76,106,-0.000831658071], [87,106,-0.000974255507], [93,106,-0.708817703472], [105,106,0.999999580411], [106,106,2.000000000000], [107,106,0.706333017128], [109,106,-0.999997582661], [110,106,-0.999999823150], [111,106,0.708074986162], [112,106,-0.706489819030], [67,107,-0.708018725626], [87,107,-0.708567512346], [105,107,0.706981185713], [106,107,0.706333017128], [107,107,2.000000000000], [108,107,0.704995180560], [111,107,-0.000276517954], [127,107,-0.708062672745], [128,107,-0.707400554238], [129,107,-0.703733787194], [73,108,-0.999997172720], [88,108,-0.706200435490], [92,108,-0.712031282369], [105,108,0.003159410858], [107,108,0