{
"N": {
"shape": [192, 160],
"data": [[3,0,-0.003102827647], [4,0,-0.999995186219], [6,0,0.003102827647], [7,0,0.999995186219], [3,1,0.000902127546], [4,1,-0.999999593083], [9,1,-0.000902127546], [10,1,0.999999593083], [3,2,-0.708497519220], [4,2,-0.705713302453], [30,2,0.708497519220], [31,2,0.705713302453], [6,3,0.004845616706], [7,3,-0.999988259930], [9,3,-0.004845616706], [10,3,0.999988259930], [6,4,-0.999952668653], [7,4,-0.009729360412], [30,4,0.999952668653], [31,4,0.009729360412], [6,5,-0.705020145676], [7,5,-0.709187277234], [33,5,0.705020145676], [34,5,0.709187277234], [9,6,-0.706505212381], [10,6,-0.707707838644], [36,6,0.706505212381], [37,6,0.707707838644], [12,7,-0.000991627737], [13,7,-0.999999508337], [15,7,0.000991627737], [16,7,0.999999508337], [12,8,-0.000739325308], [13,8,-0.999999726699], [18,8,0.000739325308], [19,8,0.999999726699], [12,9,-0.999998280540], [13,9,-0.001854431671], [36,9,0.999998280540], [37,9,0.001854431671], [12,10,-0.708423904387], [13,10,-0.705787200007], [39,10,0.708423904387], [40,10,0.705787200007], [15,11,-0.000485508221], [16,11,-0.999999882141], [18,11,0.000485508221], [19,11,0.999999882141], [15,12,0.000187769401], [16,12,-0.999999982371], [21,12,-0.000187769401], [22,12,0.999999982371], [15,13,-0.704792379886], [16,13,0.709413631991], [36,13,0.704792379886], [37,13,-0.709413631991], [15,14,-0.999997377198], [16,14,0.002290326757], [39,14,0.999997377198], [40,14,-0.002290326757], [15,15,-0.708285752872], [16,15,-0.705925840495], [42,15,0.708285752872], [43,15,0.705925840495], [15,16,-0.999995183231], [16,16,0.003103790503], [63,16,0.999995183231], [64,16,-0.003103790503], [18,17,-0.708393977074], [19,17,0.705817237850], [39,17,0.708393977074], [40,17,-0.705817237850], [18,18,-0.999997147232], [19,18,-0.002388624540], [42,18,0.999997147232], [43,18,0.002388624540], [18,19,-0.704867020223], [19,19,-0.709339470072], [45,19,0.704867020223], [46,19,0.709339470072], [18,20,-0.999998077468], [19,20,-0.001960882366], [66,20,0.999998077468], [67,20,0.001960882366], [21,21,-0.999998185360], [22,21,-0.001905065839], [45,21,0.999998185360], [46,21,0.001905065839], [21,22,-0.999997929153], [22,22,-0.002035113939], [69,22,0.999997929153], [70,22,0.002035113939], [24,23,-0.001880599982], [25,23,-0.999998231670], [30,23,0.001880599982], [31,23,0.999998231670], [24,24,-0.999999735590], [25,24,-0.000727200282], [48,24,0.999999735590], [49,24,0.000727200282], [24,25,-0.707790714693], [25,25,-0.706422185520], [51,25,0.707790714693], [52,25,0.706422185520], [24,26,-0.999999498073], [25,26,0.001001925342], [72,26,0.999999498073], [73,26,-0.001001925342], [27,27,-0.001141085408], [28,27,-0.999999348962], [30,27,0.001141085408], [31,27,0.999999348962], [27,28,0.000973030423], [28,28,-0.999999526606], [33,28,-0.000973030423], [34,28,0.999999526606], [27,29,-0.707628551115], [28,29,0.706584625962], [48,29,0.707628551115], [49,29,-0.706584625962], [27,30,-0.706766343354], [28,30,-0.707447055194], [54,30,0.706766343354], [55,30,0.707447055194], [27,31,-0.999999849377], [28,31,-0.000548858846], [75,31,0.999999849377], [76,31,0.000548858846], [30,32,0.003414350524], [31,32,-0.999994171088], [36,32,-0.003414350524], [37,32,0.999994171088], [30,33,-0.999995666439], [31,33,0.002943994407], [78,33,0.999995666439], [79,33,-0.002943994407], [33,34,0.003723246949], [34,34,-0.999993068692], [36,34,-0.003723246949], [37,34,0.999993068692], [33,35,-0.708669968529], [34,35,0.705540130471], [54,35,0.708669968529], [55,35,-0.705540130471], [33,36,-0.999994774105], [34,36,-0.003232918580], [57,36,0.999994774105], [58,36,0.003232918580], [39,37,0.000694236117], [40,37,-0.999999759018], [42,37,-0.000694236117], [43,37,0.999999759018], [39,38,0.002160846964], [40,38,-0.999997665367], [45,38,-0.002160846964], [46,38,0.999997665367], [39,39,-0.999997077336], [40,39,0.002417709381], [87,39,0.999997077336], [88,39,-0.002417709381], [42,40,-0.703662472307], [43,40,0.710534394007], [63,40,0.703662472307], [64,40,-0.710534394007], [42,41,-0.999998829558], [43,41,-0.001529994022], [66,41,0.999998829558], [67,41,0.001529994022], [42,42,-0.999999969729], [43,42,-0.000246051084], [90,42,0.999999969729], [91,42,0.000246051084], [45,43,-0.706234699500], [46,43,0.707977788650], [66,43,0.706234699500], [67,43,-0.707977788650], [48,44,0.004013444203], [49,44,-0.999991946100], [51,44,-0.004013444203], [52,44,0.999991946100], [48,45,-0.999996198262], [49,45,0.002757437494], [72,45,0.999996198262], [73,45,-0.002757437494], [48,46,-0.704263353673], [49,46,-0.709938820373], [75,46,0.704263353673], [76,46,0.709938820373], [51,47,-0.704564104517], [52,47,0.709640347377], [72,47,0.704564104517], [73,47,-0.709640347377], [51,48,-0.999993251029], [52,48,-0.003673948423], [75,48,0.999993251029], [76,48,0.003673948423], [51,49,-0.706534793734], [52,49,-0.707678306326], [78,49,0.706534793734], [79,49,0.707678306326], [51,50,-0.999999825499], [52,50,-0.000590763202], [99,50,0.999999825499], [100,50,0.000590763202], [54,51,-0.003144592022], [55,51,-0.999995055758], [57,51,0.003144592022], [58,51,0.999995055758], [54,52,-0.999992281034], [55,52,0.003929105728], [78,52,0.999992281034], [79,52,-0.003929105728], [54,53,-0.999999268326], [55,53,0.001209688626], [102,53,0.999999268326], [103,53,-0.001209688626], [57,54,0.002719011148], [58,54,-0.999996303482], [63,54,-0.002719011148], [64,54,0.999996303482], [57,55,-0.703961620238], [58,55,0.710238014494], [78,55,0.703961620238], [79,55,-0.710238014494], [60,56,0.006659737506], [61,56,-0.999977823702], [63,56,-0.006659737506], [64,56,0.999977823702], [60,57,0.003783985877], [61,57,-0.999992840700], [66,57,-0.003783985877], [67,57,0.999992840700], [60,58,-0.999982981354], [61,58,-0.005834124018], [84,58,0.999982981354], [85,58,0.005834124018], [60,59,-0.705200820386], [61,59,-0.709007618384], [87,59,0.705200820386], [88,59,0.709007618384], [60,60,-0.999999081414], [61,60,-0.001355422770], [108,60,0.999999081414], [109,60,0.001355422770], [63,61,-0.711928428135], [64,61,0.702252029697], [84,61,0.711928428135], [85,61,-0.702252029697], [63,62,-0.999999578063], [64,62,0.000918625510], [87,62,0.999999578063], [88,62,-0.000918625510], [63,63,-0.707429990915], [64,63,-0.706783423655], [90,63,0.707429990915], [91,63,0.706783423655], [66,64,-0.704591390602], [67,64,0.709613255435], [87,64,0.704591390602], [88,64,-0.709613255435], [66,65,-0.999999098973], [67,65,0.001342405536], [114,65,0.999999098973], [115,65,-0.001342405536], [69,66,-0.999999680936], [70,66,0.000798828597], [117,66,0.999999680936], [118,66,-0.000798828597], [72,67,-0.004075080253], [73,67,-0.999991696826], [75,67,0.004075080253], [76,67,0.999991696826], [75,68,-0.707224522109], [76,68,0.706989020655], [96,68,0.707224522109], [97,68,-0.706989020655], [75,69,-0.999996883261], [76,69,0.002496691292], [99,69,0.999996883261], [100,69,-0.002496691292], [78,70,-0.708290059608], [79,70,0.705921519335], [99,70,0.708290059608], [100,70,-0.705921519335], [81,71,0.000648147985], [82,71,-0.999999789952], [87,71,-0.000648147985], [88,71,0.999999789952], [81,72,-0.711435777627], [82,72,0.702751118329], [102,72,0.711435777627], [103,72,-0.702751118329], [81,73,-0.704573492480], [82,73,-0.709631026446], [108,73,0.704573492480], [109,73,0.709631026446], [84,74,0.007531446259], [85,74,-0.999971638256], [87,74,-0.007531446259], [88,74,0.999971638256], [84,75,0.000217668608], [85,75,-0.999999976310], [90,75,-0.000217668608], [91,75,0.999999976310], [84,76,-0.999995024511], [85,76,0.003154513310], [108,76,0.999995024511], [109,76,-0.003154513310], [84,77,-0.707040147380], [85,77,-0.707173408715], [111,77,0.707040147380], [112,77,0.707173408715], [84,78,-0.999997195452], [85,78,0.002368351206], [132,78,0.999997195452], [133,78,-0.002368351206], [87,79,-0.006993200788], [88,79,-0.999975547272], [90,79,0.006993200788], [91,79,0.999975547272], [87,80,-0.709010185304], [88,80,0.705198239600], [108,80,0.709010185304], [109,80,-0.705198239600], [87,81,-0.707587498615], [88,81,-0.706625736726], [114,81,0.707587498615], [115,81,0.706625736726], [90,82,-0.708962037882], [91,82,0.705246643978], [111,82,0.708962037882], [112,82,-0.705246643978], [90,83,-0.999998611970], [91,83,0.001666150387], [114,83,0.999998611970], [115,83,-0.001666150387], [93,84,-0.708203682688], [94,84,0.706008175467], [114,84,0.708203682688], [115,84,-0.706008175467], [93,85,-0.999983823983], [94,85,-0.005687861848], [117,85,0.999983823983], [118,85,0.005687861848], [93,86,-0.999999967492], [94,86,-0.000254980617], [141,86,0.999999967492], [142,86,0.000254980617], [96,87,0.002712715652], [97,87,-0.999996320580], [99,87,-0.002712715652], [100,87,0.999996320580], [96,88,-0.999999555147], [97,88,-0.000943242110], [120,88,0.999999555147], [121,88,0.000943242110], [96,89,-0.710041624628], [97,89,-0.704159705816], [123,89,0.710041624628], [124,89,0.704159705816], [99,90,-0.002173802651], [100,90,-0.999997637288], [105,90,0.002173802651], [106,90,0.999997637288], [99,91,-0.999988781640], [100,91,0.004736728125], [123,91,0.999988781640], [124,91,-0.004736728125], [102,92,0.001221437390], [103,92,-0.999999254045], [105,92,-0.001221437390], [106,92,0.999999254045], [102,93,0.004213937064], [103,93,-0.999991121328], [108,93,-0.004213937064], [109,93,0.999991121328], [102,94,-0.705367714588], [103,94,0.708841581185], [123,94,0.705367714588], [124,94,-0.708841581185], [102,95,-0.706959670247], [103,95,-0.707253861527], [129,95,0.706959670247], [130,95,0.707253861527], [105,96,-0.704397612296], [106,96,0.709805609862], [126,96,0.704397612296], [127,96,-0.709805609862], [105,97,-0.999998390918], [106,97,0.001793923245], [129,97,0.999998390918], [130,97,-0.001793923245], [105,98,-0.999999823620], [106,98,-0.000593935375], [153,98,0.999999823620], [154,98,0.000593935375], [108,99,-0.008314718895], [109,99,-0.999965432127], [111,99,0.008314718895], [112,99,0.999965432127], [108,100,-0.002677407755], [109,100,-0.999996415737], [114,100,0.002677407755], [115,100,0.999996415737], [108,101,-0.710082189987], [109,101,-0.704118799255], [135,101,0.710082189987], [136,101,0.704118799255], [111,102,0.003015693059], [112,102,-0.999995452787], [114,102,-0.003015693059], [115,102,0.999995452787], [111,103,-0.703581733487], [112,103,0.710614342878], [132,103,0.703581733487], [133,103,-0.710614342878], [111,104,-0.999970325915], [112,104,0.007703719229], [135,104,0.999970325915], [136,104,-0.007703719229], [111,105,-0.709008497158], [112,105,-0.705199936867], [138,105,0.709008497158], [139,105,0.705199936867], [111,106,-0.999999290310], [112,106,0.001191377222], [159,106,0.999999290310], [160,106,-0.001191377222], [117,107,-0.999986715162], [118,107,0.005154560986], [141,107,0.999986715162], [142,107,-0.005154560986], [123,108,0.006725020361], [124,108,-0.999977386795], [126,108,-0.006725020361], [127,108,0.999977386795], [123,109,0.001058167696], [124,109,-0.999999440140], [129,109,-0.001058167696], [130,109,0.999999440140], [126,110,-0.709357618419], [127,110,0.704848756253], [147,110,0.709357618419], [148,110,-0.704848756253], [126,111,-0.999999327488], [127,111,-0.001159751756], [150,111,0.999999327488], [151,111,0.001159751756], [126,112,-0.708911352065], [127,112,-0.705297593157], [153,112,0.708911352065], [154,112,0.705297593157], [126,113,-0.999995119176], [127,113,-0.003124359722], [174,113,0.999995119176], [175,113,0.003124359722], [129,114,0.000175278639], [130,114,-0.999999984639], [135,114,-0.000175278639], [136,114,0.999999984639], [129,115,-0.707215543083], [130,115,0.706998002559], [150,115,0.707215543083], [151,115,-0.706998002559], [129,116,-0.708039274451], [130,116,-0.706173056577], [156,116,0.708039274451], [157,116,0.706173056577], [129,117,-0.999999999450], [130,117,-0.000033157967], [177,117,0.999999999450], [178,117,0.000033157967], [132,118,-0.000769419269], [133,118,-0.999999703997], [135,118,0.000769419269], [136,118,0.999999703997], [132,119,-0.999999992044], [133,119,0.000126145238], [156,119,0.999999992044], [157,119,-0.000126145238], [132,120,-0.999999864869], [133,120,0.000519867000], [180,120,0.999999864869], [181,120,-0.000519867000], [135,121,-0.709375883087], [136,121,0.704830374270], [156,121,0.709375883087], [157,121,-0.704830374270], [135,122,-0.999985847913], [136,122,-0.005320147976], [159,122,0.999985847913], [160,122,0.005320147976], [135,123,-0.705628401171], [136,123,-0.708582076729], [162,123,0.705628401171], [163,123,0.708582076729], [138,124,-0.000302220898], [139,124,-0.999999954331], [141,124,0.000302220898], [142,124,0.999999954331], [138,125,-0.708621700378], [139,125,0.705588609428], [159,125,0.708621700378], [160,125,-0.705588609428], [138,126,-0.999963691461], [139,126,-0.008521488058], [162,126,0.999963691461], [163,126,0.008521488058], [138,127,-0.707430855550], [139,127,-0.706782558228], [165,127,0.707430855550], [166,127,0.706782558228], [138,128,-0.999996389828], [139,128,-0.002687067197], [186,128,0.999996389828], [187,128,0.002687067197], [141,129,-0.710662059645], [142,129,0.703533536501], [162,129,0.710662059645], [163,129,-0.703533536501], [141,130,-0.999995624065], [142,130,-0.002958352814], [189,130,0.999995624065], [190,130,0.002958352814], [144,131,0.000592769625], [145,131,-0.999999824312], [147,131,-0.000592769625], [148,131,0.999999824312], [144,132,0.000152030179], [145,132,-0.999999988443], [150,132,-0.000152030179], [151,132,0.999999988443], [144,133,-0.706812407793], [145,133,-0.707401032082], [171,133,0.706812407793], [172,133,0.707401032082], [147,134,-0.000290514581], [148,134,-0.999999957801], [150,134,0.000290514581], [151,134,0.999999957801], [147,135,-0.002321557210], [148,135,-0.999997305182], [153,135,0.002321557210], [154,135,0.999997305182], [147,136,-0.705096274729], [148,136,-0.709111587385], [174,136,0.705096274729], [175,136,0.709111587385], [150,137,-0.004345365208], [151,137,-0.999990558856], [153,137,0.004345365208], [154,137,0.999990558856], [150,138,-0.705562162672], [151,138,0.708648032951], [171,138,0.705562162672], [172,138,-0.708648032951], [150,139,-0.999986987198], [151,139,-0.005101512976], [174,139,0.999986987198], [175,139,0.005101512976], [150,140,-0.709496307100], [151,140,-0.704709152922], [177,140,0.709496307100], [178,140,0.704709152922], [153,141,-0.705789702254], [154,141,0.708421411444], [174,141,0.705789702254], [175,141,-0.708421411444], [153,142,-0.999995764214], [154,142,0.002910593520], [177,142,0.999995764214], [178,142,-0.002910593520], [153,143,-0.706442566781], [154,143,-0.707770372254], [180,143,0.706442566781], [181,143,0.707770372254], [156,144,0.000980067813], [157,144,-0.999999519733], [162,144,-0.000980067813], [163,144,0.999999519733], [156,145,-0.706226279143], [157,145,0.707986188176], [177,145,0.706226279143], [178,145,-0.707986188176], [156,146,-0.999999578671], [157,146,0.000917963992], [180,146,0.999999578671], [181,146,-0.000917963992], [159,147,-0.005949564416], [160,147,-0.999982301185], [162,147,0.005949564416], [163,147,0.999982301185], [159,148,-0.002316098143], [160,148,-0.999997317841], [165,148,0.002316098143], [166,148,0.999997317841], [159,149,-0.710449590639], [160,149,-0.703748093540], [186,149,0.710449590639], [187,149,0.703748093540], [162,150,-0.702668512464], [163,150,0.711517365629], [183,150,0.702668512464], [184,150,-0.711517365629], [162,151,-0.999995022513], [163,151,0.003155146582], [186,151,0.999995022513], [187,151,-0.003155146582], [165,152,-0.709824152965], [166,152,0.704378926337], [186,152,0.709824152965], [187,152,-0.704378926337], [165,153,-0.999979688291], [166,153,-0.006373617870], [189,153,0.999979688291], [190,153,0.006373617870], [168,154,0.001905463473], [169,154,-0.999998184603], [174,154,-0.001905463473], [175,154,0.999998184603], [171,155,0.000478679711], [172,155,-0.999999885433], [174,155,-0.000478679711], [175,155,0.999999885433], [171,156,-0.003911070074], [172,156,-0.999992351736], [177,156,0.003911070074], [178,156,0.999992351736], [183,157,-0.005799592511], [184,157,-0.999983182222], [186,157,0.005799592511], [187,157,0.999983182222], [183,158,-0.000244759558], [184,158,-0.999999970046], [189,158,0.000244759558], [190,158,0.999999970046], [186,159,0.005329757591], [187,159,-0.999985796741], [189,159,-0.005329757591], [190,159,0.999985796741], ]
},
"Q": {
"shape": [160, 160],
"data": [[0,0,2.000000000000], [1,0,0.999991980157], [2,0,0.707908250994], [3,0,-0.999968411092], [4,0,-0.012831994362], [5,0,-0.711371419361], [0,1,0.999991980157], [1,1,2.000000000000], [2,1,0.705073860158], [3,1,0.999992224382], [6,1,-0.707070192853], [0,2,0.707908250994], [1,2,0.705073860158], [2,2,2.000000000000], [4,2,0.715330124144], [23,2,0.707044454942], [27,2,0.706521299188], [32,2,-0.703290130037], [33,2,-0.706416832887], [0,3,-0.999968411092], [1,3,0.999992224382], [3,3,2.000000000000], [4,3,0.004883858832], [5,3,0.705762693931], [6,3,-0.704276076645], [0,4,-0.012831994362], [2,4,0.715330124144], [3,4,0.004883858832], [4,4,2.000000000000], [5,4,0.711886714742], [23,4,0.011609854178], [27,4,0.010870385476], [32,4,-0.006315114782], [33,4,-0.999919692114], [0,5,-0.711371419361], [3,5,0.705762693931], [4,5,0.711886714742], [5,5,2.000000000000], [28,5,0.708500935458], [34,5,-0.706557397533], [35,5,0.000733479659], [36,5,-0.707309206040], [1,6,-0.707070192853], [3,6,-0.704276076645], [6,6,2.000000000000], [9,6,0.707816393403], [13,6,-0.004118098166], [32,6,0.705291457036], [34,6,0.705072439927], [7,7,2.000000000000], [8,7,0.999999968172], [9,7,0.002846056791], [10,7,0.706489345790], [11,7,-0.999999871921], [12,7,-0.999999304511], [13,7,0.708714391526], [14,7,0.001298700495], [15,7,-0.706627849215], [16,7,0.002112166017], [7,8,0.999999968172], [8,8,2.000000000000], [9,8,0.002593755202], [10,8,0.706310762836], [11,8,0.999999967788], [17,8,0.705293311354], [18,8,-0.003127947086], [19,8,-0.709860402236], [20,8,-0.002700205717], [6,9,0.707816393403], [7,9,0.002846056791], [8,9,0.002593755202], [9,9,2.000000000000], [10,9,0.709731520417], [13,9,0.703475608917], [32,9,-0.001559923791], [34,9,-0.001868821729], [7,10,0.706489345790], [8,10,0.706310762836], [9,10,0.709731520417], [10,10,2.000000000000], [14,10,0.706805563022], [17,10,0.003686455064], [37,10,-0.705295216465], [38,10,-0.704254756610], [39,10,-0.706715445568], [7,11,-0.999999871921], [8,11,0.999999967788], [11,11,2.000000000000], [12,11,0.999999773349], [13,11,-0.709071365886], [14,11,-0.001804819540], [15,11,0.706269635851], [16,11,-0.002618284255], [17,11,0.705473223563], [18,11,-0.002874131094], [19,11,-0.709681605203], [20,11,-0.002446389422], [7,12,-0.999999304511], [11,12,0.999999773349], [12,12,2.000000000000], [13,12,-0.709545957928], [14,12,-0.002478095626], [15,12,0.705792833659], [16,12,-0.003291558945], [21,12,-0.001717296745], [22,12,-0.001847344891], [6,13,-0.004118098166], [7,13,0.708714391526], [9,13,0.703475608917], [11,13,-0.709071365886], [12,13,-0.709545957928], [13,13,2.000000000000], [14,13,0.706415320379], [15,13,-0.001599013016], [16,13,0.706990856357], [32,13,-0.711815905113], [34,13,-0.712032830905], [7,14,0.001298700495], [10,14,0.706805563022], [11,14,-0.001804819540], [12,14,-0.002478095626], [13,14,0.706415320379], [14,14,2.000000000000], [15,14,0.706667094338], [16,14,0.999999669136], [17,14,0.710008671202], [37,14,0.002984560501], [38,14,0.004451162706], [39,14,-0.999999991887], [7,15,-0.706627849215], [11,15,0.706269635851], [12,15,0.705792833659], [13,15,-0.001599013016], [14,15,0.706667094338], [15,15,2.000000000000], [16,15,0.706091295303], [18,15,0.709969924083], [37,15,0.705433952829], [40,15,0.003190485324], [41,15,-0.709364986181], [42,15,-0.708459425250], [7,16,0.002112166017], [11,16,-0.002618284255], [12,16,-0.003291558945], [13,16,0.706990856357], [14,16,0.999999669136], [15,16,0.706091295303], [16,16,2.000000000000], [40,16,0.705864432832], [54,16,-0.005822777081], [56,16,-0.009763427100], [61,16,-0.714104642120], [62,16,-0.999997612517], [63,16,-0.705232875710], [8,17,0.705293311354], [10,17,0.003686455064], [11,17,0.705473223563], [14,17,0.710008671202], [17,17,2.000000000000], [18,17,0.706706023815], [19,17,-0.001340473700], [20,17,0.707008590589], [37,17,0.706308860444], [38,17,0.707346321000], [39,17,-0.710098367633], [8,18,-0.003127947086], [11,18,-0.002874131094], [15,18,0.709969924083], [17,18,0.706706023815], [18,18,2.000000000000], [19,18,0.706559355067], [20,18,0.999999908518], [37,18,0.001694389828], [40,18,-0.701963265032], [41,18,-0.999999631375], [42,18,-0.999997704686], [8,19,-0.709860402236], [11,19,-0.709681605203], [17,19,-0.001340473700], [18,19,0.706559355067], [19,19,2.000000000000], [20,19,0.706256596352], [21,19,0.706217079536], [38,19,0.707814704264], [43,19,0.004395041209], [8,20,-0.002700205717], [11,20,-0.002446389422], [17,20,0.707008590589], [18,20,0.999999908518], [19,20,0.706256596352], [20,20,2.000000000000], [41,20,0.999999907167], [43,20,0.704845080580], [57,20,-0.001823110275], [64,20,-0.703198567884], [65,20,-0.999994544144], [12,21,-0.001717296745], [19,21,0.706217079536], [21,21,2.000000000000], [22,21,0.999999991544], [38,21,-0.000255781652], [43,21,-0.704884673639], [12,22,-0.001847344891], [21,22,0.999999991544], [22,22,2.000000000000], [66,22,-0.999995984383], [2,23,0.707044454942], [4,23,0.011609854178], [23,23,2.000000000000], [24,23,0.002607798481], [25,23,0.707752007538], [26,23,0.000878675467], [27,23,0.999999726558], [32,23,-0.999985981741], [33,23,0.001063397369], [23,24,0.002607798481], [24,24,2.000000000000], [25,24,0.708304237958], [26,24,0.999998505062], [29,24,0.707114535472], [44,24,0.003286248716], [45,24,-0.999993928644], [46,24,-0.704779435170], [23,25,0.707752007538], [24,25,0.708304237958], [25,25,2.000000000000], [26,25,0.707082577143], [44,25,0.703575817526], [47,25,0.002621754045], [48,25,-0.710381296508], [49,25,-0.999998422412], [50,25,-0.708207919415], [23,26,0.000878675467], [24,26,0.999998505062], [25,26,0.707082577143], [26,26,2.000000000000], [45,26,0.999998459083], [47,26,0.705274757525], [67,26,-0.003073161184], [2,27,0.706521299188], [4,27,0.010870385476], [23,27,0.999999726558], [27,27,2.000000000000], [28,27,0.999997765257], [29,27,-0.705776701335], [30,27,0.708253075380], [31,27,0.001689943725], [32,27,-0.999989623988], [33,27,0.001802912028], [5,28,0.708500935458], [27,28,0.999997765257], [28,28,2.000000000000], [29,28,-0.707272835578], [30,28,0.706759015138], [31,28,-0.000424171690], [34,28,-0.999996218134], [35,28,0.706229353912], [36,28,-0.002259891711], [24,29,0.707114535472], [27,29,-0.705776701335], [28,29,-0.707272835578], [29,29,2.000000000000], [30,29,0.000256830642], [31,29,0.707240629307], [44,29,0.709418962907], [45,29,-0.709574223837], [46,29,0.003274999286], [27,30,0.708253075380], [28,30,0.706759015138], [29,30,0.000256830642], [30,30,2.000000000000], [31,30,0.707154525473], [35,30,0.001731794679], [51,30,-0.709666049210], [52,30,-0.703981253572], [53,30,-0.705910035575], [27,31,0.001689943725], [28,31,-0.000424171690], [29,31,0.707240629307], [30,31,0.707154525473], [31,31,2.000000000000], [46,31,0.704652903797], [48,31,0.999995116886], [67,31,0.004623933928], [68,31,-0.706836378407], [69,31,-0.999995362308], [2,32,-0.703290130037], [4,32,-0.006315114782], [6,32,0.705291457036], [9,32,-0.001559923791], [13,32,-0.711815905113], [23,32,-0.999985981741], [27,32,-0.999989623988], [32,32,2.000000000000], [33,32,-0.006358312974], [34,32,0.999999952291], [2,33,-0.706416832887], [4,33,-0.999919692114], [23,33,0.001063397369], [27,33,0.001802912028], [32,33,-0.006358312974], [33,33,2.000000000000], [49,33,0.704448330946], [52,33,0.999999514772], [55,33,0.706049506319], [70,33,-0.710365219194], [5,34,-0.706557397533], [6,34,0.705072439927], [9,34,-0.001868821729], [13,34,-0.712032830905], [28,34,-0.999996218134], [32,34,0.999999952291], [34,34,2.000000000000], [35,34,-0.708173793453], [36,34,-0.000490331320], [5,35,0.000733479659], [28,35,0.706229353912], [30,35,0.001731794679], [34,35,-0.708173793453], [35,35,2.000000000000], [36,35,0.706385311298], [51,35,0.703308164180], [52,35,-0.711436640098], [53,35,-0.709522933885], [5,36,-0.707309206040], [28,36,-0.002259891711], [34,36,-0.000490331320], [35,36,0.706385311298], [36,36,2.000000000000], [51,36,0.006377478185], [54,36,-0.000513909690], [55,36,-0.701661799735], [10,37,-0.705295216465], [14,37,0.002984560501], [15,37,0.705433952829], [17,37,0.706308860444], [18,37,0.001694389828], [37,37,2.000000000000], [38,37,0.999998924524], [39,37,-0.003111942886], [40,37,0.711022730683], [41,37,-0.000835758349], [42,37,0.000448185071], [10,38,-0.704254756610], [14,38,0.004451162706], [17,38,0.707346321000], [19,38,0.707814704264], [21,38,-0.000255781652], [37,38,0.999998924524], [38,38,2.000000000000], [39,38,-0.004578544384], [43,38,0.709502200888], [10,39,-0.706715445568], [14,39,-0.999999991887], [17,39,-0.710098367633], [37,39,-0.003111942886], [38,39,-0.004578544384], [39,39,2.000000000000], [59,39,0.703484584952], [62,39,0.999998876371], [64,39,0.706304969943], [71,39,-0.003065854963], [74,39,-0.009949065058], [79,39,-0.004575530088], [80,39,-0.710713077505], [81,39,-0.705877014903], [15,40,0.003190485324], [16,40,0.705864432832], [18,40,-0.701963265032], [37,40,0.711022730683], [40,40,2.000000000000], [41,40,0.702574535336], [42,40,0.703487623249], [54,40,-0.712445033611], [56,40,-0.715204844343], [61,40,-0.999931538208], [62,40,-0.704314890426], [63,40,0.004401995229], [15,41,-0.709364986181], [18,41,-0.999999631375], [20,41,0.999999907167], [37,41,-0.000835758349], [40,41,0.702574535336], [41,41,2.000000000000], [42,41,0.999999175745], [43,41,0.705150671109], [57,41,-0.002253998380], [64,41,-0.703504861880], [65,41,-0.999995874660], [15,42,-0.708459425250], [18,42,-0.999997704686], [37,42,0.000448185071], [40,42,0.703487623249], [41,42,0.999999175745], [42,42,2.000000000000], [63,42,0.707603874329], [75,42,0.000028382477], [79,42,0.007239245644], [82,42,-0.708788489720], [83,42,-0.999998171742], [19,43,0.004395041209], [20,43,0.704845080580], [21,43,-0.704884673639], [38,43,0.709502200888], [41,43,0.705150671109], [43,43,2.000000000000], [57,43,-0.710645102154], [64,43,-0.999997312392], [65,43,-0.707184456467], [24,44,0.003286248716], [25,44,0.703575817526], [29,44,0.709418962907], [44,44,2.000000000000], [45,44,-0.006770844231], [46,44,0.707106580923], [47,44,0.712462360726], [48,44,0.000339498283], [49,44,-0.704836968783], [50,44,0.003422685059], [24,45,-0.999993928644], [26,45,0.999998459083], [29,45,-0.709574223837], [44,45,-0.006770844231], [45,45,2.000000000000], [46,45,0.702303064327], [47,45,0.706518214850], [67,45,-0.001317650162], [24,46,-0.704779435170], [29,46,0.003274999286], [31,46,0.704652903797], [44,46,0.707106580923], [45,46,0.702303064327], [46,46,2.000000000000], [48,46,0.706866879230], [67,46,0.712802855313], [68,46,0.003846637600], [69,46,-0.702488660598], [25,47,0.002621754045], [26,47,0.705274757525], [44,47,0.712462360726], [45,47,0.706518214850], [47,47,2.000000000000], [48,47,0.701952167399], [49,47,-0.004398024875], [50,47,0.704144752167], [67,47,0.706763299841], [25,48,-0.710381296508], [31,48,0.999995116886], [44,48,0.000339498283], [46,48,0.706866879230], [47,48,0.701952167399], [48,48,2.000000000000], [49,48,0.709129998948], [50,48,0.999995246963], [67,48,0.007748970668], [68,48,-0.704622307874], [69,48,-0.999980961596], [25,49,-0.999998422412], [33,49,0.704448330946], [44,49,-0.704836968783], [47,49,-0.004398024875], [48,49,0.709129998948], [49,49,2.000000000000], [50,49,0.706952740745], [52,49,0.703748797129], [55,49,-0.005246657034], [70,49,-0.000866225966], [25,50,-0.708207919415], [44,50,0.003422685059], [47,50,0.704144752167], [48,50,0.999995246963], [49,50,0.706952740745], [50,50,2.000000000000], [69,50,0.999995233808], [70,50,0.707872903554], [87,50,-0.002121954151], [90,50,-0.002764564078], [91,50,-0.999985808857], [30,51,-0.709666049210], [35,51,0.703308164180], [36,51,0.006377478185], [51,51,2.000000000000], [52,51,-0.000784518552], [53,51,0.001934907077], [54,51,-0.999982809078], [55,51,0.708020830811], [30,52,-0.703981253572], [33,52,0.999999514772], [35,52,-0.711436640098], [49,52,0.703748797129], [51,52,-0.000784518552], [52,52,2.000000000000], [53,52,0.999996302361], [55,52,0.706746786633], [70,52,-0.711058232626], [30,53,-0.705910035575], [35,53,-0.709522933885], [51,53,0.001934907077], [52,53,0.999996302361], [53,53,2.000000000000], [72,53,0.712285367122], [92,53,0.002431124220], [93,53,0.005423611866], [94,53,-0.706224676087], [95,53,-0.706103596031], [16,54,-0.005822777081], [36,54,-0.000513909690], [40,54,-0.712445033611], [51,54,-0.999982809078], [54,54,2.000000000000], [55,54,-0.712149468580], [56,54,0.999992235167], [61,54,0.704185175143], [62,54,0.003637632115], [63,54,-0.704857300986], [33,55,0.706049506319], [36,55,-0.701661799735], [49,55,-0.005246657034], [51,55,0.708020830811], [52,55,0.706746786633], [54,55,-0.712149468580], [55,55,2.000000000000], [70,55,-0.999981316241], [16,56,-0.009763427100], [40,56,-0.715204844343], [54,56,0.999992235167], [56,56,2.000000000000], [57,56,0.999995864914], [58,56,-0.000825629528], [59,56,0.704295442867], [60,56,-0.005304338677], [61,56,0.706977712802], [62,56,0.007578339834], [63,56,-0.702056451772], [20,57,-0.001823110275], [41,57,-0.002253998380], [43,57,-0.710645102154], [56,57,0.999995864914], [57,57,2.000000000000], [58,57,0.002050160771], [59,57,0.706334072440], [60,57,-0.002428569336], [64,57,0.712274338972], [65,57,0.005126378393], [56,58,-0.000825629528], [57,58,0.002050160771], [58,58,2.000000000000], [59,58,0.709325257198], [60,58,0.999989970488], [61,58,0.707819286643], [74,58,0.001697359532], [75,58,-0.005616458976], [76,58,-0.999959602127], [77,58,-0.711153851882], [78,58,-0.999966359599], [39,59,0.703484584952], [56,59,0.704295442867], [57,59,0.706334072440], [58,59,0.709325257198], [59,59,2.000000000000], [60,59,0.706161177669], [62,59,0.704549210352], [64,59,-0.006242777520], [71,59,0.708550394968], [74,59,0.703676327611], [79,59,-0.713921892146], [80,59,-0.000003639992], [81,59,-0.999994315203], [56,60,-0.005304338677], [57,60,-0.002428569336], [58,60,0.999989970488], [59,60,0.706161177669], [60,60,2.000000000000], [73,60,0.705534695320], [76,60,0.999989830230], [80,60,0.708053692267], [93,60,-0.002858522458], [99,60,-0.009670087172], [100,60,-0.004032823207], [101,60,-0.711035916368], [16,61,-0.714104642120], [40,61,-0.999931538208], [54,61,0.704185175143], [56,61,0.706977712802], [58,61,0.707819286643], [61,61,2.000000000000], [62,61,0.712573234375], [63,61,0.007299427629], [74,61,0.707593963302], [75,61,0.702406977531], [76,61,-0.714140149317], [77,61,-0.006748019135], [78,61,-0.713589610939], [16,62,-0.999997612517], [39,62,0.999998876371], [40,62,-0.704314890426], [54,62,0.003637632115], [56,62,0.007578339834], [59,62,0.704549210352], [61,62,0.712573234375], [62,62,2.000000000000], [63,62,0.706780423142], [64,62,0.705242962148], [71,62,-0.001566773028], [74,62,-0.008450042537], [79,62,-0.006074594791], [80,62,-0.709657699239], [81,62,-0.706938075631], [16,63,-0.705232875710], [40,63,0.004401995229], [42,63,0.707603874329], [54,63,-0.704857300986], [56,63,-0.702056451772], [61,63,0.007299427629], [62,63,0.706780423142], [63,63,2.000000000000], [75,63,0.706629421610], [79,63,0.711713340843], [82,63,-0.003084370466], [83,63,-0.706251401507], [20,64,-0.703198567884], [39,64,0.706304969943], [41,64,-0.703504861880], [43,64,-0.999997312392], [57,64,0.712274338972], [59,64,-0.006242777520], [62,64,0.705242962148], [64,64,2.000000000000], [65,64,0.705543344509], [71,64,-0.710069785872], [74,64,-0.714899721759], [79,64,0.704668554387], [80,64,-0.999980490944], [81,64,0.002870929790], [20,65,-0.999994544144], [41,65,-0.999995874660], [43,65,-0.707184456467], [57,65,0.005126378393], [64,65,0.705543344509], [65,65,2.000000000000], [81,65,0.706638282759], [83,65,0.999999947595], [84,65,0.709150793861], [100,65,0.001335004618], [102,65,-0.004358089774], [22,66,-0.999995984383], [66,66,2.000000000000], [85,66,0.999978961298], [107,66,-0.999990513714], [26,67,-0.003073161184], [31,67,0.004623933928], [45,67,-0.001317650162], [46,67,0.712802855313], [47,67,0.706763299841], [48,67,0.007748970668], [67,67,2.000000000000], [68,67,0.704101153718], [69,67,-0.001578396990], [31,68,-0.706836378407], [46,68,0.003846637600], [48,68,-0.704622307874], [67,68,0.704101153718], [68,68,2.000000000000], [69,68,0.708987451207], [87,68,0.708904918377], [88,68,-0.706557345683], [89,68,-0.004325667856], [31,69,-0.999995362308], [46,69,-0.702488660598], [48,69,-0.999980961596], [50,69,0.999995233808], [67,69,-0.001578396990], [68,69,0.708987451207], [69,69,2.000000000000], [70,69,0.710050320163], [87,69,-0.005209389303], [90,69,0.000322889517], [91,69,-0.999997491085], [33,70,-0.710365219194], [49,70,-0.000866225966], [50,70,0.707872903554], [52,70,-0.711058232626], [55,70,-0.999981316241], [69,70,0.710050320163], [70,70,2.000000000000], [87,70,-0.707840311485], [90,70,0.704380168637], [91,70,-0.711625872070], [39,71,-0.003065854963], [59,71,0.708550394968], [62,71,-0.001566773028], [64,71,-0.710069785872], [71,71,2.000000000000], [72,71,-0.703212086383], [73,71,0.709174209500], [74,71,0.999976309706], [79,71,-0.999970804601], [80,71,0.705657634997], [81,71,-0.706166966889], [53,72,0.712285367122], [71,72,-0.703212086383], [72,72,2.000000000000], [73,72,0.002564793081], [92,72,0.703619568368], [93,72,0.705742824424], [94,72,-0.999963042437], [95,72,-0.005932960622], [60,73,0.705534695320], [71,73,0.709174209500], [72,73,0.002564793081], [73,73,2.000000000000], [76,73,0.702331446364], [80,73,-0.000880768151], [93,73,0.706655697511], [99,73,-0.715464826542], [100,73,-0.711514913475], [101,73,-0.999969634802], [39,74,-0.009949065058], [58,74,0.001697359532], [59,74,0.703676327611], [61,74,0.707593963302], [62,74,-0.008450042537], [64,74,-0.714899721759], [71,74,0.999976309706], [74,74,2.000000000000], [75,74,0.999973253927], [76,74,-0.010685832629], [77,74,0.701828317171], [78,74,-0.009899709173], [79,74,-0.999894517306], [80,74,0.710518111056], [81,74,-0.701276538368], [42,75,0.000028382477], [58,75,-0.005616458976], [61,75,0.702406977531], [63,75,0.706629421610], [74,75,0.999973253927], [75,75,2.000000000000], [76,75,-0.003372180760], [77,75,0.707019491517], [78,75,-0.002586019148], [79,75,0.999974001383], [82,75,0.705400946051], [83,75,0.001883818653], [58,76,-0.999959602127], [60,76,0.999989830230], [61,76,-0.714140149317], [73,76,0.702331446364], [74,76,-0.010685832629], [75,76,-0.003372180760], [76,76,2.000000000000], [77,76,0.704805841579], [78,76,0.999999690972], [80,76,0.711231214865], [93,76,-0.007368401399], [99,76,-0.005160273260], [100,76,0.000477107570], [101,76,-0.707857504856], [58,77,-0.711153851882], [61,77,-0.006748019135], [74,77,0.701828317171], [75,77,0.707019491517], [76,77,0.704805841579], [77,77,2.000000000000], [78,77,0.705363329457], [82,77,0.002532950545], [99,77,0.713027803307], [102,77,-0.705037976981], [103,77,0.005067034596], [104,77,-0.701571301223], [105,77,-0.999996115504], [106,77,-0.706197135310], [58,78,-0.999966359599], [61,78,-0.713589610939], [74,78,-0.009899709173], [75,78,-0.002586019148], [76,78,0.999999690972], [77,78,0.705363329457], [78,78,2.000000000000], [103,78,0.705262744595], [118,78,0.001598933394], [119,78,-0.999997486252], [120,78,-0.999998291550], [39,79,-0.004575530088], [42,79,0.007239245644], [59,79,-0.713921892146], [62,79,-0.006074594791], [63,79,0.711713340843], [64,79,0.704668554387], [71,79,-0.999970804601], [74,79,-0.999894517306], [75,79,0.999974001383], [79,79,2.000000000000], [80,79,-0.700222744993], [81,79,0.711556759252], [82,79,0.700271484892], [83,79,-0.005327081437], [39,80,-0.710713077505], [59,80,-0.000003639992], [60,80,0.708053692267], [62,80,-0.709657699239], [64,80,-0.999980490944], [71,80,0.705657634997], [73,80,-0.000880768151], [74,80,0.710518111056], [76,80,0.711231214865], [79,80,-0.700222744993], [80,80,2.000000000000], [81,80,0.003375517917], [93,80,-0.708179702674], [99,80,0.699278642013], [100,80,0.703297402616], [101,80,-0.006912167400], [39,81,-0.705877014903], [59,81,-0.999994315203], [62,81,-0.706938075631], [64,81,0.002870929790], [65,81,0.706638282759], [71,81,-0.706166966889], [74,81,-0.701276538368], [79,81,0.711556759252], [80,81,0.003375517917], [81,81,2.000000000000], [83,81,0.706409171719], [84,81,0.002232525219], [100,81,0.708517704250], [102,81,0.704488656840], [42,82,-0.708788489720], [63,82,-0.003084370466], [75,82,0.705400946051], [77,82,0.002532950545], [79,82,0.700271484892], [82,82,2.000000000000], [83,82,0.710136100790], [99,82,-0.699327445050], [102,82,0.707381448968], [103,82,-0.999971120067], [104,82,-0.714374022215], [105,82,-0.005320220212], [106,82,-0.709801749526], [42,83,-0.999998171742], [63,83,-0.706251401507], [65,83,0.999999947595], [75,83,0.001883818653], [79,83,-0.005327081437], [81,83,0.706409171719], [82,83,0.710136100790], [83,83,2.000000000000], [84,83,0.709379015475], [100,83,0.001011259624], [102,83,-0.004681831684], [65,84,0.709150793861], [81,84,0.002232525219], [83,84,0.709379015475], [84,84,2.000000000000], [85,84,0.704176549808], [86,84,0.708023641266], [100,84,-0.704109494917], [102,84,-0.708140690029], [66,85,0.999978961298], [84,85,0.704176549808], [85,85,2.000000000000], [86,85,0.999985241770], [107,85,-0.999941220929], [84,86,0.708023641266], [85,86,0.999985241770], [86,86,2.000000000000], [107,86,0.999985368342], [124,86,0.000557201494], [129,86,-0.710482649127], [130,86,-0.999996345880], [50,87,-0.002121954151], [68,87,0.708904918377], [69,87,-0.005209389303], [70,87,-0.707840311485], [87,87,2.000000000000], [88,87,-0.001769475806], [89,87,0.702230973888], [90,87,-0.999988060969], [91,87,0.007449395917], [68,88,-0.706557345683], [87,88,-0.001769475806], [88,88,2.000000000000], [89,88,0.710705501851], [68,89,-0.004325667856], [87,89,0.702230973888], [88,89,0.710705501851], [89,89,2.000000000000], [91,89,0.706698246043], [94,89,0.001702758749], [108,89,-0.699368738125], [109,89,-0.703407968476], [50,90,-0.002764564078], [69,90,0.000322889517], [70,90,0.704380168637], [87,90,-0.999988060969], [90,90,2.000000000000], [91,90,-0.002562938669], [92,90,0.999994236171], [96,90,0.708272711399], [97,90,-0.000379880146], [98,90,-0.002767736239], [50,91,-0.999985808857], [69,91,-0.999997491085], [70,91,-0.711625872070], [87,91,0.007449395917], [89,91,0.706698246043], [90,91,-0.002562938669], [91,91,2.000000000000], [94,91,0.708717391373], [108,91,0.011461565930], [109,91,0.005794881298], [53,92,0.002431124220], [72,92,0.703619568368], [90,92,0.999994236171], [92,92,2.000000000000], [93,92,0.999995522440], [94,92,-0.709702614922], [95,92,0.706389826973], [96,92,0.710665457960], [97,92,0.003015357332], [98,92,0.000627502243], [53,93,0.005423611866], [60,93,-0.002858522458], [72,93,0.705742824424], [73,93,0.706655697511], [76,93,-0.007368401399], [80,93,-0.708179702674], [92,93,0.999995522440], [93,93,2.000000000000], [94,93,-0.711807662769], [95,93,0.704268498495], [99,93,-0.999921516060], [100,93,-0.999976254669], [101,93,-0.701120305956], [53,94,-0.706224676087], [72,94,-0.999963042437], [89,94,0.001702758749], [91,94,0.708717391373], [92,94,-0.709702614922], [93,94,-0.711807662769], [94,94,2.000000000000], [95,94,-0.002664418597], [108,94,0.713569164248], [109,94,0.709587581663], [53,95,-0.706103596031], [72,95,-0.005932960622], [92,95,0.706389826973], [93,95,0.704268498495], [94,95,-0.002664418597], [95,95,2.000000000000], [97,95,0.705689773548], [109,95,0.706505383679], [114,95,-0.707129935734], [115,95,0.000054200270], [116,95,-0.999998833158], [117,95,-0.706983120958], [90,96,0.708272711399], [92,96,0.710665457960], [96,96,2.000000000000], [97,96,0.705669815646], [98,96,0.703975909394], [108,96,-0.714526647167], [110,96,-0.999975413971], [111,96,-0.703573940277], [112,96,0.001268724521], [113,96,-0.702176486198], [90,97,-0.000379880146], [92,97,0.003015357332], [95,97,0.705689773548], [96,97,0.705669815646], [97,97,2.000000000000], [98,97,0.999997149065], [109,97,-0.002852088234], [114,97,0.001969201574], [115,97,-0.708482705267], [116,97,