{
"N": {
"shape": [192, 149],
"data": [[0,0,-0.000438769619], [1,0,-0.999999903741], [3,0,0.000438769619], [4,0,0.999999903741], [0,1,-0.999997464348], [1,1,-0.002251954005], [24,1,0.999997464348], [25,1,0.002251954005], [0,2,-0.704560737917], [1,2,-0.709643689880], [27,2,0.704560737917], [28,2,0.709643689880], [0,3,-0.999999992354], [1,3,0.000123664579], [48,3,0.999999992354], [49,3,-0.000123664579], [3,4,-0.704314510670], [4,4,0.709888068684], [24,4,0.704314510670], [25,4,-0.709888068684], [3,5,-0.999993977639], [4,5,0.003470545344], [27,5,0.999993977639], [28,5,-0.003470545344], [6,6,-0.004821467886], [7,6,-0.999988376656], [9,6,0.004821467886], [10,6,0.999988376656], [6,7,-0.003186200295], [7,7,-0.999994924051], [12,7,0.003186200295], [13,7,0.999994924051], [6,8,-0.999996120556], [7,8,-0.002785475261], [30,8,0.999996120556], [31,8,0.002785475261], [9,9,-0.001557616034], [10,9,-0.999998786915], [12,9,0.001557616034], [13,9,0.999998786915], [9,10,0.002026744410], [10,10,-0.999997946151], [15,10,-0.002026744410], [16,10,0.999997946151], [9,11,-0.708691491542], [10,11,0.705518511320], [30,11,0.708691491542], [31,11,-0.705518511320], [9,12,-0.707158311183], [10,12,-0.707055247434], [36,12,0.707158311183], [37,12,0.707055247434], [12,13,0.005611647785], [13,13,-0.999984254581], [15,13,-0.005611647785], [16,13,0.999984254581], [12,14,-0.705709537500], [13,14,0.708501269357], [33,14,0.705709537500], [34,14,-0.708501269357], [15,15,-0.999999355765], [16,15,-0.001135107351], [39,15,0.999999355765], [40,15,0.001135107351], [18,16,-0.002040628103], [19,16,-0.999997917916], [21,16,0.002040628103], [22,16,0.999997917916], [18,17,-0.706739953957], [19,17,0.707473418215], [39,17,0.706739953957], [40,17,-0.707473418215], [18,18,-0.999998916878], [19,18,0.001471815851], [42,18,0.999998916878], [43,18,-0.001471815851], [18,19,-0.706581929419], [19,19,-0.707631243670], [45,19,0.706581929419], [46,19,0.707631243670], [24,20,0.000950513924], [25,20,-0.999999548262], [27,20,-0.000950513924], [28,20,0.999999548262], [24,21,-0.999996893291], [25,21,0.002492671100], [48,21,0.999996893291], [49,21,-0.002492671100], [27,22,-0.706136582217], [28,22,0.708075650799], [48,22,0.706136582217], [49,22,-0.708075650799], [30,23,-0.000832498855], [31,23,-0.999999653473], [36,23,0.000832498855], [37,23,0.999999653473], [30,24,-0.999999954921], [31,24,0.000300264803], [78,24,0.999999954921], [79,24,-0.000300264803], [33,25,0.000727249475], [34,25,-0.999999735554], [36,25,-0.000727249475], [37,25,0.999999735554], [33,26,0.000855430299], [34,26,-0.999999634119], [39,26,-0.000855430299], [40,26,0.999999634119], [36,27,-0.706083751648], [37,27,0.708128332761], [57,27,0.706083751648], [58,27,-0.708128332761], [36,28,-0.999999638871], [37,28,-0.000849857624], [60,28,0.999999638871], [61,28,0.000849857624], [36,29,-0.999998106010], [37,29,-0.001946272547], [84,29,0.999998106010], [85,29,0.001946272547], [39,30,-0.003675802063], [40,30,-0.999993244217], [42,30,0.003675802063], [43,30,0.999993244217], [39,31,0.000607116051], [40,31,-0.999999815705], [45,31,-0.000607116051], [46,31,0.999999815705], [39,32,-0.706242762180], [40,32,0.707969745729], [60,32,0.706242762180], [61,32,-0.707969745729], [42,33,0.004880659746], [43,33,-0.999988089509], [45,33,-0.004880659746], [46,33,0.999988089509], [42,34,-0.704600355987], [43,34,0.709604353385], [63,34,0.704600355987], [64,34,-0.709604353385], [48,35,-0.001028548682], [49,35,-0.999999471044], [54,35,0.001028548682], [55,35,0.999999471044], [51,36,-0.001884317783], [52,36,-0.999998224672], [54,36,0.001884317783], [55,36,0.999998224672], [51,37,0.002977255627], [52,37,-0.999995567965], [57,37,-0.002977255627], [58,37,0.999995567965], [51,38,-0.705535714273], [52,38,0.708674365196], [72,38,0.705535714273], [73,38,-0.708674365196], [51,39,-0.999998657560], [52,39,-0.001638559993], [75,39,0.999998657560], [76,39,0.001638559993], [51,40,-0.704918352380], [52,40,-0.709288457877], [78,40,0.704918352380], [79,40,0.709288457877], [54,41,-0.999992533840], [55,41,-0.003864228833], [78,41,0.999992533840], [79,41,0.003864228833], [57,42,-0.708853559021], [58,42,0.705355677558], [78,42,0.708853559021], [79,42,-0.705355677558], [57,43,-0.999996802260], [58,43,0.002528926707], [81,43,0.999996802260], [82,43,-0.002528926707], [57,44,-0.709309101851], [58,44,-0.704897579817], [84,44,0.709309101851], [85,44,0.704897579817], [57,45,-0.999999492140], [58,45,-0.001007829546], [105,45,0.999999492140], [106,45,0.001007829546], [60,46,0.002832415101], [61,46,-0.999995988704], [63,46,-0.002832415101], [64,46,0.999995988704], [60,47,-0.999995391146], [61,47,-0.003036064500], [84,47,0.999995391146], [85,47,0.003036064500], [60,48,-0.705764695502], [61,48,-0.708446324420], [87,48,0.705764695502], [88,48,0.708446324420], [63,49,-0.006442188381], [64,49,-0.999979248889], [66,49,0.006442188381], [67,49,0.999979248889], [63,50,-0.710522069167], [64,50,0.703674917292], [84,50,0.710522069167], [85,50,-0.703674917292], [63,51,-0.999999221163], [64,51,-0.001248067851], [87,51,0.999999221163], [88,51,0.001248067851], [63,52,-0.707443167425], [64,52,-0.706770234846], [90,52,0.707443167425], [91,52,0.706770234846], [66,53,-0.703152777947], [67,53,0.711038797018], [87,53,0.703152777947], [88,53,-0.711038797018], [66,54,-0.999984132694], [67,54,0.005633325774], [90,54,0.999984132694], [91,54,-0.005633325774], [66,55,-0.705683350158], [67,55,-0.708527352548], [93,55,0.705683350158], [94,55,0.708527352548], [66,56,-0.999999981393], [67,56,0.000192911833], [114,56,0.999999981393], [115,56,-0.000192911833], [69,57,-0.999991212857], [70,57,-0.004192160506], [117,57,0.999991212857], [118,57,0.004192160506], [72,58,0.001856409990], [73,58,-0.999998276869], [75,58,-0.001856409990], [76,58,0.999998276869], [72,59,0.000680832392], [73,59,-0.999999768234], [78,59,-0.000680832392], [79,59,0.999999768234], [72,60,-0.999999626300], [73,60,0.000864523395], [120,60,0.999999626300], [121,60,-0.000864523395], [75,61,-0.999998802598], [76,61,0.001547514956], [123,61,0.999998802598], [124,61,-0.001547514956], [81,62,-0.710052215281], [82,62,0.704149026538], [102,62,0.710052215281], [103,62,-0.704149026538], [81,63,-0.999989620240], [82,63,-0.004556249858], [105,63,0.999989620240], [106,63,0.004556249858], [81,64,-0.999999691753], [82,64,-0.000785171705], [129,64,0.999999691753], [130,64,0.000785171705], [84,65,0.002554780048], [85,65,-0.999996736544], [90,65,-0.002554780048], [91,65,0.999996736544], [87,66,-0.001259822415], [88,66,-0.999999206423], [90,66,0.001259822415], [91,66,0.999999206423], [87,67,-0.000770570442], [88,67,-0.999999703111], [93,67,0.000770570442], [94,67,0.999999703111], [90,68,-0.707893974251], [91,68,0.706318710795], [111,68,0.707893974251], [112,68,-0.706318710795], [90,69,-0.999986531850], [91,69,-0.005190001758], [114,69,0.999986531850], [115,69,0.005190001758], [90,70,-0.707060663529], [91,70,-0.707152895836], [117,70,0.707060663529], [118,70,0.707152895836], [90,71,-0.999999973749], [91,71,-0.000229133673], [138,71,0.999999973749], [139,71,0.000229133673], [93,72,-0.709101485646], [94,72,0.705106433848], [114,72,0.709101485646], [115,72,-0.705106433848], [93,73,-0.999999972297], [94,73,0.000235384330], [117,73,0.999999972297], [118,73,-0.000235384330], [96,74,-0.999996878867], [97,74,0.002498450760], [120,74,0.999996878867], [121,74,-0.002498450760], [96,75,-0.706716971428], [97,75,-0.707496376171], [123,75,0.706716971428], [124,75,0.707496376171], [96,76,-0.999999980343], [97,76,-0.000198276385], [144,76,0.999999980343], [145,76,0.000198276385], [99,77,-0.002332230466], [100,77,-0.999997280347], [102,77,0.002332230466], [103,77,0.999997280347], [99,78,-0.703303540565], [100,78,0.710889674864], [120,78,0.703303540565], [121,78,-0.710889674864], [99,79,-0.999993131297], [100,79,0.003706394384], [123,79,0.999993131297], [124,79,-0.003706394384], [99,80,-0.707793595059], [100,80,-0.706419299562], [126,80,0.707793595059], [127,80,0.706419299562], [99,81,-0.999997804870], [100,81,0.002095293386], [147,81,0.999997804870], [148,81,-0.002095293386], [102,82,-0.704616242179], [103,82,0.709588578866], [123,82,0.704616242179], [124,82,-0.709588578866], [102,83,-0.999998187693], [103,83,0.001903841160], [126,83,0.999998187693], [127,83,-0.001903841160], [102,84,-0.999998639032], [103,84,0.001649828683], [150,84,0.999998639032], [151,84,-0.001649828683], [105,85,-0.705895271018], [106,85,0.708316219180], [126,85,0.705895271018], [127,85,-0.708316219180], [105,86,-0.999995601963], [106,86,0.002965814490], [129,86,0.999995601963], [130,86,-0.002965814490], [105,87,-0.706504759326], [106,87,-0.707708290929], [132,87,0.706504759326], [133,87,0.707708290929], [105,88,-0.999999941002], [106,88,-0.000343505101], [153,88,0.999999941002], [154,88,0.000343505101], [108,89,-0.709766063570], [109,89,0.704437459967], [129,89,0.709766063570], [130,89,-0.704437459967], [108,90,-0.707582386599], [109,90,-0.706630855663], [135,90,0.707582386599], [136,90,0.706630855663], [108,91,-0.999999858262], [109,91,-0.000532425135], [156,91,0.999999858262], [157,91,0.000532425135], [111,92,-0.003113245033], [112,92,-0.999995153841], [114,92,0.003113245033], [115,92,0.999995153841], [111,93,-0.001013847775], [112,93,-0.999999486056], [117,93,0.001013847775], [118,93,0.999999486056], [111,94,-0.999995385653], [112,94,0.003037873073], [135,94,0.999995385653], [136,94,-0.003037873073], [111,95,-0.704999850701], [112,95,-0.709207452380], [138,95,0.704999850701], [139,95,0.709207452380], [111,96,-0.999998989861], [112,96,-0.001421364202], [159,96,0.999998989861], [160,96,0.001421364202], [114,97,0.001098258782], [115,97,-0.999999396914], [117,97,-0.001098258782], [118,97,0.999999396914], [114,98,-0.999988472054], [115,98,0.004801641295], [138,98,0.999988472054], [139,98,-0.004801641295], [114,99,-0.707560799408], [115,99,-0.706652471262], [141,99,0.707560799408], [142,99,0.706652471262], [117,100,-0.703041196322], [118,100,0.711149123794], [138,100,0.703041196322], [139,100,-0.711149123794], [117,101,-0.999999771851], [118,101,0.000675498069], [165,101,0.999999771851], [166,101,-0.000675498069], [120,102,-0.000979676611], [121,102,-0.999999520117], [123,102,0.000979676611], [124,102,0.999999520117], [120,103,-0.999995883006], [121,103,-0.002869489605], [144,103,0.999995883006], [145,103,0.002869489605], [123,104,-0.709521283492], [124,104,0.704684005971], [144,104,0.709521283492], [145,104,-0.704684005971], [126,105,-0.004979992254], [127,105,-0.999987599762], [129,105,0.004979992254], [130,105,0.999987599762], [126,106,-0.000990843897], [127,106,-0.999999509114], [132,106,0.000990843897], [133,106,0.999999509114], [126,107,-0.707231263004], [127,107,-0.706982277450], [153,107,0.707231263004], [154,107,0.706982277450], [129,108,0.002973675108], [130,108,-0.999995578618], [132,108,-0.002973675108], [133,108,0.999995578618], [129,109,-0.706304390241], [130,109,0.707908262649], [150,109,0.706304390241], [151,109,-0.707908262649], [129,110,-0.999993261858], [130,110,-0.003670999791], [153,110,0.999993261858], [154,110,0.003670999791], [129,111,-0.707547912977], [130,111,-0.706665374022], [156,111,0.707547912977], [157,111,0.706665374022], [129,112,-0.999999512133], [130,112,-0.000987792691], [177,112,0.999999512133], [178,112,0.000987792691], [132,113,-0.706921984995], [133,113,0.707291529096], [153,113,0.706921984995], [154,113,-0.707291529096], [132,114,-0.999976934291], [133,114,0.006791972128], [156,114,0.999976934291], [157,114,-0.006791972128], [132,115,-0.707252398186], [133,115,-0.706961134193], [159,115,0.707252398186], [160,115,0.706961134193], [132,116,-0.999989132415], [133,116,0.004662086570], [180,116,0.999989132415], [181,116,-0.004662086570], [135,117,-0.000314879949], [136,117,-0.999999950425], [138,117,0.000314879949], [139,117,0.999999950425], [135,118,-0.003948427289], [136,118,-0.999992204931], [141,118,0.003948427289], [142,118,0.999992204931], [135,119,-0.710584746949], [136,119,0.703611623983], [156,119,0.710584746949], [157,119,-0.703611623983], [135,120,-0.999982846404], [136,120,-0.005857209070], [159,120,0.999982846404], [160,120,0.005857209070], [135,121,-0.704361225974], [136,121,-0.709841717107], [162,121,0.704361225974], [163,121,0.709841717107], [135,122,-0.999995848334], [136,122,-0.002881547217], [183,122,0.999995848334], [184,122,0.002881547217], [138,123,-0.007585453318], [139,123,-0.999971230035], [141,123,0.007585453318], [142,123,0.999971230035], [138,124,-0.706894186239], [139,124,-0.707319312236], [165,124,0.706894186239], [166,124,0.707319312236], [141,125,-0.704061492203], [142,125,0.710139011178], [162,125,0.704061492203], [163,125,-0.710139011178], [141,126,-0.999999993454], [142,126,-0.000114416195], [165,126,0.999999993454], [166,126,0.000114416195], [144,127,0.002290927568], [145,127,-0.999997375822], [147,127,-0.002290927568], [148,127,0.999997375822], [147,128,-0.708523416782], [148,128,0.705687301765], [168,128,0.708523416782], [169,128,-0.705687301765], [150,129,-0.000759855309], [151,129,-0.999999711310], [156,129,0.000759855309], [157,129,0.999999711310], [150,130,-0.999998281705], [151,130,-0.001853803413], [174,130,0.999998281705], [175,130,0.001853803413], [150,131,-0.704029821938], [151,131,-0.710170409002], [177,131,0.704029821938], [178,131,0.710170409002], [153,132,-0.001621653971], [154,132,-0.999998685118], [156,132,0.001621653971], [157,132,0.999998685118], [153,133,0.002730025450], [154,133,-0.999996273474], [159,133,-0.002730025450], [160,133,0.999996273474], [153,134,-0.709753364403], [154,134,-0.704450254964], [180,134,0.709753364403], [181,134,0.704450254964], [156,135,0.007050126585], [157,135,-0.999975147549], [159,135,-0.007050126585], [160,135,0.999975147549], [156,136,-0.705591747416], [157,136,0.708618575807], [177,136,0.705591747416], [178,136,-0.708618575807], [156,137,-0.999996818735], [157,137,0.002522403789], [180,137,0.999996818735], [181,137,-0.002522403789], [159,138,-0.707335350651], [160,138,0.706878137814], [180,138,0.707335350651], [181,138,-0.706878137814], [159,139,-0.999999997502], [160,139,0.000070682403], [183,139,0.999999997502], [184,139,-0.000070682403], [162,140,-0.003529324032], [163,140,-0.999993771917], [165,140,0.003529324032], [166,140,0.999993771917], [162,141,-0.709665242209], [163,141,0.704539029437], [183,141,0.709665242209], [184,141,-0.704539029437], [168,142,-0.002865646297], [169,142,-0.999995894027], [171,142,0.002865646297], [172,142,0.999995894027], [174,143,0.001285757046], [175,143,-0.999999173414], [177,143,-0.001285757046], [178,143,0.999999173414], [174,144,-0.002312554929], [175,144,-0.999997326041], [180,144,0.002312554929], [181,144,0.999997326041], [177,145,-0.005934679902], [178,145,-0.999982389632], [180,145,0.005934679902], [181,145,0.999982389632], [183,146,0.008832191561], [184,146,-0.999960995435], [186,146,-0.008832191561], [187,146,0.999960995435], [183,147,0.000615385583], [184,147,-0.999999810650], [189,147,-0.000615385583], [190,147,0.999999810650], [186,148,-0.007662004683], [187,148,-0.999970646411], [189,148,0.007662004683], [190,148,0.999970646411], ]
},
"Q": {
"shape": [149, 149],
"data": [[0,0,2.000000000000], [1,0,0.002690722294], [2,0,0.709952761416], [3,0,0.000315105048], [4,0,0.709578968542], [5,0,0.003031778033], [0,1,0.002690722294], [1,1,2.000000000000], [2,1,0.706157036345], [3,1,0.999997178215], [4,1,0.702714089494], [20,1,-0.001301441474], [21,1,-0.999988744266], [0,2,0.709952761416], [1,2,0.706157036345], [2,2,2.000000000000], [3,2,0.704472974741], [5,2,0.702093644194], [20,2,0.708973674515], [22,2,0.004965306110], [0,3,0.000315105048], [1,3,0.999997178215], [2,3,0.704472974741], [3,3,2.000000000000], [21,3,0.999997193899], [22,3,0.706224140695], [35,3,-0.000904884161], [0,4,0.709578968542], [1,4,0.702714089494], [4,4,2.000000000000], [5,4,0.706773967765], [20,4,0.710557208750], [21,4,-0.706081840043], [0,5,0.003031778033], [2,5,0.702093644194], [4,5,0.706773967765], [5,5,2.000000000000], [20,5,-0.004421051975], [22,5,-0.708589738261], [6,6,2.000000000000], [7,6,0.999998662929], [8,6,0.007606892066], [9,6,-0.999994673581], [10,6,-0.999976550948], [11,6,0.702093377569], [12,6,-0.710456570175], [6,7,0.999998662929], [7,7,2.000000000000], [8,7,0.005971649056], [9,7,0.999998673849], [13,7,-0.999961298878], [14,7,0.706249141105], [6,8,0.007606892066], [7,8,0.005971649056], [8,8,2.000000000000], [11,8,0.706723537854], [23,8,-0.003617969921], [24,8,-0.999995239097], [6,9,-0.999994673581], [7,9,0.999998673849], [9,9,2.000000000000], [10,9,0.999993576180], [11,9,-0.704413786236], [12,9,0.708155870841], [13,9,-0.999974300723], [14,9,0.707401185394], [6,10,-0.999976550948], [9,10,0.999993576180], [10,10,2.000000000000], [11,10,-0.706953398811], [12,10,0.705620566096], [13,10,0.999993574140], [15,10,0.000891638084], [6,11,0.702093377569], [8,11,0.706723537854], [9,11,-0.704413786236], [10,11,-0.706953398811], [11,11,2.000000000000], [12,11,0.002316512718], [23,11,0.704928281984], [24,11,-0.708903301972], [6,12,-0.710456570175], [9,12,0.708155870841], [10,12,0.705620566096], [11,12,0.002316512718], [12,12,2.000000000000], [23,12,0.707643710904], [25,12,0.706540779946], [27,12,0.001372860166], [28,12,-0.707758952100], [29,12,-0.708533094050], [7,13,-0.999961298878], [9,13,-0.999974300723], [10,13,0.999993574140], [13,13,2.000000000000], [14,13,-0.712450307071], [15,13,0.004476554692], [7,14,0.706249141105], [9,14,0.707401185394], [13,14,-0.712450307071], [14,14,2.000000000000], [25,14,0.709014308888], [26,14,0.709104695451], [10,15,0.000891638084], [13,15,0.004476554692], [15,15,2.000000000000], [17,15,0.705936440373], [26,15,0.000279677189], [30,15,-0.004810899378], [31,15,-0.000527991483], [32,15,-0.705438685531], [16,16,2.000000000000], [17,16,-0.706029751785], [18,16,0.000568813105], [19,16,0.709071641265], [15,17,0.705936440373], [16,17,-0.706029751785], [17,17,2.000000000000], [18,17,0.707780459063], [19,17,-0.001260614531], [26,17,-0.708077726134], [30,17,0.704870802497], [31,17,0.707902361001], [32,17,-0.999999753230], [16,18,0.000568813105], [17,18,0.707780459063], [18,18,2.000000000000], [19,18,0.705539661224], [30,18,0.002203992174], [33,18,0.006352452781], [34,18,-0.705643999755], [16,19,0.709071641265], [17,19,-0.001260614531], [18,19,0.705539661224], [19,19,2.000000000000], [31,19,0.707202136027], [33,19,0.704174229455], [1,20,-0.001301441474], [2,20,0.708973674515], [4,20,0.710557208750], [5,20,-0.004421051975], [20,20,2.000000000000], [21,20,-0.003443180945], [22,20,0.708746523588], [1,21,-0.999988744266], [3,21,0.999997193899], [4,21,-0.706081840043], [20,21,-0.003443180945], [21,21,2.000000000000], [22,21,0.707899388168], [35,21,0.001464124295], [2,22,0.004965306110], [3,22,0.706224140695], [5,22,-0.708589738261], [20,22,0.708746523588], [21,22,0.707899388168], [22,22,2.000000000000], [35,22,0.707348980407], [8,23,-0.003617969921], [11,23,0.704928281984], [12,23,0.707643710904], [23,23,2.000000000000], [24,23,0.000532234118], [25,23,0.999998783593], [27,23,0.707540273460], [28,23,-0.001682355883], [29,23,-0.002778769151], [8,24,-0.999995239097], [11,24,-0.708903301972], [23,24,0.000532234118], [24,24,2.000000000000], [40,24,0.704705346243], [41,24,0.999991328469], [42,24,0.709065320550], [59,24,-0.000981097095], [12,25,0.706540779946], [14,25,0.709014308888], [23,25,0.999998783593], [25,25,2.000000000000], [26,25,0.999999991785], [27,25,0.708641644537], [28,25,-0.000122608186], [29,25,-0.001219023935], [14,26,0.709104695451], [15,26,0.000279677189], [17,26,-0.708077726134], [25,26,0.999999991785], [26,26,2.000000000000], [30,26,-0.999989733946], [31,26,-0.999999969170], [32,26,0.708573628154], [12,27,0.001372860166], [23,27,0.707540273460], [25,27,0.708641644537], [27,27,2.000000000000], [28,27,0.705481688399], [29,27,0.704704203599], [37,27,-0.710227386133], [42,27,-0.999992320275], [43,27,-0.707872298428], [44,27,-0.001673683750], [45,27,-0.705369720400], [12,28,-0.707758952100], [23,28,-0.001682355883], [25,28,-0.000122608186], [27,28,0.705481688399], [28,28,2.000000000000], [29,28,0.999999398936], [32,28,0.705640833650], [46,28,0.001982559863], [47,28,-0.999997610241], [48,28,-0.706366519139], [12,29,-0.708533094050], [23,29,-0.002778769151], [25,29,-0.001219023935], [27,29,0.704704203599], [28,29,0.999999398936], [29,29,2.000000000000], [44,29,0.710679681234], [47,29,0.999999406173], [50,29,0.709151180272], [65,29,0.000608509014], [15,30,-0.004810899378], [17,30,0.704870802497], [18,30,0.002203992174], [26,30,-0.999989733946], [30,30,2.000000000000], [31,30,0.999990828285], [32,30,-0.705368954237], [33,30,-0.999963393467], [34,30,0.707009588010], [15,31,-0.000527991483], [17,31,0.707902361001], [19,31,0.707202136027], [26,31,-0.999999969170], [30,31,0.999990828285], [31,31,2.000000000000], [32,31,-0.708398386571], [33,31,0.999990868343], [15,32,-0.705438685531], [17,32,-0.999999753230], [26,32,0.708573628154], [28,32,0.705640833650], [30,32,-0.705368954237], [31,32,-0.708398386571], [32,32,2.000000000000], [46,32,0.709967278518], [47,32,-0.704090065398], [48,32,0.003117356162], [18,33,0.006352452781], [19,33,0.704174229455], [30,33,-0.999963393467], [31,33,0.999990868343], [33,33,2.000000000000], [34,33,-0.713034816244], [18,34,-0.705643999755], [30,34,0.707009588010], [33,34,-0.713034816244], [34,34,2.000000000000], [46,34,-0.711597227641], [49,34,0.705050460080], [50,34,-0.999964887550], [51,34,-0.703714172838], [52,34,0.003062527882], [3,35,-0.000904884161], [21,35,0.001464124295], [22,35,0.707348980407], [35,35,2.000000000000], [36,35,0.999999633829], [41,35,-0.004892767792], [35,36,0.999999633829], [36,36,2.000000000000], [37,36,0.999988182548], [38,36,-0.707343653573], [39,36,0.003522872338], [40,36,0.710615488844], [41,36,-0.005748525688], [27,37,-0.710227386133], [36,37,0.999988182548], [37,37,2.000000000000], [38,37,-0.710771784501], [39,37,-0.001338698899], [40,37,0.707186592155], [42,37,0.707462989644], [43,37,0.005506161605], [44,37,-0.702782661171], [45,37,0.001969429035], [36,38,-0.707343653573], [37,38,-0.710771784501], [38,38,2.000000000000], [39,38,0.704373561670], [40,38,-0.005309474377], [58,38,0.709982907606], [59,38,0.709154552517], [60,38,-0.706148116182], [36,39,0.003522872338], [37,39,-0.001338698899], [38,39,0.704373561670], [39,39,2.000000000000], [40,39,0.706079617760], [58,39,-0.000217850328], [61,39,-0.999994924463], [24,40,0.704705346243], [36,40,0.710615488844], [37,40,0.707186592155], [38,40,-0.005309474377], [39,40,0.706079617760], [40,40,2.000000000000], [41,40,0.707653942257], [42,40,-0.000616757887], [59,40,0.708808362240], [24,41,0.999991328469], [35,41,-0.004892767792], [36,41,-0.005748525688], [40,41,0.707653942257], [41,41,2.000000000000], [42,41,0.706122610860], [59,41,0.003183400629], [24,42,0.709065320550], [27,42,-0.999992320275], [37,42,0.707462989644], [40,42,-0.000616757887], [41,42,0.706122610860], [42,42,2.000000000000], [43,42,0.710635085102], [44,42,0.005592771272], [45,42,0.708142320730], [59,42,-0.705838124545], [27,43,-0.707872298428], [37,43,0.005506161605], [42,43,0.710635085102], [43,43,2.000000000000], [44,43,0.707524199349], [45,43,0.999993745674], [62,43,-0.711830685997], [63,43,-0.999974900111], [64,43,-0.999994508372], [27,44,-0.001673683750], [29,44,0.710679681234], [37,44,-0.702782661171], [42,44,0.005592771272], [43,44,0.707524199349], [44,44,2.000000000000], [45,44,0.710019158229], [47,44,0.711445947267], [50,44,0.007961024549], [65,44,-0.703083150673], [27,45,-0.705369720400], [37,45,0.001969429035], [42,45,0.708142320730], [43,45,0.999993745674], [44,45,0.710019158229], [45,45,2.000000000000], [63,45,0.999993704308], [85,45,-0.705181050508], [86,45,-0.999992105069], [87,45,-0.707217649846], [88,45,-0.999999779336], [28,46,0.001982559863], [32,46,0.709967278518], [34,46,-0.711597227641], [46,46,2.000000000000], [47,46,0.000203650275], [48,46,0.706444464051], [49,46,-0.999956990725], [50,46,0.705684588082], [51,46,0.001584350050], [52,46,-0.704763627071], [28,47,-0.999997610241], [29,47,0.999999406173], [32,47,-0.704090065398], [44,47,0.711445947267], [46,47,0.000203650275], [47,47,2.000000000000], [48,47,0.707912331470], [50,47,0.708382392039], [65,47,-0.000481286319], [28,48,-0.706366519139], [32,48,0.003117356162], [46,48,0.706444464051], [47,48,0.707912331470], [48,48,2.000000000000], [51,48,0.706648334908], [53,48,-0.007472416048], [66,48,-0.709334900396], [67,48,-0.708989955502], [34,49,0.705050460080], [46,49,-0.999956990725], [49,49,2.000000000000], [50,49,-0.699082998238], [51,49,0.007690225316], [52,49,0.711313050732], [53,49,0.706494199517], [54,49,-0.000808877284], [55,49,-0.713058794898], [56,49,-0.006249280431], [29,50,0.709151180272], [34,50,-0.999964887550], [44,50,0.007961024549], [46,50,0.705684588082], [47,50,0.708382392039], [49,50,-0.699082998238], [50,50,2.000000000000], [51,50,0.709643281744], [52,50,0.005317496587], [65,50,0.705487848486], [34,51,-0.703714172838], [46,51,0.001584350050], [48,51,0.706648334908], [49,51,0.007690225316], [50,51,0.709643281744], [51,51,2.000000000000], [52,51,0.708324713650], [53,51,0.702264805643], [66,51,-0.002507888294], [67,51,-0.002018637322], [34,52,0.003062527882], [46,52,-0.704763627071], [49,52,0.711313050732], [50,52,0.005317496587], [51,52,0.708324713650], [52,52,2.000000000000], [54,52,0.703450475228], [65,52,0.704960566643], [66,52,0.707660926729], [68,52,-0.001589714241], [69,52,-0.711101778236], [70,52,-0.999999853631], [71,52,-0.707605093713], [48,53,-0.007472416048], [49,53,0.706494199517], [51,53,0.702264805643], [53,53,2.000000000000], [54,53,0.707147133989], [55,53,-0.007587228395], [56,53,0.703289932661], [66,53,0.710152385124], [67,53,0.710496757171], [49,54,-0.000808877284], [52,54,0.703450475228], [53,54,0.707147133989], [54,54,2.000000000000], [55,54,0.701680787468], [56,54,0.999985200822], [65,54,-0.008188046900], [66,54,-0.004373518879], [68,54,-0.711861665279], [69,54,-0.999941427788], [70,54,-0.703065821747], [71,54,-0.999982815659], [49,55,-0.713058794898], [53,55,-0.007587228395], [54,55,0.701680787468], [55,55,2.000000000000], [56,55,0.705546653717], [67,55,0.709070920925], [72,55,-0.000813917154], [73,55,-0.705516554373], [49,56,-0.006249280431], [53,56,0.703289932661], [54,56,0.999985200822], [55,56,0.705546653717], [56,56,2.000000000000], [69,56,0.999985512030], [72,56,0.709237495826], [92,56,0.002920334076], [97,56,0.001291170478], [98,56,-0.999989379740], [99,56,-0.707424464618], [57,57,2.000000000000], [70,57,0.710018948928], [73,57,0.999990198385], [93,57,0.005205997218], [97,57,0.003093908847], [100,57,-0.700053767328], [101,57,-0.999988152913], [38,58,0.709982907606], [39,58,-0.000217850328], [58,58,2.000000000000], [59,58,0.999999309008], [60,58,-0.002720931202], [61,58,0.003403920056], [24,59,-0.000981097095], [38,59,0.709154552517], [40,59,0.708808362240], [41,59,0.003183400629], [42,59,-0.705838124545], [58,59,0.999999309008], [59,59,2.000000000000], [60,59,-0.001545355332], [38,60,-0.706148116182], [58,60,-0.002720931202], [59,60,-0.001545355332], [60,60,2.000000000000], [74,60,0.999998665137], [78,60,0.703917858495], [102,60,-0.000115153265], [103,60,-0.999993028566], [39,61,-0.999994924463], [58,61,0.003403920056], [61,61,2.000000000000], [75,61,0.705621263980], [79,61,0.999997669604], [82,61,0.705713497408], [102,61,-0.000567838775], [104,61,-0.710610942949], [43,62,-0.711830685997], [62,62,2.000000000000], [63,62,0.706836566207], [64,62,0.709499118517], [77,62,-0.702491106088], [82,62,-0.999970430733], [83,62,-0.711391516348], [84,62,-0.711212974183], [43,63,-0.999974900111], [45,63,0.999993704308], [62,63,0.706836566207], [63,63,2.000000000000], [64,63,0.999992889434], [85,63,-0.702660678322], [86,63,-0.999971709256], [87,63,-0.709721921776], [88,63,-0.999991126338], [43,64,-0.999994508372], [62,64,0.709499118517], [63,64,0.999992889434], [64,64,2.000000000000], [86,64,0.999992965043], [89,64,0.709212740425], [105,64,0.005765152687], [108,64,0.002188505958], [109,64,-0.705748342987], [110,64,-0.999995835977], [111,64,-0.708102548534], [112,64,-0.999999979472], [29,65,0.000608509014], [44,65,-0.703083150673], [47,65,-0.000481286319], [50,65,0.705487848486], [52,65,0.704960566643], [54,65,-0.008188046900], [65,65,2.000000000000], [66,65,0.999992724401], [68,65,0.708124919156], [69,65,-0.002635239181], [70,65,-0.705344203598], [71,65,0.002325647056], [48,66,-0.709334900396], [51,66,-0.002507888294], [52,66,0.707660926729], [53,66,0.710152385124], [54,66,-0.004373518879], [65,66,0.999992724401], [66,66,2.000000000000], [67,66,0.999999880316], [68,66,0.705426329581], [69,66,-0.006449803087], [70,66,-0.708043105529], [71,66,-0.001488955872], [48,67,-0.708989955502], [51,67,-0.002018637322], [53,67,0.710496757171], [55,67,0.709070920925], [66,67,0.999999880316], [67,67,2.000000000000], [72,67,0.704559811865], [73,67,-0.000535186160], [52,68,-0.001589714241], [54,68,-0.711861665279], [65,68,0.708124919156], [66,68,0.705426329581], [68,68,2.000000000000], [69,68,0.704218644878], [70,68,0.001048661421], [71,68,0.707732114268], [92,68,0.704111440463], [93,68,0.705600651056], [94,68,-0.710036414375], [95,68,0.001861347292], [96,68,-0.706889323050], [52,69,-0.711101778236], [54,69,-0.999941427788], [56,69,0.999985512030], [65,69,-0.002635239181], [66,69,-0.006449803087], [68,69,0.704218644878], [69,69,2.000000000000], [70,69,0.710721265503], [71,69,0.999987694804], [72,69,0.705432431730], [92,69,0.008303179710], [97,69,-0.004091754638], [98,69,-0.999950083533], [99,69,-0.711218797441], [52,70,-0.999999853631], [54,70,-0.703065821747], [57,70,0.710018948928], [65,70,-0.705344203598], [66,70,-0.708043105529], [68,70,0.001048661421], [69,70,0.710721265503], [70,70,2.000000000000], [71,70,0.707222677508], [73,70,0.706894191231], [93,70,0.707869384280], [97,70,0.706375933779], [100,70,0.005798387502], [101,70,-0.706582821799], [52,71,-0.707605093713], [54,71,-0.999982815659], [65,71,0.002325647056], [66,71,-0.001488955872], [68,71,0.707732114268], [69,71,0.999987694804], [70,71,0.707222677508], [71,71,2.000000000000], [95,71,0.705162335502], [98,71,0.999987345585], [100,71,0.702878229656], [117,71,0.000544013602], [123,71,-0.007814580200], [124,71,-0.707056238354], [55,72,-0.000813917154], [56,72,0.709237495826], [67,72,0.704559811865], [69,72,0.705432431730], [72,72,2.000000000000], [73,72,0.709267437007], [92,72,-0.702895410113], [97,72,0.705884785542], [98,72,-0.712478979333], [99,72,-0.003467210063], [55,73,-0.705516554373], [57,73,0.999990198385], [67,73,-0.000535186160], [70,73,0.706894191231], [72,73,0.709267437007], [73,73,2.000000000000], [93,73,0.000778463538], [97,73,-0.001333642939], [100,73,-0.703208570206], [101,73,-0.999999903150], [60,74,0.999998665137], [74,74,2.000000000000], [75,74,0.704947120811], [76,74,0.999996363827], [78,74,0.705077468310], [102,74,0.001518776008], [103,74,-0.999985592608], [61,75,0.705621263980], [74,75,0.704947120811], [75,75,2.000000000000], [76,75,0.706857237360], [79,75,0.704089856603], [82,75,-0.004067091429], [102,75,0.708188390743], [104,75,-0.002869352063], [74,76,0.999996363827], [75,76,0.706857237360], [76,76,2.000000000000], [103,76,0.999996432302], [104,76,0.709381547348], [127,76,0.002092651658], [62,77,-0.702491106088], [77,77,2.000000000000], [78,77,-0.709247475547], [79,77,-0.001374169857], [80,77,0.708068116133], [81,77,0.000236937659], [82,77,0.707943321564], [83,77,-0.000428390257], [84,77,-0.000682403096], [60,78,0.703917858495], [74,78,0.705077468310], [77,78,-0.709247475547], [78,78,2.000000000000], [79,78,0.705933547280], [80,78,-0.004392444790], [81,78,0.704791519157], [102,78,0.710200323691], [103,78,-0.701260754537], [61,79,0.999997669604], [75,79,0.704089856603], [77,79,-0.001374169857], [78,79,0.705933547280], [79,79,2.000000000000], [80,79,0.705170464910], [81,79,0.999998702166], [82,79,0.707241417503], [102,79,-0.002726722723], [104,79,-0.712128246844], [77,80,0.708068116133], [78,80,-0.004392444790], [79,80,0.705170464910], [80,80,2.000000000000], [81,80,0.706311885674], [83,80,0.706447402181], [85,80,-0.000740095812], [105,80,-0.709935346415], [106,80,-0.707120265755], [107,80,-0.999999683419], [77,81,0.000236937659], [78,81,0.704791519157], [79,81,0.999998702166], [80,81,0.706311885674], [81,81,2.000000000000], [127,81,-0.004386210427], [128,81,-0.710000483417], [61,82,0.705713497408], [62,82,-0.999970430733], [75,82,-0.004067091429], [77,82,0.707943321564], [79,82,0.707241417503], [82,82,2.000000000000], [83,82,0.705965909141], [84,82,0.705785982809], [102,82,-0.708897942294], [104,82,-0.999975942867], [62,83,-0.711391516348], [77,83,-0.000428390257], [80,83,0.706447402181], [82,83,0.705965909141], [83,83,2.000000000000], [84,83,0.999999967739], [85,83,0.707242513292], [105,83,-0.003076165676], [106,83,0.000912998124], [107,83,-0.705883999325], [62,84,-0.711212974183], [77,84,-0.000682403096], [82,84,0.705785982809], [83,84,0.999999967739], [84,84,2.000000000000], [109,84,0.707471356340], [129,84,0.000889973931], [130,84,-0.999993862281], [131,84,-0.702857204265], [45,85,-0.705181050508], [63,85,-0.702660678322], [80,85,-0.000740095812], [83,85,0.707242513292], [85,85,2.000000000000], [86,85,0.707992900971], [87,85,-0.002562892353], [88,85,0.705651919137], [105,85,0.704792082909], [106,85,0.707616439456], [107,85,0.001535809720], [45,86,-0.999992105069], [63,86,-0.999971709256], [64,86,0.999992965043], [85,86,0.707992900971], [86,86,2.000000000000], [87,86,0.704402720588], [88,86,0.999994524193], [89,86,0.711852172818], [105,86,0.002014192639], [108,86,0.005939463406], [109,86,-0.708400808471], [110,86,-0.999977976345], [111,86,-0.705448962749], [112,86,-0.999992184487], [45,87,-0.707217649846], [63,87,-0.709721921776], [85,87,-0.002562892353], [86,87,0.704402720588], [87,87,2.000000000000], [88,87,0.706747819052], [106,87,0.708407979454], [108,87,0.705604246264], [113,87,0.001112332374], [114,87,-0.701681728307], [115,87,-0.999999441396], [116,87,-0.703197684008], [45,88,-0.999999779336], [63,88,-0.999991126338], [85,88,0.705651919137], [86,88,0.999994524193], [87,88,0.706747819052], [88,88,2.000000000000], [107,88,0.707474073298], [110,88,0.999994463867], [113,88,0.706678985039], [132,88,-0.001965158525], [133,88,0.002386521468], [134,88,-0.709995304785], [64,89,0.709212740425], [86,89,0.711852172818], [89,89,2.000000000000], [90,89,0.004440720091], [91,89,0.709390902759], [105,89,-0.700894095276], [108,89,0.706544959056], [109,89,-0.999987985173], [110,89,-0.707175291296], [111,89,-0.004391935858], [112,89,-0.709069879124], [89,90,0.004440720091], [90,90,2.000000000000], [91,90,0.707958514337], [94,90,0.705432466720], [117,90,-0.706853624138], [118,90,-0.709419185030], [119,90,-0.005603567218], [120,90,-0.711709133674], [121,90,-0.999989657247], [122,90,-0.709615639129], [89,91,0.709390902759], [90,91,0.707958514337], [91,91,2.000000000000], [111,91,0.707924059097], [114,91,0.999973176340], [119,91,0.710210025717], [129,91,0.001292280183], [132,91,0.002154078176], [135,91,0.006517713682], [136,91,-0.705214361066], [137,91,-0.999995334006], [56,92,0.002920334076], [68,92,0.704111440463], [69,92,0.008303179710], [72,92,-0.702895410113], [92,92,2.000000000000], [93,92,0.999997796256], [94,92,0.000075372316], [95,92,0.711398852731], [96,92,0.004534599201], [97,92,-0.999991131609], [98,92,0.001688408882], [99,92,-0.708851856856], [57,93,0.005205997218], [68,93,0.705600651056], [70,93,0.707869384280], [73,93,0.000778463538], [92,93,0.999997796256], [93,93,2.000000000000], [94,93,-0.002024028415], [95,93,0.709921850418], [96,93,0.002435210222], [97,93,0.999997769503], [100,93,0.710435981551], [101,93,-0.000338349822], [68,94,-0.710036414375], [90,94,0.705432466720], [92,94,0.000075372316], [93,94,-0.002024028415], [94,94,2.000000000000], [95,94,0.702842115364], [96,94,0.999990057595], [117,94,0.002722994426], [118,94,-0.000910559677], [119,94,-0.712718950870], [120,94,-0.999960438678], [121,94,-0.702201566768], [122,94,-0.999982480232], [68,95,0.001861347292], [71,95,0.705162335502], [92,95,0.711398852731], [93,95,0.709921850418], [94,95,0.702842115364], [95,95,2.000000000000], [96,95,0.706007180638], [98,95,0.701586363711], [100,95,-0.008708319905], [117,95,0.709429407539], [123,95,-0.714534791964], [124,95,-0.999996423210], [68,96,-0.706889323050], [92,96,0.004534599201], [93,96,0.002435210222], [94,96,0.999990057595], [95,96,0.706007180638], [96,96,2.000000000000], [115,96,0.708256533011], [120,96,0.999990161510], [133,96,-0.001308663788], [135,96,-0.005628790586], [138,96,-0.706329904865], [139,96,-0.999998886898], [56,97,0.001291170478], [57,97,0.003093908847], [69,97,-0.004091754638], [70,97,0.706375933779], [72,97,0.705884785542], [73,97,-0.001333642939], [92,97,-0.999991131609], [93,97,0.999997769503], [97,97,2.000000000000], [98,97,-0.005899884520], [99,97,0.705874960228], [100,97,0.711920816078], [101,97,0.001773756193], [56,98,-0.999989379740], [69,98,-0.999950083533], [71,98,0.999987345585], [72,98,-0.712478979333], [92,98,0.001688408882], [95,98,0.701586363711], [97,98,-0.005899884520], [98,98,2.000000000000], [99,98,0.704159550998], [100,98,0.706447774701], [117,98,-0.004486764738], [123,98,-0.002783862722], [124,98,-0.703489743582], [56,99,-0.707424464618], [69,99,-0.711218797441], [72,99,-0.003467210063], [92,99,-0.708851856856], [97,99,0.705874960228], [98,99,0.704159550998], [99,99,2.000000000000], [118,99,0.709440715226], [123,99,0.711999310309], [125,99,0.003655174933], [126,99,-0.707641647264], [57,100,-0.700053767328], [70,100,0.005798387502], [71,100,0.702878229656], [73,100,-0.703208570206], [93,100,0.710435981551], [95,100,-0.008708319905], [97,100,0.711920816078], [98,100,0.706447774701], [100,100,2.000000000000], [101,100,0.703521415784], [117,100,-0.710927714963], [123,100,0.705795777884], [124,100,0.006033774772], [57,101,-0.999988152913], [70,101,-0.706582821799], [73,101,-0.999999903150], [93,101,-0.000338349822], [97,101,0.001773756193], [100,101,0.703521415784], [101,101,2.000000000000], [124,101,0.706416232132], [126,101,0.999999688018], [140,101,0.002853829364], [60,102,-0.000115153265], [61,102,-0.000567838775], [74,102,0.001518776008], [75,102,0.708188390743], [78,102,0.710200323691], [79,102,-0.002726722723], [82,102,-0.708897942294], [102,102,2.000000000000], [103,102,0.003849160805], [104,102,0.703988566398], [60,103,-0.999993028566], [74,103,-0.999985592608], [76,103,0.999996432302], [78,103,-0.701260754537], [102,103,0.003849160805], [103,103,2.000000000000], [104,103,0.707496278968], [127,103,-0.000578563938], [61,104,-0.710610942949], [75,104,-0.002869352063], [76,104,0.709381547348], [79,104,-0.712128246844], [82,104,-0.999975942867], [102,104,0.703988566398], [103,104,0.707496278968], [104,104,2.000000000000], [127,104,0.706307618623], [64,105,0.005765152687], [80,105,-0.709935346415], [83,105,-0.003076165676], [85,105,0.704792082909], [86,105,0.002014192639], [89,105,-0.700894095276], [105,105,2.000000000000], [106,105,0.999992043277], [107,105,0.710495516913], [108,105,-0.999968369556], [109,105,0.704382094025], [110,105,-0.008650912968], [111,105,-0.710180194329], [112,105,-0.005967770267], [80,106,-0.707120265755], [83,106,0.000912998124], [85,106,0.707616439456], [87,106,0.708407979454], [105,106,0.999992043277], [106,106,2.000000000000], [107,106,0.707682686184], [108,106,0.999992141287], [113,106,0.706590732562], [114,106,0.005801147751], [115,106,-0.707661563879], [116,106,0.003671251152], [80,107,-0.999999683419], [83,107,-0.705883999325], [85,107,0.001535809720], [88,107,0.707474073298], [105,107,0.710495516913], [106,107,0.707682686184], [107,107,2.000000000000], [110,107,0.709821829373], [113,107,-0.000085247768], [132,107,-0.708128232239], [133,107,-0.705048883515], [134,107,-0.999993613933], [64,108,0.002188505958], [86,108,0.005939463406], [87,108,0.705604246264], [89,108,0.706544959056], [105,108,-0.999968369556], [106,108,0.999992141287], [108,108,2.000000000000], [109,108,-0.710005452500], [110,108,0.000697328490], [111,108,0.704558231969], [112,108,-0.001985885333], 