{
"N": {
"shape": [192, 137],
"data": [[0,0,0.002123549493], [1,0,-0.999997745266], [3,0,-0.002123549493], [4,0,0.999997745266], [0,1,-0.999988185657], [1,1,-0.004860920225], [24,1,0.999988185657], [25,1,0.004860920225], [0,2,-0.705841065544], [1,2,-0.708370235252], [27,2,0.705841065544], [28,2,0.708370235252], [0,3,-0.999999548328], [1,3,-0.000950443810], [48,3,0.999999548328], [49,3,0.000950443810], [3,4,-0.707611008193], [4,4,0.706602194367], [24,4,0.707611008193], [25,4,-0.706602194367], [3,5,-0.999999849614], [4,5,0.000548427550], [27,5,0.999999849614], [28,5,-0.000548427550], [3,6,-0.703954981576], [4,6,-0.710244594428], [30,6,0.703954981576], [31,6,0.710244594428], [3,7,-0.999998432214], [4,7,0.001770754157], [51,7,0.999998432214], [52,7,-0.001770754157], [6,8,-0.709511937002], [7,8,0.704693416496], [27,8,0.709511937002], [28,8,-0.704693416496], [6,9,-0.999998683500], [7,9,-0.001622651393], [30,9,0.999998683500], [31,9,0.001622651393], [6,10,-0.710432739091], [7,10,-0.703765105151], [33,10,0.710432739091], [34,10,0.703765105151], [9,11,-0.001765950825], [10,11,-0.999998440708], [12,11,0.001765950825], [13,11,0.999998440708], [9,12,-0.001134837861], [10,12,-0.999999356071], [15,12,0.001134837861], [16,12,0.999999356071], [9,13,-0.999994646842], [10,13,0.003272046422], [33,13,0.999994646842], [34,13,-0.003272046422], [9,14,-0.704993567143], [10,14,-0.709213698603], [36,14,0.704993567143], [37,14,0.709213698603], [12,15,-0.000504796729], [13,15,-0.999999872590], [15,15,0.000504796729], [16,15,0.999999872590], [15,16,0.001155344725], [16,16,-0.999999332589], [21,16,-0.001155344725], [22,16,0.999999332589], [18,17,-0.001839321856], [19,17,-0.999998308446], [21,17,0.001839321856], [22,17,0.999998308446], [18,18,-0.708916484145], [19,18,-0.705292434744], [45,18,0.708916484145], [46,18,0.705292434744], [21,19,-0.710621485938], [22,19,0.703574518955], [42,19,0.710621485938], [43,19,-0.703574518955], [21,20,-0.999999694692], [22,20,-0.000781419140], [45,20,0.999999694692], [46,20,0.000781419140], [24,21,-0.001428721875], [25,21,-0.999998979376], [27,21,0.001428721875], [28,21,0.999998979376], [24,22,0.003402315594], [25,22,-0.999994212108], [30,22,-0.003402315594], [31,22,0.999994212108], [24,23,-0.999995646401], [25,23,0.002950793095], [48,23,0.999995646401], [49,23,-0.002950793095], [24,24,-0.708697276008], [25,24,-0.705512700792], [51,24,0.708697276008], [52,24,0.705512700792], [24,25,-0.999999755506], [25,25,-0.000699276791], [72,25,0.999999755506], [73,25,0.000699276791], [27,26,-0.706343004843], [28,26,0.707869733432], [48,26,0.706343004843], [49,26,-0.707869733432], [27,27,-0.708660119117], [28,27,-0.705550023438], [54,27,0.708660119117], [55,27,0.705550023438], [30,28,-0.003601429053], [31,28,-0.999993514833], [33,28,0.003601429053], [34,28,0.999993514833], [30,29,-0.000637078972], [31,29,-0.999999797065], [36,29,0.000637078972], [37,29,0.999999797065], [30,30,-0.999968703421], [31,30,0.007911521857], [54,30,0.999968703421], [55,30,-0.007911521857], [30,31,-0.711429472021], [31,31,-0.702757501802], [57,31,0.711429472021], [58,31,0.702757501802], [33,32,0.002291001359], [34,32,-0.999997375653], [36,32,-0.002291001359], [37,32,0.999997375653], [36,33,-0.004174339554], [37,33,-0.999991287407], [39,33,0.004174339554], [40,33,0.999991287407], [36,34,-0.707778706956], [37,34,0.706434216315], [57,34,0.707778706956], [58,34,-0.706434216315], [36,35,-0.999999807967], [37,35,0.000619730073], [84,35,0.999999807967], [85,35,-0.000619730073], [39,36,-0.704454242717], [40,36,0.709749406423], [60,36,0.704454242717], [61,36,-0.709749406423], [39,37,-0.709849759919], [40,37,-0.704353120489], [66,37,0.709849759919], [67,37,0.704353120489], [39,38,-0.999998911083], [40,38,-0.001475748203], [87,38,0.999998911083], [88,38,0.001475748203], [45,39,-0.999996757655], [46,39,-0.002546503207], [93,39,0.999996757655], [94,39,0.002546503207], [48,40,0.000720012842], [49,40,-0.999999740791], [51,40,-0.000720012842], [52,40,0.999999740791], [48,41,-0.000107070363], [49,41,-0.999999994268], [54,41,0.000107070363], [55,41,0.999999994268], [48,42,-0.701658878576], [49,42,-0.712513030137], [75,42,0.701658878576], [76,42,0.712513030137], [48,43,-0.999999403143], [49,43,0.001092571848], [96,43,0.999999403143], [97,43,-0.001092571848], [51,44,-0.000934440816], [52,44,-0.999999563410], [54,44,0.000934440816], [55,44,0.999999563410], [51,45,-0.709794108982], [52,45,0.704409201284], [72,45,0.709794108982], [73,45,-0.704409201284], [51,46,-0.999963444573], [52,46,-0.008550410331], [75,46,0.999963444573], [76,46,0.008550410331], [54,47,-0.707736111205], [55,47,0.706476890560], [75,47,0.707736111205], [76,47,-0.706476890560], [57,48,-0.708579918300], [58,48,0.705630568628], [78,48,0.708579918300], [79,48,-0.705630568628], [60,49,-0.003572187575], [61,49,-0.999993619718], [66,49,0.003572187575], [67,49,0.999993619718], [60,50,-0.999999906995], [61,50,-0.000431288563], [84,50,0.999999906995], [85,50,0.000431288563], [60,51,-0.708008287478], [61,51,-0.706204124077], [87,51,0.708008287478], [88,51,0.706204124077], [60,52,-0.999997899312], [61,52,-0.002049724713], [108,52,0.999997899312], [109,52,0.002049724713], [63,53,-0.003385452310], [64,53,-0.999994269340], [66,53,0.003385452310], [67,53,0.999994269340], [63,54,-0.708760163555], [64,54,0.705449523749], [84,54,0.708760163555], [85,54,-0.705449523749], [63,55,-0.999986617906], [64,55,-0.005173394262], [87,55,0.999986617906], [88,55,0.005173394262], [63,56,-0.708736003853], [64,56,-0.705473796000], [90,56,0.708736003853], [91,56,0.705473796000], [63,57,-0.999998626583], [64,57,-0.001657356792], [111,57,0.999998626583], [112,57,0.001657356792], [66,58,-0.710453910325], [67,58,0.703743732692], [87,58,0.710453910325], [88,58,-0.703743732692], [66,59,-0.999995720761], [67,59,-0.002925484391], [90,59,0.999995720761], [91,59,0.002925484391], [66,60,-0.703808335726], [67,60,-0.710389911642], [93,60,0.703808335726], [94,60,0.710389911642], [66,61,-0.999999870451], [67,61,0.000509016081], [114,61,0.999999870451], [115,61,-0.000509016081], [69,62,-0.999997312869], [70,62,-0.002318243925], [93,62,0.999997312869], [94,62,0.002318243925], [69,63,-0.999999990701], [70,63,-0.000136372387], [117,63,0.999999990701], [118,63,0.000136372387], [72,64,0.009357600032], [73,64,-0.999956216702], [75,64,-0.009357600032], [76,64,0.999956216702], [72,65,-0.999978543122], [73,65,0.006550824061], [96,65,0.999978543122], [97,65,-0.006550824061], [75,66,-0.001910472636], [76,66,-0.999998175045], [81,66,0.001910472636], [82,66,0.999998175045], [78,67,0.003648087320], [79,67,-0.999993345707], [81,67,-0.003648087320], [82,67,0.999993345707], [78,68,-0.999995066383], [79,68,0.003141211513], [126,68,0.999995066383], [127,68,-0.003141211513], [81,69,-0.707990929922], [82,69,0.706221525548], [102,69,0.707990929922], [103,69,-0.706221525548], [81,70,-0.999996894394], [82,70,-0.002492228553], [105,70,0.999996894394], [106,70,0.002492228553], [81,71,-0.707127404625], [82,71,-0.707086157146], [108,71,0.707127404625], [109,71,0.707086157146], [81,72,-0.999999863850], [82,72,-0.000521824416], [129,72,0.999999863850], [130,72,0.000521824416], [84,73,0.000251061368], [85,73,-0.999999968484], [87,73,-0.000251061368], [88,73,0.999999968484], [84,74,0.000167164578], [85,74,-0.999999986028], [90,74,-0.000167164578], [91,74,0.999999986028], [84,75,-0.999993222149], [85,75,-0.003681800641], [108,75,0.999993222149], [109,75,0.003681800641], [84,76,-0.705158075691], [85,76,-0.709050131012], [111,76,0.705158075691], [112,76,0.709050131012], [87,77,0.000082368777], [88,77,-0.999999996608], [90,77,-0.000082368777], [91,77,0.999999996608], [87,78,0.002056462375], [88,78,-0.999997885479], [93,78,-0.002056462375], [94,78,0.999997885479], [87,79,-0.706666045420], [88,79,0.707547242416], [108,79,0.706666045420], [109,79,-0.707547242416], [87,80,-0.999998230529], [88,80,0.001881206591], [111,80,0.999998230529], [112,80,-0.001881206591], [87,81,-0.710288938031], [88,81,-0.703910238958], [114,81,0.710288938031], [115,81,0.703910238958], [87,82,-0.999989661465], [88,82,0.004547192958], [135,82,0.999989661465], [136,82,-0.004547192958], [90,83,-0.707719455538], [91,83,0.706493575522], [111,83,0.707719455538], [112,83,-0.706493575522], [90,84,-0.999992206310], [91,84,0.003948078038], [114,84,0.999992206310], [115,84,-0.003948078038], [90,85,-0.705688055507], [91,85,-0.708522666056], [117,85,0.705688055507], [118,85,0.708522666056], [93,86,-0.999997896988], [94,86,0.002050858036], [117,86,0.999997896988], [118,86,-0.002050858036], [96,87,-0.999991045806], [97,87,-0.004231820825], [144,87,0.999991045806], [145,87,0.004231820825], [99,88,-0.705088597941], [100,88,0.709119220621], [120,88,0.705088597941], [121,88,-0.709119220621], [99,89,-0.999988486958], [100,89,0.004798536344], [123,89,0.999988486958], [124,89,-0.004798536344], [99,90,-0.708152049587], [100,90,-0.706059965347], [126,90,0.708152049587], [127,90,0.706059965347], [99,91,-0.999995509639], [100,91,0.002996781924], [147,91,0.999995509639], [148,91,-0.002996781924], [102,92,-0.002401021605], [103,92,-0.999997117543], [108,92,0.002401021605], [109,92,0.999997117543], [102,93,-0.999966490341], [103,93,0.008186464130], [126,93,0.999966490341], [127,93,-0.008186464130], [102,94,-0.999998560914], [103,94,0.001696516846], [150,94,0.999998560914], [151,94,-0.001696516846], [105,95,-0.001205267382], [106,95,-0.999999273665], [108,95,0.001205267382], [109,95,0.999999273665], [105,96,0.000497535298], [106,96,-0.999999876229], [111,96,-0.000497535298], [112,96,0.999999876229], [105,97,-0.703765716541], [106,97,0.710432133438], [126,97,0.703765716541], [127,97,-0.710432133438], [105,98,-0.706129368608], [106,98,-0.708082844581], [132,98,0.706129368608], [133,98,0.708082844581], [105,99,-0.999999949895], [106,99,-0.000316560797], [153,99,0.999999949895], [154,99,0.000316560797], [111,100,-0.001516654239], [112,100,-0.999998849879], [114,100,0.001516654239], [115,100,0.999998849879], [111,101,0.000427212449], [112,101,-0.999999908745], [117,101,-0.000427212449], [118,101,0.999999908745], [114,102,-0.705226937183], [115,102,0.708981640856], [135,102,0.705226937183], [136,102,-0.708981640856], [120,103,-0.999966747580], [121,103,-0.008154982192], [144,103,0.999966747580], [145,103,0.008154982192], [123,104,-0.706709218684], [124,104,0.707504120289], [144,104,0.706709218684], [145,104,-0.707504120289], [123,105,-0.999999295109], [124,105,0.001187342564], [147,105,0.999999295109], [148,105,-0.001187342564], [123,106,-0.705658921795], [124,106,-0.708551682018], [150,106,0.705658921795], [151,106,0.708551682018], [123,107,-0.999999637654], [124,107,0.000851287892], [171,107,0.999999637654], [172,107,-0.000851287892], [126,108,-0.705878478469], [127,108,-0.708332953938], [153,108,0.705878478469], [154,108,0.708332953938], [129,109,0.000056266173], [130,109,-0.999999998417], [132,109,-0.000056266173], [133,109,0.999999998417], [129,110,-0.707532142498], [130,110,0.706681163844], [150,110,0.707532142498], [151,110,-0.706681163844], [129,111,-0.999997836876], [130,111,-0.002079962307], [153,111,0.999997836876], [154,111,0.002079962307], [129,112,-0.705253110542], [130,112,-0.708955605148], [156,112,0.705253110542], [157,112,0.708955605148], [129,113,-0.999999999985], [130,113,0.000005492462], [177,113,0.999999999985], [178,113,-0.000005492462], [132,114,0.001525322868], [133,114,-0.999998836694], [138,114,-0.001525322868], [139,114,0.999998836694], [132,115,-0.708568384044], [133,115,0.705642150905], [153,115,0.708568384044], [154,115,-0.705642150905], [135,116,-0.000607016642], [136,116,-0.999999815765], [138,116,0.000607016642], [139,116,0.999999815765], [135,117,0.000025016896], [136,117,-0.999999999687], [141,117,-0.000025016896], [142,117,0.999999999687], [138,118,-0.707284026034], [139,118,0.706929491900], [159,118,0.707284026034], [160,118,-0.706929491900], [138,119,-0.999997569990], [139,119,0.002204544004], [162,119,0.999997569990], [163,119,-0.002204544004], [141,120,-0.999998302392], [142,120,-0.001842610418], [165,120,0.999998302392], [166,120,0.001842610418], [147,121,-0.710741520145], [148,121,0.703453261803], [168,121,0.710741520145], [169,121,-0.703453261803], [150,122,-0.001967614425], [151,122,-0.999998064245], [153,122,0.001967614425], [154,122,0.999998064245], [150,123,0.002044968823], [151,123,-0.999997909049], [156,123,-0.002044968823], [157,123,0.999997909049], [150,124,-0.704157462159], [151,124,-0.710043849693], [177,124,0.704157462159], [178,124,0.710043849693], [156,125,-0.001072297243], [157,125,-0.999999425089], [159,125,0.001072297243], [160,125,0.999999425089], [159,126,-0.999997427136], [160,126,-0.002268418319], [183,126,0.999997427136], [184,126,0.002268418319], [159,127,-0.706025365260], [160,127,-0.708186545770], [186,127,0.706025365260], [187,127,0.708186545770], [162,128,-0.008594754392], [163,128,-0.999963064416], [165,128,0.008594754392], [166,128,0.999963064416], [162,129,-0.709022711809], [163,129,0.705185645159], [183,129,0.709022711809], [184,129,-0.705185645159], [162,130,-0.709308475187], [163,130,-0.704898210402], [189,130,0.709308475187], [190,130,0.704898210402], [165,131,-0.999996341049], [166,131,0.002705159501], [189,131,0.999996341049], [190,131,-0.002705159501], [174,132,0.008590884471], [175,132,-0.999963097671], [177,132,-0.008590884471], [178,132,0.999963097671], [174,133,0.002798528505], [175,133,-0.999996084111], [180,133,-0.002798528505], [181,133,0.999996084111], [183,134,0.000213981285], [184,134,-0.999999977106], [186,134,-0.000213981285], [187,134,0.999999977106], [183,135,-0.001935093219], [184,135,-0.999998127705], [189,135,0.001935093219], [190,135,0.999998127705], [186,136,-0.004085603307], [187,136,-0.999991653888], [189,136,0.004085603307], [190,136,0.999991653888], ]
},
"Q": {
"shape": [137, 137],
"data": [[0,0,2.000000000000], [1,0,0.002737384860], [2,0,0.706869749629], [3,0,-0.001173106867], [4,0,0.708103248165], [5,0,0.002671975488], [6,0,-0.708748109771], [7,0,0.003894296328], [0,1,0.002737384860], [1,1,2.000000000000], [2,1,0.709276057700], [3,1,0.999992354023], [4,1,0.704167911336], [21,1,-0.006289620260], [22,1,-0.001458616693], [23,1,-0.999969488540], [24,1,-0.712118344172], [25,1,-0.999991340295], [0,2,0.706869749629], [1,2,0.709276057700], [2,2,2.000000000000], [3,2,0.706514012841], [5,2,0.705452469643], [8,2,0.001618820406], [21,2,0.709377962843], [26,2,0.002867950421], [27,2,-0.999992049671], [0,3,-0.001173106867], [1,3,0.999992354023], [2,3,0.706514012841], [3,3,2.000000000000], [23,3,0.999992390168], [26,3,0.705669895402], [40,3,-0.000230431047], [41,3,-0.001057514119], [42,3,-0.702335765256], [43,3,-0.999997913044], [0,4,0.708103248165], [1,4,0.704167911336], [4,4,2.000000000000], [5,4,0.707998421888], [6,4,-0.003734094724], [7,4,0.708861117583], [21,4,0.705590493865], [22,4,0.709005620597], [23,4,-0.709692964414], [24,4,-0.002965171446], [25,4,-0.707116724671], [0,5,0.002671975488], [2,5,0.705452469643], [4,5,0.707998421888], [5,5,2.000000000000], [6,5,0.703565358008], [7,5,0.999999252958], [8,5,0.709898303585], [21,5,0.000880294670], [26,5,-0.706731113883], [27,5,-0.708273069473], [0,6,-0.708748109771], [4,6,-0.003734094724], [5,6,0.703565358008], [6,6,2.000000000000], [7,6,0.702696209357], [9,6,0.705106534201], [22,6,0.707845406597], [28,6,-0.712775232296], [29,6,-0.710692925211], [30,6,-0.698313834561], [31,6,-0.999944037718], [0,7,0.003894296328], [4,7,0.708861117583], [5,7,0.999999252958], [6,7,0.702696209357], [7,7,2.000000000000], [24,7,0.707446875374], [40,7,-0.002490765411], [44,7,0.000836314033], [45,7,-0.711040331698], [46,7,-0.999946736170], [2,8,0.001618820406], [5,8,0.709898303585], [8,8,2.000000000000], [9,8,0.708367531175], [10,8,0.008121872463], [21,8,-0.703679002044], [26,8,-0.999989934440], [27,8,-0.005606357265], [6,9,0.705106534201], [8,9,0.708367531175], [9,9,2.000000000000], [10,9,0.711573769235], [22,9,-0.001779669113], [28,9,-0.005224065182], [29,9,-0.002259729198], [30,9,-0.999954549321], [31,9,-0.712568865864], [8,10,0.008121872463], [9,10,0.711573769235], [10,10,2.000000000000], [13,10,0.708126183938], [28,10,0.706319114223], [32,10,-0.702135655856], [11,11,2.000000000000], [12,11,0.999999800848], [13,11,-0.001506099948], [14,11,0.710457576703], [15,11,-0.999999204744], [11,12,0.999999800848], [12,12,2.000000000000], [13,12,-0.002137212529], [14,12,0.710013295312], [15,12,0.999999801524], [16,12,-0.999997377532], [10,13,0.708126183938], [11,13,-0.001506099948], [12,13,-0.002137212529], [13,13,2.000000000000], [14,13,0.702669213056], [28,13,0.000329384572], [32,13,0.005563026930], [11,14,0.710457576703], [12,14,0.710013295312], [13,14,0.702669213056], [14,14,2.000000000000], [29,14,0.709662691257], [32,14,0.707596696160], [33,14,-0.712150402045], [34,14,0.002033388008], [35,14,-0.704553910704], [11,15,-0.999999204744], [12,15,0.999999801524], [15,15,2.000000000000], [16,15,-0.999998621965], [12,16,-0.999997377532], [15,16,-0.999998621965], [16,16,2.000000000000], [17,16,0.999995515986], [19,16,0.704395062167], [20,16,0.000373925754], [16,17,0.999995515986], [17,17,2.000000000000], [18,17,0.706595167287], [19,17,0.702266267190], [20,17,-0.002620739112], [17,18,0.706595167287], [18,18,2.000000000000], [20,18,0.709467396715], [39,18,-0.710710215041], [16,19,0.704395062167], [17,19,0.702266267190], [19,19,2.000000000000], [20,19,0.710071482384], [16,20,0.000373925754], [17,20,-0.002620739112], [18,20,0.709467396715], [19,20,0.710071482384], [20,20,2.000000000000], [39,20,-0.999998442235], [1,21,-0.006289620260], [2,21,0.709377962843], [4,21,0.705590493865], [5,21,0.000880294670], [8,21,-0.703679002044], [21,21,2.000000000000], [22,21,0.999988330527], [23,21,-0.001522074428], [24,21,0.706524512030], [25,21,0.002127997603], [26,21,0.706859843261], [27,21,-0.706561781551], [1,22,-0.001458616693], [4,22,0.709005620597], [6,22,0.707845406597], [9,22,-0.001779669113], [21,22,0.999988330527], [22,22,2.000000000000], [23,22,-0.006353076797], [24,22,0.703097405567], [25,22,-0.002703042019], [28,22,-0.999975473780], [29,22,-0.999991841630], [30,22,0.011313685179], [31,22,-0.700332926731], [1,23,-0.999969488540], [3,23,0.999992390168], [4,23,-0.709692964414], [21,23,-0.001522074428], [22,23,-0.006353076797], [23,23,2.000000000000], [24,23,0.706612368618], [25,23,0.999993338486], [26,23,0.708428706830], [40,23,0.003670802037], [41,23,0.002843723181], [42,23,-0.699553345305], [43,23,-0.999998273500], [1,24,-0.712118344172], [4,24,-0.002965171446], [7,24,0.707446875374], [21,24,0.706524512030], [22,24,0.703097405567], [23,24,0.706612368618], [24,24,2.000000000000], [25,24,0.709190451393], [40,24,0.705002246777], [44,24,-0.706174628433], [45,24,-0.006059513501], [46,24,-0.714703792362], [1,25,-0.999991340295], [4,25,-0.707116724671], [21,25,0.002127997603], [22,25,-0.002703042019], [23,25,0.999993338486], [24,25,0.709190451393], [25,25,2.000000000000], [45,25,0.709301358436], [64,25,0.008658351570], [65,25,-0.999973717794], [2,26,0.002867950421], [3,26,0.705669895402], [5,26,-0.706731113883], [8,26,-0.999989934440], [21,26,0.706859843261], [23,26,0.708428706830], [26,26,2.000000000000], [27,26,0.001119610935], [40,26,0.708378125980], [41,26,0.707794100973], [42,26,0.008754568042], [43,26,-0.707115981800], [2,27,-0.999992049671], [5,27,-0.708273069473], [8,27,-0.005606357265], [21,27,-0.706561781551], [26,27,0.001119610935], [27,27,2.000000000000], [30,27,0.703055966048], [41,27,0.705625895890], [44,27,0.706211916342], [47,27,-0.003089570176], [6,28,-0.712775232296], [9,28,-0.005224065182], [10,28,0.706319114223], [13,28,0.000329384572], [22,28,-0.999975473780], [28,28,2.000000000000], [29,28,0.999995606295], [30,28,-0.004310154209], [31,28,0.705315107072], [32,28,-0.999982639624], [6,29,-0.710692925211], [9,29,-0.002259729198], [14,29,0.709662691257], [22,29,-0.999991841630], [28,29,0.999995606295], [29,29,2.000000000000], [30,29,-0.007274461217], [31,29,0.703210595946], [32,29,0.999995713170], [33,29,-0.999993743858], [34,29,0.705983162023], [35,29,-0.000017348903], [6,30,-0.698313834561], [9,30,-0.999954549321], [22,30,0.011313685179], [27,30,0.703055966048], [28,30,-0.004310154209], [29,30,-0.007274461217], [30,30,2.000000000000], [31,30,0.705847325377], [41,30,-0.007804454800], [44,30,-0.006977106832], [47,30,-0.713303268847], [6,31,-0.999944037718], [9,31,-0.712568865864], [22,31,-0.700332926731], [28,31,0.705315107072], [29,31,0.703210595946], [30,31,0.705847325377], [31,31,2.000000000000], [34,31,0.007082686752], [48,31,-0.008217461556], [10,32,-0.702135655856], [13,32,0.005563026930], [14,32,0.707596696160], [28,32,-0.999982639624], [29,32,0.999995713170], [32,32,2.000000000000], [33,32,-0.999979099665], [34,32,0.708053884366], [35,32,0.002910729366], [14,33,-0.712150402045], [29,33,-0.999993743858], [32,33,-0.999979099665], [33,33,2.000000000000], [34,33,-0.703473552789], [35,33,0.003554614078], [36,33,0.706802591456], [37,33,-0.707310137677], [38,33,-0.005650070354], [14,34,0.002033388008], [29,34,0.705983162023], [31,34,0.007082686752], [32,34,0.708053884366], [33,34,-0.703473552789], [34,34,2.000000000000], [35,34,0.708216369568], [48,34,-0.999999356105], [14,35,-0.704553910704], [29,35,-0.000017348903], [32,35,0.002910729366], [33,35,0.003554614078], [34,35,0.708216369568], [35,35,2.000000000000], [50,35,0.999999447680], [54,35,0.709197215735], [73,35,0.000870791374], [74,35,0.000786894611], [75,35,-0.999990748395], [76,35,-0.704718520588], [33,36,0.706802591456], [36,36,2.000000000000], [37,36,0.000142465887], [38,36,0.703406064213], [49,36,0.707228435329], [50,36,-0.704148070398], [51,36,0.002468515885], [52,36,-0.702997971980], [33,37,-0.707310137677], [36,37,0.000142465887], [37,37,2.000000000000], [38,37,0.710888434804], [49,37,0.706884343010], [53,37,0.706752246590], [58,37,-0.008631443531], [59,37,-0.711907296362], [60,37,-0.999963529173], [61,37,-0.709491140894], [33,38,-0.005650070354], [36,38,0.703406064213], [37,38,0.710888434804], [38,38,2.000000000000], [51,38,0.709049695983], [55,38,0.999993163631], [58,38,0.709414588151], [73,38,0.001224687062], [77,38,-0.001393379511], [78,38,0.000580715052], [79,38,-0.705621114348], [80,38,-0.999994365427], [81,38,-0.711326958856], [82,38,-0.999981862047], [18,39,-0.710710215041], [20,39,-0.999998442235], [39,39,2.000000000000], [60,39,0.705615063925], [62,39,0.999999973949], [78,39,0.000490042116], [86,39,-0.999989432134], [3,40,-0.000230431047], [7,40,-0.002490765411], [23,40,0.003670802037], [24,40,0.705002246777], [26,40,0.708378125980], [40,40,2.000000000000], [41,40,0.999999657967], [42,40,0.712007642044], [43,40,-0.001812583977], [44,40,-0.999998631392], [45,40,0.704920079568], [46,40,-0.007830421593], [3,41,-0.001057514119], [23,41,0.002843723181], [26,41,0.707794100973], [27,41,0.705625895890], [30,41,-0.007804454800], [40,41,0.999999657967], [41,41,2.000000000000], [42,41,0.712588152924], [43,41,-0.000985501543], [44,41,0.999999657729], [47,41,0.706401108949], [3,42,-0.702335765256], [23,42,-0.699553345305], [26,42,0.008754568042], [40,42,0.712007642044], [41,42,0.712588152924], [42,42,2.000000000000], [43,42,0.700879988108], [46,42,0.707725507910], [47,42,-0.006784663899], [64,42,0.705915990823], [66,42,-0.713852229921], [3,43,-0.999997913044], [23,43,-0.999998273500], [26,43,-0.707115981800], [40,43,-0.001812583977], [41,43,-0.000985501543], [42,43,0.700879988108], [43,43,2.000000000000], [65,43,0.999985103524], [87,43,-0.999985825386], [7,44,0.000836314033], [24,44,-0.706174628433], [27,44,0.706211916342], [30,44,-0.006977106832], [40,44,-0.999998631392], [41,44,0.999999657729], [44,44,2.000000000000], [45,44,-0.703745633160], [46,44,0.009484813255], [47,44,0.705815244611], [7,45,-0.711040331698], [24,45,-0.006059513501], [25,45,0.709301358436], [40,45,0.704920079568], [44,45,-0.703745633160], [45,45,2.000000000000], [46,45,0.703745174444], [64,45,0.711020329303], [65,45,-0.714393339761], [7,46,-0.999946736170], [24,46,-0.714703792362], [40,46,-0.007830421593], [42,46,0.707725507910], [44,46,0.009484813255], [45,46,0.703745174444], [46,46,2.000000000000], [47,46,0.701669572306], [64,46,-0.000807221995], [66,46,-0.010460797525], [27,47,-0.003089570176], [30,47,-0.713303268847], [41,47,0.706401108949], [42,47,-0.006784663899], [44,47,0.705815244611], [46,47,0.701669572306], [47,47,2.000000000000], [64,47,-0.713068670129], [66,47,0.705123490798], [31,48,-0.008217461556], [34,48,-0.999999356105], [48,48,2.000000000000], [67,48,0.708210834571], [68,48,-0.710792957303], [36,49,0.707228435329], [37,49,0.706884343010], [49,49,2.000000000000], [50,49,0.004003473053], [51,49,0.708728756702], [52,49,0.005621891705], [53,49,0.999999982565], [58,49,0.701201367978], [59,49,-0.006497638014], [60,49,-0.712899514546], [61,49,-0.003063174279], [35,50,0.999999447680], [36,50,-0.704148070398], [49,50,0.004003473053], [50,50,2.000000000000], [51,50,0.708312799391], [52,50,0.999998690330], [54,50,0.708455845326], [73,50,-0.000180227204], [74,50,-0.000264123994], [75,50,-0.999994717063], [76,50,-0.705463815320], [36,51,0.002468515885], [38,51,0.709049695983], [49,51,0.708728756702], [50,51,0.708312799391], [51,51,2.000000000000], [52,51,0.709454324219], [55,51,0.711652285208], [58,51,0.006020530061], [73,51,0.706026348291], [77,51,-0.706145803904], [78,51,-0.704746638389], [79,51,-0.000652636064], [80,51,-0.706678518825], [81,51,-0.999994768362], [82,51,-0.704789721289], [36,52,-0.702997971980], [49,52,0.005621891705], [50,52,0.999998690330], [51,52,0.709454324219], [52,52,2.000000000000], [71,52,0.708575251142], [75,52,0.999998668153], [79,52,0.705214283867], [92,52,0.004450735365], [95,52,0.003254988074], [37,53,0.706752246590], [49,53,0.999999982565], [53,53,2.000000000000], [54,53,-0.703046007325], [55,53,0.008558771621], [56,53,0.707869145111], [57,53,0.005042794955], [58,53,0.701334491945], [59,53,-0.006310905449], [60,53,-0.712768550195], [61,53,-0.002876438707], [35,54,0.709197215735], [50,54,0.708455845326], [53,54,-0.703046007325], [54,54,2.000000000000], [55,54,0.705101110341], [56,54,0.004647692602], [57,54,0.707590008572], [73,54,0.705627443812], [74,54,0.705567993486], [75,54,-0.706158035176], [76,54,0.000411124177], [38,55,0.999993163631], [51,55,0.711652285208], [53,55,0.008558771621], [54,55,0.705101110341], [55,55,2.000000000000], [56,55,0.712376213570], [57,55,0.999993818668], [58,55,0.706803659175], [73,55,0.004922336091], [77,55,-0.005091026570], [78,55,-0.003116948468], [79,55,-0.702996167905], [80,55,-0.999975116236], [81,55,-0.713921038070], [82,55,-0.999952755087], [53,56,0.707869145111], [54,56,0.004647692602], [55,56,0.712376213570], [56,56,2.000000000000], [57,56,0.709904252250], [59,56,0.710796823581], [74,56,0.705355310588], [77,56,0.705415415889], [83,56,-0.003173554194], [84,56,-0.705945214583], [85,56,-0.999990707201], [53,57,0.005042794955], [54,57,0.707590008572], [55,57,0.999993818668], [56,57,0.709904252250], [57,57,2.000000000000], [76,57,0.706332256266], [80,57,0.999993739285], [83,57,0.706547571618], [96,57,0.001159821973], [100,57,-0.003174007043], [101,57,-0.001230144779], [37,58,-0.008631443531], [38,58,0.709414588151], [49,58,0.701201367978], [51,58,0.006020530061], [53,58,0.701334491945], [55,58,0.706803659175], [58,58,2.000000000000], [59,58,0.708392078818], [60,58,0.000090936150], [61,58,0.710812035163], [73,58,-0.703922078044], [77,58,0.703802249525], [78,58,0.705203266347], [79,58,-0.999985592697], [80,58,-0.711776540546], [81,58,-0.009255134440], [82,58,-0.713646623818], [37,59,-0.711907296362], [49,59,-0.006497638014], [53,59,-0.006310905449], [56,59,0.710796823581], [58,59,0.708392078818], [59,59,2.000000000000], [60,59,0.705883558560], [61,59,0.999994102095], [74,59,0.002758320488], [77,59,0.002843115957], [83,59,-0.705649591110], [84,59,-0.999976377064], [85,59,-0.707757807700], [37,60,-0.999963529173], [39,60,0.705615063925], [49,60,-0.712899514546], [53,60,-0.712768550195], [58,60,0.000090936150], [59,60,0.705883558560], [60,60,2.000000000000], [61,60,0.703446644660], [62,60,0.705453301598], [78,60,0.708941054146], [86,60,-0.702349946750], [37,61,-0.709491140894], [49,61,-0.003063174279], [53,61,-0.002876438707], [58,61,0.710812035163], [59,61,0.999994102095], [60,61,0.703446644660], [61,61,2.000000000000], [81,61,0.709930544383], [84,61,0.999994086397], [100,61,0.001007638548], [102,61,-0.705587728878], [39,62,0.999999973949], [60,62,0.705453301598], [62,62,2.000000000000], [63,62,0.999997619715], [78,62,0.000261782174], [86,62,-0.999990455474], [62,63,0.999997619715], [63,63,2.000000000000], [85,63,0.705784671872], [86,63,0.999997608009], [101,63,-0.000290840070], [25,64,0.008658351570], [42,64,0.705915990823], [45,64,0.711020329303], [46,64,-0.000807221995], [47,64,-0.713068670129], [64,64,2.000000000000], [65,64,-0.015907936491], [66,64,-0.999936514389], [25,65,-0.999973717794], [43,65,0.999985103524], [45,65,-0.714393339761], [64,65,-0.015907936491], [65,65,2.000000000000], [87,65,-0.999941867206], [42,66,-0.713852229921], [46,66,-0.010460797525], [47,66,0.705123490798], [64,66,-0.999936514389], [66,66,2.000000000000], [67,66,0.999984551194], [69,66,0.704867639428], [70,66,-0.004402690708], [71,66,-0.708435814303], [72,66,-0.002432295840], [48,67,0.708210834571], [66,67,0.999984551194], [67,67,2.000000000000], [68,67,-0.006789259932], [69,67,0.708799638878], [70,67,0.001155864022], [71,67,-0.704501789469], [72,67,0.003126265880], [48,68,-0.710792957303], [67,68,-0.006789259932], [68,68,2.000000000000], [90,68,0.705930672144], [93,68,0.999987272305], [97,68,0.705993862027], [108,68,-0.703649972305], [66,69,0.704867639428], [67,69,0.708799638878], [69,69,2.000000000000], [70,69,0.706228665730], [71,69,0.001280324181], [72,69,0.707622309894], [92,69,0.704519588377], [93,69,-0.713748662575], [94,69,-0.709188027778], [66,70,-0.004402690708], [67,70,0.001155864022], [69,70,0.706228665730], [70,70,2.000000000000], [71,70,0.708887428876], [72,70,0.999998058749], [95,70,-0.003697490382], [96,70,-0.001994694492], [97,70,-0.701992971674], [98,70,-0.707891879931], [99,70,-0.999997633230], [52,71,0.708575251142], [66,71,-0.708435814303], [67,71,-0.704501789469], [69,71,0.001280324181], [70,71,0.708887428876], [71,71,2.000000000000], [72,71,0.707496283171], [75,71,0.709725962088], [79,71,-0.000593934004], [92,71,0.708781947177], [95,71,0.707937921161], [66,72,-0.002432295840], [67,72,0.003126265880], [69,72,0.707622309894], [70,72,0.999998058749], [71,72,0.707496283171], [72,72,2.000000000000], [109,72,-0.000465558250], [110,72,-0.707163282682], [111,72,-0.999998786101], [112,72,-0.705622964866], [113,72,-0.999999860968], [35,73,0.000870791374], [38,73,0.001224687062], [50,73,-0.000180227204], [51,73,0.706026348291], [54,73,0.705627443812], [55,73,0.004922336091], [58,73,-0.703922078044], [73,73,2.000000000000], [74,73,0.999999996481], [75,73,0.003430740858], [76,73,0.708873070714], [77,73,-0.999999985771], [78,73,-0.999998370261], [79,73,0.707724636661], [80,73,0.002132267455], [81,73,-0.703731890662], [82,73,0.004798251587], [35,74,0.000786894611], [50,74,-0.000264123994], [54,74,0.705567993486], [56,74,0.705355310588], [59,74,0.002758320488], [73,74,0.999999996481], [74,74,2.000000000000], [75,74,0.003514637144], [76,74,0.708932243653], [77,74,0.999999996405], [83,74,0.706611871275], [84,74,0.004115241258], [85,74,-0.708404690110], [35,75,-0.999990748395], [50,75,-0.999994717063], [52,75,0.999998668153], [54,75,-0.706158035176], [71,75,0.709725962088], [73,75,0.003430740858], [74,75,0.003514637144], [75,75,2.000000000000], [76,75,0.707763877461], [79,75,0.704056207853], [92,75,0.006082795359], [95,75,0.004887057180], [35,76,-0.704718520588], [50,76,-0.705463815320], [54,76,0.000411124177], [57,76,0.706332256266], [73,76,0.708873070714], [74,76,0.708932243653], [75,76,0.707763877461], [76,76,2.000000000000], [80,76,0.703822958155], [83,76,-0.001885272886], [96,76,0.708699202219], [100,76,-0.710118796503], [101,76,-0.708748813999], [38,77,-0.001393379511], [51,77,-0.706145803904], [55,77,-0.005091026570], [56,77,0.705415415889], [58,77,0.703802249525], [59,77,0.002843115957], [73,77,-0.999999985771], [74,77,0.999999996405], [77,77,2.000000000000], [78,77,0.999998051475], [79,77,-0.707605447233], [80,77,-0.001963575216], [81,77,0.703851730940], [82,77,-0.004629560868], [83,77,0.706551867111], [84,77,0.004030446159], [85,77,-0.708464536990], [38,78,0.000580715052], [39,78,0.000490042116], [51,78,-0.704746638389], [55,78,-0.003116948468], [58,78,0.705203266347], [60,78,0.708941054146], [62,78,0.000261782174], [73,78,-0.999998370261], [77,78,0.999998051475], [78,78,2.000000000000], [79,78,-0.708998978426], [80,78,-0.003937661349], [81,78,0.702448068049], [82,78,-0.006603624457], [86,78,0.004107311749], [38,79,-0.705621114348], [51,79,-0.000652636064], [52,79,0.705214283867], [55,79,-0.702996167905], [58,79,-0.999985592697], [71,79,-0.000593934004], [73,79,0.707724636661], [75,79,0.704056207853], [77,79,-0.707605447233], [78,79,-0.708998978426], [79,79,2.000000000000], [80,79,0.707995837531], [81,79,0.003887326461], [82,79,0.709876093367], [92,79,-0.705848482499], [95,79,-0.706695006965], [38,80,-0.999994365427], [51,80,-0.706678518825], [55,80,-0.999975116236], [57,80,0.999993739285], [58,80,-0.711776540546], [73,80,0.002132267455], [76,80,0.703822958155], [77,80,-0.001963575216], [78,80,-0.003937661349], [79,80,0.707995837531], [80,80,2.000000000000], [81,80,0.708963480615], [82,80,0.999996446222], [83,80,0.709047263620], [96,80,-0.002378740775], [100,80,0.000364552872], [101,80,0.002308418112], [38,81,-0.711326958856], [51,81,-0.999994768362], [55,81,-0.713921038070], [58,81,-0.009255134440], [61,81,0.709930544383], [73,81,-0.703731890662], [77,81,0.703851730940], [78,81,0.702448068049], [79,81,0.003887326461], [80,81,0.708963480615], [81,81,2.000000000000], [82,81,0.707080779002], [84,81,0.707504309704], [100,81,0.704986692106], [102,81,-0.001855456051], [38,82,-0.999981862047], [51,82,-0.704789721289], [55,82,-0.999952755087], [58,82,-0.713646623818], [73,82,0.004798251587], [77,82,-0.004629560868], [78,82,-0.006603624457], [79,82,0.709876093367], [80,82,0.999996446222], [81,82,0.707080779002], [82,82,2.000000000000], [102,82,0.708443522495], [116,82,0.003940181755], [117,82,0.004572209595], [56,83,-0.003173554194], [57,83,0.706547571618], [59,83,-0.705649591110], [74,83,0.706611871275], [76,83,-0.001885272886], [77,83,0.706551867111], [80,83,0.709047263620], [83,83,2.000000000000], [84,83,0.710503231561], [85,83,-0.001137545257], [96,83,-0.706845603488], [100,83,0.705419397256], [101,83,0.706795857612], [56,84,-0.705945214583], [59,84,-0.999976377064], [61,84,0.999994086397], [74,84,0.004115241258], [77,84,0.004030446159], [81,84,0.707504309704], [83,84,0.710503231561], [84,84,2.000000000000], [85,84,0.702885252816], [100,84,-0.002431431078], [102,84,-0.708020555708], [56,85,-0.999990707201], [59,85,-0.707757807700], [63,85,0.705784671872], [74,85,-0.708404690110], [77,85,-0.708464536990], [83,85,-0.001137545257], [84,85,0.702885252816], [85,85,2.000000000000], [86,85,0.704233492034], [101,85,0.708221122677], [39,86,-0.999989432134], [60,86,-0.702349946750], [62,86,-0.999990455474], [63,86,0.999997608009], [78,86,0.004107311749], [85,86,0.704233492034], [86,86,2.000000000000], [101,86,-0.002478069399], [43,87,-0.999985825386], [65,87,-0.999941867206], [87,87,2.000000000000], [103,87,0.999992304107], [104,87,0.703708860003], [88,88,2.000000000000], [89,88,0.708483214579], [90,88,-0.001370756567], [91,88,0.707210507501], [103,88,-0.699282297422], [88,89,0.708483214579], [89,89,2.000000000000], [90,89,0.704755842198], [91,89,0.999998376816], [104,89,-0.710096066546], [105,89,-0.999993479581], [106,89,-0.702250786517], [107,89,-0.999992209553], [68,90,0.705930672144], [88,90,-0.001370756567], [89,90,0.704755842198], [90,90,2.000000000000], [91,90,0.706032961987], [93,90,0.702348185073], [97,90,-0.003234552919], [108,90,-0.999994832199], [88,91,0.707210507501], [89,91,0.999998376816], [90,91,0.706032961987], [91,91,2.000000000000], [105,91,0.999998362957], [121,91,-0.712846424679], [52,92,0.004450735365], [69,92,0.704519588377], [71,92,0.708781947177], [75,92,0.006082795359], [79,92,-0.705848482499], [92,92,2.000000000000], [93,92,-0.005785499386], [94,92,0.000704506194], [95,92,0.999999285084], [68,93,0.999987272305], [69,93,-0.713748662575], [90,93,0.702348185073], [92,93,-0.005785499386], [93,93,2.000000000000], [94,93,0.999978939778], [97,93,0.709558060770], [108,93,-0.700056082402], [69,94,-0.709188027778], [92,94,0.000704506194], [93,94,0.999978939778], [94,94,2.000000000000], [106,94,0.704455836427], [110,94,0.708730020798], [122,94,-0.000271098032], [123,94,0.003741479178], [124,94,-0.702951847464], [52,95,0.003254988074], [70,95,-0.003697490382], [71,95,0.707937921161], [75,95,0.004887057180], [79,95,-0.706695006965], [92,95,0.999999285084], [95,95,2.000000000000], [96,95,0.999998550231], [97,95,-0.709583391563], [98,95,0.708933404971], [99,95,0.001521827889], [57,96,0.001159821973], [70,96,-0.001994694492], [76,96,0.708699202219], [80,96,-0.002378740775], [83,96,-0.706845603488], [95,96,0.999998550231], [96,96,2.000000000000], [97,96,-0.710782193792], [98,96,0.707731432656], [99,96,-0.000180974515], [100,96,-0.999997971520], [101,96,-0.999999997527], [68,97,0.705993862027], [70,97,-0.701992971674], [90,97,-0.003234552919], [93,97,0.709558060770], [95,97,-0.709583391563], [96,97,-0.710782193792], [97,97,2.000000000000], [98,97,-0.006095164858], [99,97,0.703540786316], [108,97,0.006449418460], [70,98,-0.707891879931], [95,98,0.708933404971], [96,98,0.707731432656], [97,98,-0.006095164858], [98,98,2.000000000000], [99,98,0.706353484496], [109,98,0.708043112263], [114,98,-0.707004945590], [115,98,-0.000687844171], [70,99,-0.999997633230], [95,99,0.001521827889], [96,99,-0.000180974515], [97,99,0.703540786316], [98,99,0.706353484496], [99,99,2.000000000000], [108,99,0.706102673545], [111,99,0.999998445205], [115,99,0.708344969899], [122,99,0.002284174511], [57,100,-0.003174007043], [61,100,0.001007638548], [76,100,-0.710118796503], [80,100,0.000364552872], [81,100,0.704986692106], [83,100,0.705419397256], [84,100,-0.002431431078], [96,100,-0.999997971520], [100,100,2.000000000000], [101,100,0.999998110691], [102,100,0.707911240018], [57,101,-0.001230144779], [63,101,-0.000290840070], [76,101,-0.708748813999], [80,101,0.002308418112], [83,101,0.706795857612], [85,101,0.708221122677], [86,101,-0.002478069399], [96,101,-0.999999997527], [100,101,0.999998110691], [101,101,2.000000000000], [61,102,-0.705587728878], [81,102,-0.001855456051], [82,102,0.708443522495], [84,102,-0.708020555708], [100,102,0.707911240018], [102,102,2.000000000000], [116,102,0.708553425750], [117,102,0.708999283224], [87,103,0.999992304107], [88,103,-0.699282297422], [103,103,2.000000000000], [104,103,0.700916035391], [87,104,0.703708860003], [89,104,-0.710096066546], [103,104,0.700916035391], [104,104,2.000000000000], [105,104,0.707548770287], [106,104,-0.002607569186], [107,104,0.707311252303], [89,105,-0.999993479581], [91,105,0.999998362957], [104,105,0.707548770287], [105,105,2.000000000000], [106,105,0.704817130812], [107,105,0.999999943534], [121,105,-0.711576259149], [89,106,-0.702250786517], [94,106,0.704455836427], [104,106,-0.002607569186], [105,106,0.704817130812], [106,106,2.000000000000], [107,106,0.705055484635], [110,106,-0.001443758481], [122,106,-0.709938775109], [123,106,-0.707107149976], [124,106,-0.999997759527], [89,107,-0.999992209553], [104,107,0.707311252303], [105,107,0.999999943534], [106,107,0.705055484635], [107,107,2.000000000000], [68,108,-0.703649972305], [90,108,-0.999994832199], [93,108,-0.700056082402], [97,108,0.006449418460], [99,108,0.706102673545], [108,108,2.000000000000], [111,108,0.707350257411], [115,108,0.000333583647], [122,108,0.709720479455], [72,109,-0.000465558250], [98,109,0.708043112263], [109,109,2.000000000000], [110,109,-0.706720972851], [111,109,0.002023696252], [112,109,0.708915922133], [113,109,-0.000061758635], [114,109,-0