{
"N": {
"shape": [192, 147],
"data": [[3,0,-0.000303508521], [4,0,-0.999999953941], [6,0,0.000303508521], [7,0,0.999999953941], [3,1,-0.708986126519], [4,1,0.705222427610], [24,1,0.708986126519], [25,1,-0.705222427610], [3,2,-0.999999149466], [4,2,-0.001304249694], [51,2,0.999999149466], [52,2,0.001304249694], [6,3,-0.706657671434], [7,3,0.707555605874], [27,3,0.706657671434], [28,3,-0.707555605874], [9,4,0.002182763658], [10,4,-0.999997617769], [12,4,-0.002182763658], [13,4,0.999997617769], [9,5,0.000137083462], [10,5,-0.999999990604], [15,5,-0.000137083462], [16,5,0.999999990604], [9,6,-0.999996231780], [10,6,0.002745255289], [33,6,0.999996231780], [34,6,-0.002745255289], [9,7,-0.708871649083], [10,7,-0.705337497321], [36,7,0.708871649083], [37,7,0.705337497321], [12,8,-0.001900941824], [13,8,-0.999998193208], [15,8,0.001900941824], [16,8,0.999998193208], [12,9,-0.000573508722], [13,9,-0.999999835544], [18,9,0.000573508722], [19,9,0.999999835544], [12,10,-0.706354535623], [13,10,0.707858227334], [33,10,0.706354535623], [34,10,-0.707858227334], [15,11,0.000753619622], [16,11,-0.999999716029], [18,11,-0.000753619622], [19,11,0.999999716029], [15,12,-0.706878469107], [16,12,0.707335019572], [36,12,0.706878469107], [37,12,-0.707335019572], [18,13,-0.703990355476], [19,13,0.710209532037], [39,13,0.703990355476], [40,13,-0.710209532037], [18,14,-0.999998090266], [19,14,0.001954344963], [66,14,0.999998090266], [67,14,-0.001954344963], [24,15,0.000680704337], [25,15,-0.999999768321], [27,15,-0.000680704337], [28,15,0.999999768321], [24,16,0.003267803082], [25,16,-0.999994660717], [30,16,-0.003267803082], [31,16,0.999994660717], [24,17,-0.708488693072], [25,17,-0.705722163312], [51,17,0.708488693072], [52,17,0.705722163312], [24,18,-0.999999238520], [25,18,-0.001234082120], [72,18,0.999999238520], [73,18,0.001234082120], [27,19,0.005868848727], [28,19,-0.999982778159], [30,19,-0.005868848727], [31,19,0.999982778159], [27,20,0.003685960188], [28,20,-0.999993206826], [33,20,-0.003685960188], [34,20,0.999993206826], [27,21,-0.999986128974], [28,21,0.005267054116], [51,21,0.999986128974], [52,21,-0.005267054116], [27,22,-0.706378771235], [28,22,-0.707834042377], [54,22,0.706378771235], [55,22,0.707834042377], [30,23,-0.708965646168], [31,23,0.705243016664], [51,23,0.708965646168], [52,23,-0.705243016664], [30,24,-0.999998532405], [31,24,0.001713238919], [54,24,0.999998532405], [55,24,-0.001713238919], [30,25,-0.999999458301], [31,25,-0.001040863785], [78,25,0.999999458301], [79,25,0.001040863785], [33,26,-0.710789341769], [34,26,-0.703404941429], [60,26,0.710789341769], [61,26,0.703404941429], [36,27,-0.000351980334], [37,27,-0.999999938055], [42,27,0.000351980334], [43,27,0.999999938055], [36,28,-0.706256496092], [37,28,-0.707956045054], [63,28,0.706256496092], [64,28,0.707956045054], [39,29,-0.006058247657], [40,29,-0.999981648649], [42,29,0.006058247657], [43,29,0.999981648649], [39,30,-0.001256155395], [40,30,-0.999999211037], [45,30,0.001256155395], [46,30,0.999999211037], [39,31,-0.999967327950], [40,31,-0.008083503720], [63,31,0.999967327950], [64,31,0.008083503720], [39,32,-0.707378403664], [40,32,-0.706835054330], [66,32,0.707378403664], [67,32,0.706835054330], [39,33,-0.999991550514], [40,33,-0.004110827304], [87,33,0.999991550514], [88,33,0.004110827304], [42,34,-0.710377636048], [43,34,0.703820725897], [63,34,0.710377636048], [64,34,-0.703820725897], [42,35,-0.999999994324], [43,35,-0.000106546550], [66,35,0.999999994324], [67,35,0.000106546550], [42,36,-0.999999998450], [43,36,-0.000055670697], [90,36,0.999999998450], [91,36,0.000055670697], [45,37,-0.708300063353], [46,37,0.705911481883], [66,37,0.708300063353], [67,37,-0.705911481883], [45,38,-0.999995273746], [46,38,-0.003074489616], [69,38,0.999995273746], [70,38,0.003074489616], [45,39,-0.999999999769], [46,39,0.000021501417], [93,39,0.999999999769], [94,39,-0.000021501417], [48,40,-0.000664152204], [49,40,-0.999999779451], [51,40,0.000664152204], [52,40,0.999999779451], [48,41,-0.999960798868], [49,41,-0.008854418568], [72,41,0.999960798868], [73,41,0.008854418568], [48,42,-0.999989740977], [49,42,-0.004529673351], [96,42,0.999989740977], [97,42,0.004529673351], [54,43,-0.002780633614], [55,43,-0.999996134031], [60,43,0.002780633614], [61,43,0.999996134031], [54,44,-0.999992827562], [55,44,-0.003787456240], [78,44,0.999992827562], [79,44,0.003787456240], [54,45,-0.709528003797], [55,45,-0.704677239471], [81,45,0.709528003797], [82,45,0.704677239471], [54,46,-0.999999838110], [55,46,0.000569015824], [102,46,0.999999838110], [103,46,-0.000569015824], [57,47,0.001066547777], [58,47,-0.999999431238], [60,47,-0.001066547777], [61,47,0.999999431238], [57,48,-0.000845919170], [58,48,-0.999999642210], [63,48,0.000845919170], [64,48,0.999999642210], [57,49,-0.706588793393], [58,49,0.707624389809], [78,49,0.706588793393], [79,49,-0.707624389809], [57,50,-0.999999554079], [58,50,-0.000944373472], [81,50,0.999999554079], [82,50,0.000944373472], [57,51,-0.707778054025], [58,51,-0.706434870488], [84,51,0.707778054025], [85,51,0.706434870488], [57,52,-0.999999911920], [58,52,-0.000419714401], [105,52,0.999999911920], [106,52,0.000419714401], [60,53,0.001765125758], [61,53,-0.999998442164], [66,53,-0.001765125758], [67,53,0.999998442164], [60,54,-0.709978360972], [61,54,0.704223492189], [81,54,0.709978360972], [82,54,-0.704223492189], [60,55,-0.999996586811], [61,55,-0.002612731398], [84,55,0.999996586811], [85,55,0.002612731398], [60,56,-0.703964927127], [61,56,-0.710234736813], [87,56,0.703964927127], [88,56,0.710234736813], [63,57,0.006333032330], [64,57,-0.999979946150], [66,57,-0.006333032330], [67,57,0.999979946150], [63,58,0.001642072972], [64,58,-0.999998651797], [69,58,-0.001642072972], [70,58,0.999998651797], [63,59,-0.999999995683], [64,59,-0.000092917699], [87,59,0.999999995683], [88,59,0.000092917699], [63,60,-0.709068848141], [64,60,-0.705139254755], [90,60,0.709068848141], [91,60,0.705139254755], [63,61,-0.999999988876], [64,61,0.000149160192], [111,61,0.999999988876], [112,61,-0.000149160192], [66,62,-0.710742023660], [67,62,0.703452753071], [87,62,0.710742023660], [88,62,-0.703452753071], [69,63,-0.708057803441], [70,63,0.706154478132], [90,63,0.708057803441], [91,63,-0.706154478132], [69,64,-0.999995092524], [70,64,0.003132878610], [93,64,0.999995092524], [94,64,-0.003132878610], [72,65,0.006678776743], [73,65,-0.999977696722], [75,65,-0.006678776743], [76,65,0.999977696722], [75,66,-0.003768976384], [76,66,-0.999992897383], [81,66,0.003768976384], [82,66,0.999992897383], [75,67,-0.999998791489], [76,67,0.001554676697], [99,67,0.999998791489], [100,67,-0.001554676697], [75,68,-0.706375631067], [76,68,-0.707837176076], [102,68,0.706375631067], [103,68,0.707837176076], [75,69,-0.999999881897], [76,69,-0.000486010676], [123,69,0.999999881897], [124,69,0.000486010676], [78,70,-0.006495605903], [79,70,-0.999978903329], [81,70,0.006495605903], [82,70,0.999978903329], [78,71,-0.002443116859], [79,71,-0.999997015586], [84,71,0.002443116859], [85,71,0.999997015586], [81,72,-0.703125466407], [82,72,0.711065804613], [102,72,0.703125466407], [103,72,-0.711065804613], [84,73,-0.000368108910], [85,73,-0.999999932248], [90,73,0.000368108910], [91,73,0.999999932248], [87,74,-0.001643551028], [88,74,-0.999998649369], [90,74,0.001643551028], [91,74,0.999998649369], [87,75,0.001361168329], [88,75,-0.999999073610], [93,75,-0.001361168329], [94,75,0.999999073610], [90,76,0.004356560129], [91,76,-0.999990510147], [93,76,-0.004356560129], [94,76,0.999990510147], [90,77,-0.708946471100], [91,77,0.705262292424], [111,77,0.708946471100], [112,77,-0.705262292424], [90,78,-0.999994781543], [91,78,-0.003230617112], [114,78,0.999994781543], [115,78,0.003230617112], [93,79,-0.710826676260], [94,79,0.703367212996], [114,79,0.710826676260], [115,79,-0.703367212996], [96,80,-0.709753332789], [97,80,-0.704450286816], [123,80,0.709753332789], [124,80,0.704450286816], [99,81,0.008849561432], [100,81,-0.999960841865], [102,81,-0.008849561432], [103,81,0.999960841865], [99,82,0.004109193283], [100,82,-0.999991557230], [105,82,-0.004109193283], [106,82,0.999991557230], [99,83,-0.999996727188], [100,83,-0.002558439574], [123,83,0.999996727188], [124,83,0.002558439574], [99,84,-0.706173823241], [100,84,-0.708038509806], [126,84,0.706173823241], [127,84,0.708038509806], [99,85,-0.999999971198], [100,85,-0.000240010286], [147,85,0.999999971198], [148,85,0.000240010286], [102,86,-0.000631919027], [103,86,-0.999999800339], [105,86,0.000631919027], [106,86,0.999999800339], [102,87,-0.003849127134], [103,87,-0.999992592083], [108,87,0.003849127134], [109,87,0.999992592083], [102,88,-0.707534813423], [103,88,0.706678489693], [123,88,0.707534813423], [124,88,-0.706678489693], [102,89,-0.999996019371], [103,89,0.002821567247], [126,89,0.999996019371], [127,89,-0.002821567247], [105,90,-0.007069952637], [106,90,-0.999975007573], [108,90,0.007069952637], [109,90,0.999975007573], [105,91,-0.707116701698], [106,91,0.707096860536], [126,91,0.707116701698], [127,91,-0.707096860536], [105,92,-0.999999998116], [106,92,0.000061386658], [153,92,0.999999998116], [154,92,-0.000061386658], [108,93,-0.705215604971], [109,93,0.708992912874], [129,93,0.705215604971], [130,93,-0.708992912874], [108,94,-0.999990962886], [109,94,0.004251370049], [132,94,0.999990962886], [133,94,-0.004251370049], [108,95,-0.999999411500], [109,95,0.001084896415], [156,95,0.999999411500], [157,95,-0.001084896415], [111,96,-0.000464203187], [112,96,-0.999999892258], [114,96,0.000464203187], [115,96,0.999999892258], [111,97,-0.000858247634], [112,97,-0.999999631705], [117,97,0.000858247634], [118,97,0.999999631705], [114,98,-0.709186697591], [115,98,-0.705020728745], [141,98,0.709186697591], [142,98,0.705020728745], [114,99,-0.999999601951], [115,99,0.000892243259], [162,99,0.999999601951], [163,99,-0.000892243259], [117,100,-0.706395581584], [118,100,0.707817266192], [138,100,0.706395581584], [139,100,-0.707817266192], [117,101,-0.999996587242], [118,101,0.002612566806], [141,101,0.999996587242], [142,101,-0.002612566806], [117,102,-0.999998464537], [118,102,-0.001752405126], [165,102,0.999998464537], [166,102,0.001752405126], [120,103,0.005368333808], [121,103,-0.999985590392], [123,103,-0.005368333808], [124,103,0.999985590392], [120,104,-0.999980535263], [121,104,0.006239318408], [144,104,0.999980535263], [145,104,-0.006239318408], [120,105,-0.707462911009], [121,105,-0.706750471911], [147,105,0.707462911009], [148,105,0.706750471911], [126,106,0.005592714769], [127,106,-0.999984360648], [129,106,-0.005592714769], [130,106,0.999984360648], [126,107,0.002782577981], [127,107,-0.999996128622], [132,107,-0.002782577981], [133,107,0.999996128622], [126,108,-0.704738861836], [127,108,-0.709466797403], [153,108,0.704738861836], [154,108,0.709466797403], [129,109,-0.000069960977], [130,109,-0.999999997553], [132,109,0.000069960977], [133,109,0.999999997553], [129,110,-0.707542375958], [130,110,0.706670917913], [150,110,0.707542375958], [151,110,-0.706670917913], [129,111,-0.999993934756], [130,111,0.003482879594], [153,111,0.999993934756], [154,111,-0.003482879594], [129,112,-0.708411157500], [130,112,-0.705799994283], [156,112,0.708411157500], [157,112,0.705799994283], [129,113,-0.999989262012], [130,113,0.004634205483], [177,113,0.999989262012], [178,113,-0.004634205483], [132,114,-0.709522603419], [133,114,0.704682676982], [153,114,0.709522603419], [154,114,-0.704682676982], [132,115,-0.999997877415], [133,115,-0.002060380072], [156,115,0.999997877415], [157,115,0.002060380072], [135,116,-0.005242368250], [136,116,-0.999986258693], [138,116,0.005242368250], [139,116,0.999986258693], [135,117,-0.002193293912], [136,117,-0.999997594728], [141,117,0.002193293912], [142,117,0.999997594728], [135,118,-0.706356528044], [136,118,-0.707856239140], [162,118,0.706356528044], [163,118,0.707856239140], [135,119,-0.999999989877], [136,119,-0.000142287225], [183,119,0.999999989877], [184,119,0.000142287225], [138,120,0.000847385673], [139,120,-0.999999640969], [141,120,-0.000847385673], [142,120,0.999999640969], [138,121,-0.999995127067], [139,121,-0.003121833269], [162,121,0.999995127067], [163,121,0.003121833269], [138,122,-0.704247000804], [139,122,-0.709955042139], [165,122,0.704247000804], [166,122,0.709955042139], [138,123,-0.999998323533], [139,123,-0.001831101067], [186,123,0.999998323533], [187,123,0.001831101067], [141,124,-0.706014327435], [142,124,0.708197549739], [162,124,0.706014327435], [163,124,-0.708197549739], [141,125,-0.999981265804], [142,125,-0.006121114311], [165,125,0.999981265804], [166,125,0.006121114311], [141,126,-0.999991849185], [142,126,-0.004037519592], [189,126,0.999991849185], [190,126,0.004037519592], [144,127,-0.703148928326], [145,127,-0.711042603923], [171,127,0.703148928326], [172,127,0.711042603923], [147,128,-0.999972123193], [148,128,-0.007466782248], [171,128,0.999972123193], [172,128,0.007466782248], [150,129,-0.001160097053], [151,129,-0.999999327087], [153,129,0.001160097053], [154,129,0.999999327087], [150,130,0.001759572318], [151,130,-0.999998451951], [156,130,-0.001759572318], [157,130,0.999998451951], [150,131,-0.711095862392], [151,131,-0.703095067888], [177,131,0.711095862392], [178,131,0.703095067888], [153,132,0.004676183858], [154,132,-0.999989066592], [156,132,-0.004676183858], [157,132,0.999989066592], [153,133,0.001341431781], [154,133,-0.999999100280], [159,133,-0.001341431781], [160,133,0.999999100280], [156,134,-0.707869705017], [157,134,0.706343033319], [177,134,0.707869705017], [178,134,-0.706343033319], [159,135,-0.999993392547], [160,135,0.003635225164], [183,135,0.999993392547], [184,135,-0.003635225164], [159,136,-0.709206725749], [160,136,-0.705000581668], [186,136,0.709206725749], [187,136,0.705000581668], [162,137,-0.707168693599], [163,137,-0.707044863353], [189,137,0.707168693599], [190,137,0.707044863353], [168,138,-0.002941248612], [169,138,-0.999995674519], [171,138,0.002941248612], [172,138,0.999995674519], [168,139,0.000696532337], [169,139,-0.999999757421], [174,139,-0.000696532337], [175,139,0.999999757421], [171,140,-0.000950772320], [172,140,-0.999999548016], [177,140,0.000950772320], [178,140,0.999999548016], [174,141,-0.006263058560], [175,141,-0.999980386856], [177,141,0.006263058560], [178,141,0.999980386856], [174,142,-0.000747905185], [175,142,-0.999999720319], [180,142,0.000747905185], [181,142,0.999999720319], [177,143,0.004693047425], [178,143,-0.999988987592], [180,143,-0.004693047425], [181,143,0.999988987592], [183,144,0.002586185877], [184,144,-0.999996655816], [186,144,-0.002586185877], [187,144,0.999996655816], [183,145,0.000983745140], [184,145,-0.999999516123], [189,145,-0.000983745140], [190,145,0.999999516123], [186,146,-0.000612617955], [187,146,-0.999999812350], [189,146,0.000612617955], [190,146,0.999999812350], ]
},
"Q": {
"shape": [147, 147],
"data": [[0,0,2.000000000000], [1,0,-0.705007211797], [2,0,0.001607757897], [3,0,0.707341096660], [0,1,-0.705007211797], [1,1,2.000000000000], [2,1,0.708065737367], [15,1,0.705704874156], [16,1,0.707535489277], [17,1,-0.004617556954], [18,1,-0.708115284252], [0,2,0.001607757897], [1,2,0.708065737367], [2,2,2.000000000000], [17,2,0.709408528394], [21,2,0.999978408898], [23,2,0.708045230180], [40,2,0.001968401045], [0,3,0.707341096660], [3,3,2.000000000000], [15,3,-0.708036466890], [19,3,0.711690687439], [20,3,0.710155511368], [21,3,-0.710374603034], [22,3,0.001663967081], [4,4,2.000000000000], [5,4,0.999997907593], [6,4,-0.004928004183], [7,4,0.703788517770], [8,4,-0.999991661675], [9,4,-0.999996201479], [10,4,0.709398346062], [4,5,0.999997907593], [5,5,2.000000000000], [6,5,-0.002882338209], [7,5,0.705240316114], [8,5,0.999997923225], [11,5,-0.999999809942], [12,5,0.707431914274], [4,6,-0.004928004183], [5,6,-0.002882338209], [6,6,2.000000000000], [7,6,0.706932646403], [10,6,0.708295125467], [20,6,-0.006431182939], [26,6,-0.708855637223], [4,7,0.703788517770], [5,7,0.705240316114], [6,7,0.706932646403], [7,7,2.000000000000], [12,7,0.002176193624], [27,7,-0.705586962508], [28,7,-0.999993152091], [4,8,-0.999991661675], [5,8,0.999997923225], [8,8,2.000000000000], [9,8,0.999999118959], [10,8,-0.706514209502], [11,8,-0.999996476651], [12,8,0.705990006719], [4,9,-0.999996201479], [8,9,0.999999118959], [9,9,2.000000000000], [10,9,-0.707453010435], [11,9,0.999999119365], [13,9,0.709805670630], [14,9,0.001380837016], [4,10,0.709398346062], [6,10,0.708295125467], [8,10,-0.706514209502], [9,10,-0.707453010435], [10,10,2.000000000000], [20,10,-0.710457013426], [26,10,-0.004158300494], [5,11,-0.999999809942], [8,11,-0.999996476651], [9,11,0.999999119365], [11,11,2.000000000000], [12,11,-0.707867536194], [13,11,0.710739871303], [14,11,0.002707962591], [5,12,0.707431914274], [7,12,0.002176193624], [8,12,0.705990006719], [11,12,-0.707867536194], [12,12,2.000000000000], [27,12,0.707086168437], [28,12,0.001524592230], [9,13,0.709805670630], [11,13,0.710739871303], [13,13,2.000000000000], [14,13,0.705377005464], [29,13,0.705931550811], [30,13,0.709324650425], [31,13,-0.698226373274], [32,13,0.004013419311], [33,13,-0.701064858384], [9,14,0.001380837016], [11,14,0.002707962591], [13,14,0.705377005464], [14,14,2.000000000000], [32,14,0.705995653231], [35,14,0.999997876361], [37,14,0.709678305238], [53,14,-0.003719464306], [57,14,-0.008287326007], [62,14,-0.712115455677], [1,15,0.705704874156], [3,15,-0.708036466890], [15,15,2.000000000000], [16,15,0.999996653447], [17,15,0.705239728484], [18,15,0.000553378015], [19,15,-0.999986541435], [20,15,-0.999995484197], [21,15,0.005947747791], [22,15,-0.707353043294], [1,16,0.707535489277], [15,16,0.999996653447], [16,16,2.000000000000], [17,16,0.703403193727], [18,16,-0.002033725063], [19,16,0.999996617210], [23,16,0.707556011296], [24,16,0.004981028058], [25,16,0.002226943085], [1,17,-0.004617556954], [2,17,0.709408528394], [15,17,0.705239728484], [16,17,0.703403193727], [17,17,2.000000000000], [18,17,0.709359072675], [21,17,0.704761788782], [23,17,0.004588516706], [40,17,0.706192551992], [1,18,-0.708115284252], [15,18,0.000553378015], [16,18,-0.002033725063], [17,18,0.709359072675], [18,18,2.000000000000], [41,18,0.999970964497], [65,18,0.005444717061], [3,19,0.711690687439], [15,19,-0.999986541435], [16,19,0.999996617210], [19,19,2.000000000000], [20,19,0.999997617444], [21,19,-0.011135730728], [22,19,0.703676222020], [23,19,0.709391683211], [24,19,0.007582049527], [25,19,0.004827999689], [3,20,0.710155511368], [6,20,-0.006431182939], [10,20,-0.710457013426], [15,20,-0.999995484197], [19,20,0.999997617444], [20,20,2.000000000000], [21,20,-0.008952927396], [22,20,0.705225549909], [26,20,-0.700780221861], [2,21,0.999978408898], [3,21,-0.710374603034], [15,21,0.005947747791], [17,21,0.704761788782], [19,21,-0.011135730728], [20,21,-0.008952927396], [21,21,2.000000000000], [22,21,0.702640772831], [23,21,0.712670365221], [40,21,-0.004602909963], [3,22,0.001663967081], [15,22,-0.707353043294], [19,22,0.703676222020], [20,22,0.705225549909], [21,22,0.702640772831], [22,22,2.000000000000], [24,22,0.705165045728], [43,22,-0.709795486469], [44,22,-0.709054595238], [45,22,-0.999990058465], [46,22,-0.705975888109], [2,23,0.708045230180], [16,23,0.707556011296], [17,23,0.004588516706], [19,23,0.709391683211], [21,23,0.712670365221], [23,23,2.000000000000], [24,23,0.710172855477], [25,23,0.708231200207], [40,23,-0.704772000027], [16,24,0.004981028058], [19,24,0.007582049527], [22,24,0.705165045728], [23,24,0.710172855477], [24,24,2.000000000000], [25,24,0.999996207459], [43,24,-0.001067397238], [44,24,-0.999984871160], [45,24,-0.708319682025], [46,24,-0.999999345376], [16,25,0.002226943085], [19,25,0.004827999689], [23,25,0.708231200207], [24,25,0.999996207459], [25,25,2.000000000000], [44,25,0.999996228093], [49,25,0.705851870034], [70,25,-0.007536444210], [71,25,-0.003483976214], [6,26,-0.708855637223], [10,26,-0.004158300494], [20,26,-0.700780221861], [26,26,2.000000000000], [43,26,0.705378666824], [47,26,0.702646450566], [53,26,-0.702149213064], [54,26,-0.009290767590], [55,26,-0.712624723888], [56,26,-0.999953390630], [7,27,-0.705586962508], [12,27,0.707086168437], [27,27,2.000000000000], [28,27,0.708204589597], [29,27,0.999983719089], [34,27,0.703570643341], [35,27,-0.000458526875], [36,27,-0.000407651027], [7,28,-0.999993152091], [12,28,0.001524592230], [27,28,0.708204589597], [28,28,2.000000000000], [31,28,0.711956186568], [34,28,0.003434682605], [48,28,0.708553227663], [57,28,-0.703469102586], [58,28,-0.706795365882], [59,28,-0.706322274690], [60,28,-0.999992078184], [61,28,-0.706150889375], [13,29,0.705931550811], [27,29,0.999983719089], [29,29,2.000000000000], [30,29,0.999988469801], [31,29,0.014141405099], [32,29,0.711107556509], [33,29,0.010168948333], [34,29,0.699504166187], [35,29,-0.006164792217], [36,29,-0.006113917323], [13,30,0.709324650425], [29,30,0.999988469801], [30,30,2.000000000000], [31,30,0.009339611696], [32,30,0.707723073861], [33,30,0.005366968841], [37,30,0.705021189999], [38,30,-0.004330636648], [39,30,-0.001234653994], [13,31,-0.698226373274], [28,31,0.711956186568], [29,31,0.014141405099], [30,31,0.009339611696], [31,31,2.000000000000], [32,31,0.713068995953], [33,31,0.999992108628], [34,31,0.704665089099], [48,31,0.008929392360], [57,31,-0.001750516198], [58,31,-0.006441473500], [59,31,-0.999968074734], [60,31,-0.714745677197], [61,31,-0.999966111089], [13,32,0.004013419311], [14,32,0.705995653231], [29,32,0.711107556509], [30,32,0.707723073861], [31,32,0.713068995953], [32,32,2.000000000000], [33,32,0.710278103520], [35,32,0.707453710485], [37,32,0.002073187481], [53,32,0.705585341356], [57,32,0.702341029266], [62,32,-0.005538493178], [13,33,-0.701064858384], [29,33,0.010168948333], [30,33,0.005366968841], [31,33,0.999992108628], [32,33,0.710278103520], [33,33,2.000000000000], [56,33,0.706878631333], [59,33,0.999991928166], [62,33,0.707844245471], [74,33,-0.005754358892], [75,33,-0.002749666668], [27,34,0.703570643341], [28,34,0.003434682605], [29,34,0.699504166187], [31,34,0.704665089099], [34,34,2.000000000000], [35,34,0.710302642346], [36,34,0.710338452757], [48,34,-0.703219552017], [57,34,0.708305456117], [58,34,0.704986268920], [59,34,-0.710312235580], [60,34,-0.007415029998], [61,34,-0.710482610181], [14,35,0.999997876361], [27,35,-0.000458526875], [29,35,-0.006164792217], [32,35,0.707453710485], [34,35,0.710302642346], [35,35,2.000000000000], [36,35,0.999999998706], [37,35,0.708224846900], [53,35,-0.001658579364], [57,35,-0.006226487881], [62,35,-0.710667069162], [27,36,-0.000407651027], [29,36,-0.006113917323], [34,36,0.710338452757], [35,36,0.999999998706], [36,36,2.000000000000], [60,36,0.709108102636], [63,36,0.708018490232], [73,36,0.000423779603], [74,36,0.001699221647], [76,36,0.004300889954], [77,36,-0.708907207558], [78,36,-0.999994959844], [14,37,0.709678305238], [30,37,0.705021189999], [32,37,0.002073187481], [35,37,0.708224846900], [37,37,2.000000000000], [38,37,0.706126398226], [39,37,0.708315241287], [53,37,-0.707160620875], [57,37,-0.710383012840], [62,37,-0.999993995741], [30,38,-0.004330636648], [37,38,0.706126398226], [38,38,2.000000000000], [39,38,0.999995207409], [58,38,0.001432420260], [63,38,-0.705883392370], [64,38,-0.999980734290], [30,39,-0.001234653994], [37,39,0.708315241287], [38,39,0.999995207409], [39,39,2.000000000000], [64,39,0.999995159654], [75,39,-0.001382669726], [76,39,-0.004378061342], [79,39,-0.710841799487], [2,40,0.001968401045], [17,40,0.706192551992], [21,40,-0.004602909963], [23,40,-0.704772000027], [40,40,2.000000000000], [41,40,0.009518542784], [42,40,0.005193817743], [18,41,0.999970964497], [40,41,0.009518542784], [41,41,2.000000000000], [42,41,0.999990647871], [65,41,-0.002175706159], [40,42,0.005193817743], [41,42,0.999990647871], [42,42,2.000000000000], [80,42,-0.712936981105], [22,43,-0.709795486469], [24,43,-0.001067397238], [26,43,0.705378666824], [43,43,2.000000000000], [44,43,0.006568055268], [45,43,0.706647452628], [46,43,0.002211619540], [47,43,0.999992599592], [53,43,-0.999989668033], [54,43,0.702246579987], [55,43,-0.005393345421], [56,43,-0.712189459607], [22,44,-0.709054595238], [24,44,-0.999984871160], [25,44,0.999996228093], [43,44,0.006568055268], [44,44,2.000000000000], [45,44,0.712191848958], [46,44,0.999990510551], [49,44,0.703903629018], [70,44,-0.010282935651], [71,44,-0.006230544272], [22,45,-0.999990058465], [24,45,-0.708319682025], [43,45,0.706647452628], [44,45,0.712191848958], [45,45,2.000000000000], [46,45,0.709126916432], [50,45,0.710193165895], [54,45,0.007499262753], [66,45,0.707346428709], [70,45,0.709271187417], [72,45,0.002184679678], [22,46,-0.705975888109], [24,46,-0.999999345376], [43,46,0.002211619540], [44,46,0.999990510551], [45,46,0.709126916432], [46,46,2.000000000000], [68,46,0.705972746158], [72,46,0.703529960273], [81,46,-0.009418553542], [86,46,-0.000062903215], [87,46,-0.003280114902], [88,46,-0.707936810123], [89,46,-0.999997462999], [26,47,0.702646450566], [43,47,0.999992599592], [47,47,2.000000000000], [48,47,0.999998171235], [49,47,-0.708377598046], [50,47,-0.000122174366], [51,47,0.705679589584], [52,47,-0.000646833521], [53,47,-0.999999755994], [54,47,0.704980317496], [55,47,-0.001546185775], [56,47,-0.709483520630], [28,48,0.708553227663], [31,48,0.008929392360], [34,48,-0.703219552017], [47,48,0.999998171235], [48,48,2.000000000000], [49,48,-0.707026419622], [50,48,0.001790291927], [51,48,0.707033340756], [52,48,0.001265633346], [57,48,-0.999974231134], [58,48,-0.999996904947], [59,48,-0.000938836832], [60,48,-0.705738817395], [61,48,-0.000696759022], [25,49,0.705851870034], [44,49,0.703903629018], [47,49,-0.708377598046], [48,49,-0.707026419622], [49,49,2.000000000000], [50,49,0.705920216608], [51,49,0.000217497015], [52,49,0.706291731009], [70,49,0.703019738953], [71,49,0.705895998970], [45,50,0.710193165895], [47,50,-0.000122174366], [48,50,0.001790291927], [49,50,0.705920216608], [50,50,2.000000000000], [51,50,0.708444876764], [52,50,0.999999862366], [54,50,0.709312994393], [66,50,0.004713341468], [70,50,0.007439956556], [72,50,-0.702453641186], [47,51,0.705679589584], [48,51,0.707033340756], [49,51,0.000217497015], [50,51,0.708444876764], [51,51,2.000000000000], [52,51,0.708074492572], [55,51,0.709621362812], [71,51,0.708161946690], [73,51,-0.706695362033], [47,52,-0.000646833521], [48,52,0.001265633346], [49,52,0.706291731009], [50,52,0.999999862366], [51,52,0.708074492572], [52,52,2.000000000000], [82,52,-0.003689482064], [86,52,0.001051633288], [90,52,-0.007489655926], [91,52,-0.706819860680], [92,52,-0.999999884271], [14,53,-0.003719464306], [26,53,-0.702149213064], [32,53,0.705585341356], [35,53,-0.001658579364], [37,53,-0.707160620875], [43,53,-0.999989668033], [47,53,-0.999999755994], [53,53,2.000000000000], [54,53,-0.705475596217], [55,53,0.000847607595], [56,53,0.708991043758], [57,53,0.999989566944], [62,53,0.704706206261], [26,54,-0.009290767590], [43,54,0.702246579987], [45,54,0.007499262753], [47,54,0.704980317496], [50,54,0.709312994393], [53,54,-0.705475596217], [54,54,2.000000000000], [55,54,0.708135990853], [56,54,-0.000364121489], [66,54,-0.701542598684], [70,54,-0.699596895786], [72,54,-0.999953110298], [26,55,-0.712624723888], [43,55,-0.005393345421], [47,55,-0.001546185775], [51,55,0.709621362812], [53,55,0.000847607595], [54,55,0.708135990853], [55,55,2.000000000000], [56,55,0.705818176959], [71,55,0.005055832121], [73,55,-0.002980838875], [26,56,-0.999953390630], [33,56,0.706878631333], [43,56,-0.712189459607], [47,56,-0.709483520630], [53,56,0.708991043758], [54,56,-0.000364121489], [55,56,0.705818176959], [56,56,2.000000000000], [59,56,0.704030917465], [62,56,0.000720875954], [74,56,-0.711390779827], [75,56,-0.709275864095], [14,57,-0.008287326007], [28,57,-0.703469102586], [31,57,-0.001750516198], [32,57,0.702341029266], [34,57,0.708305456117], [35,57,-0.006226487881], [37,57,-0.710383012840], [48,57,-0.999974231134], [53,57,0.999989566944], [57,57,2.000000000000], [58,57,0.999988997275], [59,57,-0.006240116467], [60,57,0.700634558059], [61,57,-0.006482189460], [62,57,0.707939798349], [28,58,-0.706795365882], [31,58,-0.006441473500], [34,58,0.704986268920], [38,58,0.001432420260], [48,58,-0.999996904947], [57,58,0.999988997275], [58,58,2.000000000000], [59,58,-0.001549155391], [60,58,0.703973961293], [61,58,-0.001791232945], [63,58,0.707316208674], [64,58,0.004774939300], [28,59,-0.706322274690], [31,59,-0.999968074734], [33,59,0.999991928166], [34,59,-0.710312235580], [48,59,-0.000938836832], [56,59,0.704030917465], [57,59,-0.006240116467], [58,59,-0.001549155391], [59,59,2.000000000000], [60,59,0.709134364997], [61,59,0.999999970699], [62,59,0.710676657381], [74,59,-0.001736468594], [75,59,0.001268250711], [28,60,-0.999992078184], [31,60,-0.714745677197], [34,60,-0.007415029998], [36,60,0.709108102636], [48,60,-0.705738817395], [57,60,0.700634558059], [58,60,0.703973961293], [59,60,0.709134364997], [60,60,2.000000000000], [61,60,0.708963661546], [63,60,0.004124488651], [73,60,0.705400221541], [74,60,0.706303693206], [76,60,-0.702043462014], [77,60,-0.005383730369], [78,60,-0.711343182838], [28,61,-0.706150889375], [31,61,-0.999966111089], [34,61,-0.710482610181], [48,61,-0.000696759022], [57,61,-0.006482189460], [58,61,-0.001791232945], [59,61,0.999999970699], [60,61,0.708963661546], [61,61,2.000000000000], [77,61,0.709051660272], [96,61,-0.000315043006], [97,61,-0.000709087488], [14,62,-0.712115455677], [32,62,-0.005538493178], [33,62,0.707844245471], [35,62,-0.710667069162], [37,62,-0.999993995741], [53,62,0.704706206261], [56,62,0.000720875954], [57,62,0.707939798349], [59,62,0.710676657381], [62,62,2.000000000000], [74,62,0.702283662183], [75,62,0.704419540933], [36,63,0.708018490232], [38,63,-0.705883392370], [58,63,0.707316208674], [60,63,0.004124488651], [63,63,2.000000000000], [64,63,0.710266624924], [73,63,-0.705893787902], [74,63,-0.704989795247], [76,63,0.709232473226], [77,63,-0.999999207137], [78,63,-0.705772793731], [38,64,-0.999980734290], [39,64,0.999995159654], [58,64,0.004774939300], [63,64,0.710266624924], [64,64,2.000000000000], [75,64,-0.004494037357], [76,64,-0.007489387629], [79,64,-0.713026751991], [18,65,0.005444717061], [41,65,-0.002175706159], [65,65,2.000000000000], [66,65,-0.999945422112], [67,65,0.008233410693], [68,65,-0.703103663850], [69,65,0.006192776117], [45,66,0.707346428709], [50,66,0.004713341468], [54,66,-0.701542598684], [65,66,-0.999945422112], [66,66,2.000000000000], [67,66,0.002214306175], [68,66,0.710494461651], [69,66,0.004254983163], [70,66,0.999996282648], [72,66,0.708410690907], [65,67,0.008233410693], [66,67,0.002214306175], [67,67,2.000000000000], [68,67,0.705274319442], [69,67,0.999997917797], [81,67,0.010404166556], [82,67,0.005663851888], [83,67,-0.999991541135], [84,67,-0.705072198851], [85,67,-0.999998389549], [46,68,0.705972746158], [65,68,-0.703103663850], [66,68,0.710494461651], [67,68,0.705274319442], [68,68,2.000000000000], [69,68,0.706719564066], [72,68,-0.006648116088], [81,68,0.701558343950], [86,68,-0.708283406950], [87,68,-0.710550862085], [88,68,0.000427956204], [89,68,-0.704375609055], [65,69,0.006192776117], [66,69,0.004254983163], [67,69,0.999997917797], [68,69,0.706719564066], [69,69,2.000000000000], [80,69,0.710095619325], [83,69,0.999997852514], [88,69,0.707191276570], [103,69,-0.004882329501], [25,70,-0.007536444210], [44,70,-0.010282935651], [45,70,0.709271187417], [49,70,0.703019738953], [50,70,0.007439956556], [54,70,-0.699596895786], [66,70,0.999996282648], [70,70,2.000000000000], [71,70,0.999991788502], [72,70,0.706483577561], [25,71,-0.003483976214], [44,71,-0.006230544272], [49,71,0.705895998970], [51,71,0.708161946690], [55,71,0.005055832121], [70,71,0.999991788502], [71,71,2.000000000000], [73,71,-0.999997847167], [45,72,0.002184679678], [46,72,0.703529960273], [50,72,-0.702453641186], [54,72,-0.999953110298], [66,72,0.708410690907], [68,72,-0.006648116088], [70,72,0.706483577561], [72,72,2.000000000000], [81,72,-0.717260312611], [86,72,0.710621344280], [87,72,0.708354117785], [88,72,-0.999980654563], [89,72,-0.705128987511], [36,73,0.000423779603], [51,73,-0.706695362033], [55,73,-0.002980838875], [60,73,0.705400221541], [63,73,-0.705893787902], [71,73,-0.999997847167], [73,73,2.000000000000], [74,73,0.999999186623], [76,73,-0.999988838707], [77,73,0.705001275128], [78,73,-0.003598723882], [33,74,-0.005754358892], [36,74,0.001699221647], [56,74,-0.711390779827], [59,74,-0.001736468594], [60,74,0.706303693206], [62,74,0.702283662183], [63,74,-0.704989795247], [73,74,0.999999186623], [74,74,2.000000000000], [75,74,0.999995485831], [76,74,-0.999981999300], [77,74,0.704096150174], [78,74,-0.004874155200], [33,75,-0.002749666668], [39,75,-0.001382669726], [56,75,-0.709275864095], [59,75,0.001268250711], [62,75,0.704419540933], [64,75,-0.004494037357], [74,75,0.999995485831], [75,75,2.000000000000], [76,75,0.999995513777], [79,75,0.704334116163], [36,76,0.004300889954], [39,76,-0.004378061342], [60,76,-0.702043462014], [63,76,0.709232473226], [64,76,-0.007489387629], [73,76,-0.999988838707], [74,76,-0.999981999300], [75,76,0.999995513777], [76,76,2.000000000000], [77,76,-0.708344167519], [78,76,-0.001125950941], [79,76,0.706457297301], [36,77,-0.708907207558], [60,77,-0.005383730369], [61,77,0.709051660272], [63,77,-0.999999207137], [73,77,0.705001275128], [74,77,0.704096150174], [76,77,-0.708344167519], [77,77,2.000000000000], [78,77,0.706664339062], [96,77,0.704933121226], [97,77,0.704653581048], [36,78,-0.999994959844], [60,78,-0.711343182838], [63,78,-0.705772793731], [73,78,-0.003598723882], [74,78,-0.004874155200], [76,78,-0.001125950941], [77,78,0.706664339062], [78,78,2.000000000000], [79,78,0.708550656687], [96,78,0.003694817528], [98,78,-0.711460648761], [99,78,-0.999991501000], [39,79,-0.710841799487], [64,79,-0.713026751991], [75,79,0.704334116163], [76,79,0.706457297301], [78,79,0.708550656687], [79,79,2.000000000000], [96,79,-0.703037169205], [98,79,-0.008220358015], [99,79,-0.711453967970], [42,80,-0.712936981105], [69,80,0.710095619325], [80,80,2.000000000000], [83,80,0.711553303391], [88,80,0.004355327140], [103,80,0.700629943152], [46,81,-0.009418553542], [67,81,0.010404166556], [68,81,0.701558343950], [72,81,-0.717260312611], [81,81,2.000000000000], [82,81,0.999988763983], [83,81,-0.006291193079], [84,81,0.701761455708], [85,81,-0.008609560289], [86,81,-0.999955050005], [87,81,-0.999919371150], [88,81,0.712912190278], [89,81,0.011670982965], [52,82,-0.003689482064], [67,82,0.005663851888], [81,82,0.999988763983], [82,82,2.000000000000], [83,82,-0.001550761861], [84,82,0.705130727269], [85,82,-0.003869184905], [86,82,0.999988760893], [90,82,-0.999937513211], [91,82,0.709996569880], [92,82,0.004170579415], [67,83,-0.999991541135], [69,83,0.999997852514], [80,83,0.711553303391], [81,83,-0.006291193079], [82,83,-0.001550761861], [83,83,2.000000000000], [84,83,0.707982985810], [85,83,0.999997312438], [88,83,0.705724503581], [103,83,-0.002809913531], [67,84,-0.705072198851], [81,84,0.701761455708], [82,84,0.705130727269], [83,84,0.707982985810], [84,84,2.000000000000], [85,84,0.706343739427], [89,84,0.704173233956], [91,84,-0.001304502706], [106,84,-0.704078007772], [107,84,-0.706070784991], [108,84,-0.999997950440], [67,85,-0.999998389549], [81,85,-0.008609560289], [82,85,-0.003869184905], [83,85,0.999997312438], [84,85,0.706343739427], [85,85,2.000000000000], [105,85,0.707632518015], [128,85,-0.999973886496], [46,86,-0.000062903215], [52,86,0.001051633288], [68,86,-0.708283406950], [72,86,0.710621344280], [81,86,-0.999955050005], [82,86,0.999988760893], [86,86,2.000000000000], [87,86,0.999994824760], [88,86,-0.706231243886], [89,86,-0.002189650172], [90,86,-0.999979275554], [91,86,0.706649878858], [92,86,-0.000570532380], [46,87,-0.003280114902], [68,87,-0.710550862085], [72,87,0.708354117785], [81,87,-0.999919371150], [86,87,0.999994824760], [87,87,2.000000000000], [88,87,-0.703949863229], [89,87,0.001027565467], [90,87,0.999994812987], [93,87,0.706273196193], [94,87,0.000402246206], [95,87,-0.002764236491], [46,88,-0.707936810123], [68,88,0.000427956204], [69,88,0.707191276570], [72,88,-0.999980654563], [80,88,0.004355327140], [81,88,0.712912190278], [83,88,0.705724503581], [86,88,-0.706231243886], [87,88,-0.703949863229], [88,88,2.000000000000], [89,88,0.709525937870], [103,88,-0.710466589792], [46,89,-0.999997462999], [68,89,-0.704375609055], [72,89,-0.705128987511], [81,89,0.011670982965], [84,89,0.704173233956], [86,89,-0.002189650172], [87,89,0.001027565467], [88,89,0.709525937870], [89,89,2.000000000000], [91,89,0.709109008272], [106,89,0.008414215627], [107,89,0.005604123229], [108,89,-0.702734248254], [52,90,-0.007489655926], [82,90,-0.999937513211], [86,90,-0.999979275554], [87,90,0.999994812987], [90,90,2.000000000000], [91,90,-0.702079906879], [92,90,0.007008567500], [93,90,0.703989352494], [94,90,-0.002818624948], [95,90,-0.005985079176], [52,91,-0.706819860680], [82,91,0.709996569880], [84,91,-0.001304502706], [86,91,0.706649878858], [89,91,0.709109008272], [90,91,-0.702079906879], [91,91,2.000000000000], [92,91,0.707160106679], [106,91,0.711040504020], [107,91,0.709061730461], [108,91,0.003329125558], [52,92,-0.999999884271], [82,92,0.004170579415], [86,92,-0.000570532380], [90,92,0.007008567500], [91,92,0.707160106679], [92,92,2.000000000000], [108,92,0.704695308713], [111,92,0.999994146675], [114,92,0.709565860196], [129,92,0.001098710435], [132,92,0.004737569835], [133,92,0.001402818381], [87,93,0.706273196193], [90,93,0.703989352494], [93,93,2.000000000000], [94,93,0.708223423091], [95,93,0.705984373820], [106,93,-0.712925894414], [109,93,0.708943573566], [110,93,-0.999994597238], [111,93,-0.707680664614], [112,93,0.000824590849], [113,93,-0.708493651218], [87,94,0.000402246206], [90,94,-0.002818624948], [93,94,0.708223423091], [94,94,2.000000000000], [95,94,0.999994986687], [107,94,-0.007033906425], [109,94,-0.004181409694], [114,94,-0.712512058209], [115,94,-0.999980080881], [87,95,-0.002764236491], [90,95,-0.005985079176], [93,95,0.705984373820], [94,95,0.999994986687], [95,95,2.000000000000], [112,95,0.707645020717], [115,95,0.999995053617], [130,95,-0.002844466018], [132,95,-0.005761065659], [134,95,-0.708635597460], [61,96,-0.000315043006], [77,96,0.704933121226], [78,96,0.003694817528], [79,96,-0.703037169205], [96,96,2.000000000000], [97,96,0.999999922364], [98,96,-0.705349859509], [99,96,0.000428040161], [61,97,-0.000709087488], [77,97,0.704653581048], [96,97,0.999999922364], [97,97,2.000000000000], [100,97,0.707210743170], [101,97,0.001754321139], [102,97,-0.002610650797], [78,98,-0.711460648761], [79,98,-0.008220358015], [96,98,-0.705349859509], [98,98,2.000000000000], [99,98,0.708557365307], [101,98,0.707342363554], [117,98,0.706574487844], [120,98,0.704419520974], [124,98,-0.001402016713], [125,98,-0.713488924021], [126,98,-0.712027452146], [78,99,-0.999991501000], [79,99,-0.711453967970], [96,99,0.000428040161], [98,99,0.708557365307], [99,99,2.000000000000], [118,99,0.705724666921], [121,99,0.999991943585], [124,99,0.706645930896], [137,99,-0.706537556098], [97,100,0.707210743170], [100,100,2.000000000000], [101,100,0.708242390721], [102,100,0.705154114334], [116,100,-0.704104354089], [120,100,0.708415601558], [121,100,-0.704182451875], [122,100,0.005041467334], [123,100,-0.705098312383], [97,101,0.001754321139], [98,101,0.707342363554], [100,101,0.708242390721], [101,101,2.000000000000], [102,101,0.999990473508], [117,101,-0.000419274096], [120,101,-0.003459948649], [124,101,-0.707862131389], [125,101,-0.999961861290], [126,101,-0.999977888164], [97,102,-0.002610650797], [100,102,0.705154114334], [101,102,0.999990473508], [102,102,2.000000000000], [122,102,0.705490048314], [125,102,0.999990457042], [69,103,-0.004882329501], [80,103,0.700629943152], [83,103,-0.002809913531], [88,103,-0.710466589792], [103,103,2.000000000000], [104,103,-0.011607457817], [105,103,0.702942390851], [103,104,-0.011607457817], [104,1