{
"N": {
"shape": [192, 142],
"data": [[0,0,-0.001643263492], [1,0,-0.999998649842], [6,0,0.001643263492], [7,0,0.999998649842], [0,1,-0.999982305401], [1,1,0.005948855839], [24,1,0.999982305401], [25,1,-0.005948855839], [0,2,-0.709022039978], [1,2,-0.705186320645], [27,2,0.709022039978], [28,2,0.705186320645], [0,3,-0.999993812951], [1,3,0.003517678197], [48,3,0.999993812951], [49,3,-0.003517678197], [3,4,-0.000233275259], [4,4,-0.999999972791], [6,4,0.000233275259], [7,4,0.999999972791], [3,5,0.001925899258], [4,5,-0.999998145454], [9,5,-0.001925899258], [10,5,0.999998145454], [3,6,-0.702283073466], [4,6,0.711897804972], [24,6,0.702283073466], [25,6,-0.711897804972], [3,7,-0.999991222148], [4,7,0.004189943654], [27,7,0.999991222148], [28,7,-0.004189943654], [3,8,-0.707954442648], [4,8,-0.706258102350], [30,8,0.707954442648], [31,8,0.706258102350], [6,9,-0.705732352816], [7,9,0.708478543210], [27,9,0.705732352816], [28,9,-0.708478543210], [9,10,-0.710993944533], [10,10,0.703198130570], [30,10,0.710993944533], [31,10,-0.703198130570], [12,11,0.000911713554], [13,11,-0.999999584389], [18,11,-0.000911713554], [19,11,0.999999584389], [12,12,-0.709741753054], [13,12,-0.704461953531], [39,12,0.709741753054], [40,12,0.704461953531], [12,13,-0.999999921959], [13,13,-0.000395071252], [60,13,0.999999921959], [61,13,0.000395071252], [15,14,-0.002089970839], [16,14,-0.999997816009], [18,14,0.002089970839], [19,14,0.999997816009], [15,15,-0.002509609189], [16,15,-0.999996850926], [21,15,0.002509609189], [22,15,0.999996850926], [15,16,-0.999979283944], [16,16,0.006436744726], [39,16,0.999979283944], [40,16,-0.006436744726], [15,17,-0.711375758470], [16,17,-0.702811874019], [42,17,0.711375758470], [43,17,0.702811874019], [15,18,-0.999993952685], [16,18,0.003477728224], [63,18,0.999993952685], [64,18,-0.003477728224], [18,19,-0.708931305687], [19,19,0.705277536731], [39,19,0.708931305687], [40,19,-0.705277536731], [18,20,-0.999997439226], [19,20,0.002263082209], [42,20,0.999997439226], [43,20,-0.002263082209], [18,21,-0.999998510224], [19,21,0.001726137052], [66,21,0.999998510224], [67,21,-0.001726137052], [27,22,-0.001583087905], [28,22,-0.999998746916], [30,22,0.001583087905], [31,22,0.999998746916], [27,23,-0.001720743700], [28,23,-0.999998519519], [33,23,0.001720743700], [34,23,0.999998519519], [30,24,-0.704851671083], [31,24,0.709354722104], [51,24,0.704851671083], [52,24,-0.709354722104], [30,25,-0.999996784729], [31,25,0.002535849211], [78,25,0.999996784729], [79,25,-0.002535849211], [33,26,-0.706370620643], [34,26,0.707842176119], [54,26,0.706370620643], [55,26,-0.707842176119], [33,27,-0.703721825945], [34,27,-0.710475609496], [60,27,0.703721825945], [61,27,0.710475609496], [36,28,-0.000509688823], [37,28,-0.999999870109], [42,28,0.000509688823], [43,28,0.999999870109], [36,29,-0.999996410845], [37,29,0.002679234249], [60,29,0.999996410845], [61,29,-0.002679234249], [36,30,-0.708882773249], [37,30,-0.705326317239], [63,30,0.708882773249], [64,30,0.705326317239], [36,31,-0.999994275867], [37,31,0.003383523657], [84,31,0.999994275867], [85,31,-0.003383523657], [39,32,0.003936881251], [40,32,-0.999992250453], [42,32,-0.003936881251], [43,32,0.999992250453], [39,33,-0.706548198175], [40,33,-0.707664923290], [66,33,0.706548198175], [67,33,0.707664923290], [42,34,-0.706310869242], [43,34,0.707901798268], [63,34,0.706310869242], [64,34,-0.707901798268], [42,35,-0.999999294414], [43,35,0.001187927313], [66,35,0.999999294414], [67,35,-0.001187927313], [42,36,-0.999996829009], [43,36,-0.002518327020], [90,36,0.999996829009], [91,36,0.002518327020], [45,37,-0.999999428902], [46,37,-0.001068735993], [69,37,0.999999428902], [70,37,0.001068735993], [45,38,-0.999999236094], [46,38,0.001236046562], [93,38,0.999999236094], [94,38,-0.001236046562], [51,39,0.000250946156], [52,39,-0.999999968513], [57,39,-0.000250946156], [58,39,0.999999968513], [51,40,-0.706895660427], [52,40,-0.707317838931], [78,40,0.706895660427], [79,40,0.707317838931], [54,41,0.002289673507], [55,41,-0.999997378694], [57,41,-0.002289673507], [58,41,0.999997378694], [54,42,0.002464421517], [55,42,-0.999996963309], [60,42,-0.002464421517], [61,42,0.999996963309], [54,43,-0.999998425984], [55,43,0.001774268884], [78,43,0.999998425984], [79,43,-0.001774268884], [54,44,-0.999998890960], [55,44,0.001489321634], [102,44,0.999998890960], [103,44,-0.001489321634], [57,45,-0.705729023903], [58,45,0.708481859203], [78,45,0.705729023903], [79,45,-0.708481859203], [57,46,-0.999998142462], [58,46,0.001927452137], [81,46,0.999998142462], [82,46,-0.001927452137], [57,47,-0.707283342979], [58,47,-0.706930175297], [84,47,0.707283342979], [85,47,0.706930175297], [57,48,-0.999998824453], [58,48,0.001533327018], [105,48,0.999998824453], [106,48,-0.001533327018], [60,49,-0.002252066839], [61,49,-0.999997464094], [66,49,0.002252066839], [67,49,0.999997464094], [60,50,-0.999991649635], [61,50,0.004086644139], [84,50,0.999991649635], [85,50,-0.004086644139], [60,51,-0.705830316248], [61,51,-0.708380946006], [87,51,0.705830316248], [88,51,0.708380946006], [63,52,-0.002951477425], [64,52,-0.999995644381], [66,52,0.002951477425], [67,52,0.999995644381], [63,53,-0.705979227174], [64,53,0.708232540059], [84,53,0.705979227174], [85,53,-0.708232540059], [66,54,-0.708098260783], [67,54,0.706113909420], [87,54,0.708098260783], [88,54,-0.706113909420], [66,55,-0.999999926337], [67,55,-0.000383830051], [114,55,0.999999926337], [115,55,0.000383830051], [69,56,-0.999993716185], [70,56,0.003545079699], [93,56,0.999993716185], [94,56,-0.003545079699], [72,57,-0.999999995517], [73,57,-0.000094683754], [96,57,0.999999995517], [97,57,0.000094683754], [72,58,-0.999993881075], [73,58,0.003498258638], [120,58,0.999993881075], [121,58,-0.003498258638], [75,59,0.003447497407], [76,59,-0.999994057363], [78,59,-0.003447497407], [79,59,0.999994057363], [75,60,-0.705194903365], [76,60,-0.709013503587], [102,60,0.705194903365], [103,60,0.709013503587], [78,61,-0.711654657480], [79,61,0.702529464497], [99,61,0.711654657480], [100,61,-0.702529464497], [78,62,-0.999999273601], [79,62,0.001205320562], [102,62,0.999999273601], [103,62,-0.001205320562], [78,63,-0.707827550280], [79,63,-0.706385276648], [105,63,0.707827550280], [106,63,0.706385276648], [78,64,-0.999999681669], [79,64,0.000797910365], [126,64,0.999999681669], [127,64,-0.000797910365], [81,65,0.004454869931], [82,65,-0.999990077018], [87,65,-0.004454869931], [88,65,0.999990077018], [81,66,-0.703535150162], [82,66,0.710660462166], [102,66,0.703535150162], [103,66,-0.710660462166], [81,67,-0.999999356952], [82,67,0.001134061325], [105,67,0.999999356952], [106,67,-0.001134061325], [81,68,-0.704308272195], [82,68,-0.709894258124], [108,68,0.704308272195], [109,68,0.709894258124], [81,69,-0.999999978939], [82,69,-0.000205237618], [129,69,0.999999978939], [130,69,0.000205237618], [84,70,-0.000577289509], [85,70,-0.999999833368], [87,70,0.000577289509], [88,70,0.999999833368], [84,71,-0.003798944915], [85,71,-0.999992783983], [90,71,0.003798944915], [91,71,0.999992783983], [87,72,-0.707203797654], [88,72,0.707009751406], [108,72,0.707203797654], [109,72,-0.707009751406], [90,73,-0.706848688692], [91,73,0.707364779512], [111,73,0.706848688692], [112,73,-0.707364779512], [90,74,-0.999984881698], [91,74,0.005498761221], [114,74,0.999984881698], [115,74,-0.005498761221], [90,75,-0.999999942477], [91,75,-0.000339184062], [138,75,0.999999942477], [139,75,0.000339184062], [93,76,-0.705994704552], [94,76,0.708217111587], [114,76,0.705994704552], [115,76,-0.708217111587], [93,77,-0.999999378132], [94,77,-0.001115228570], [141,77,0.999999378132], [142,77,0.001115228570], [99,78,0.008412492510], [100,78,-0.999964614359], [102,78,-0.008412492510], [103,78,0.999964614359], [99,79,0.003269630481], [100,79,-0.999994654744], [105,79,-0.003269630481], [106,79,0.999994654744], [99,80,-0.702730840268], [100,80,0.711455807578], [120,80,0.702730840268], [121,80,-0.711455807578], [99,81,-0.999991670594], [100,81,0.004081512367], [123,81,0.999991670594], [124,81,-0.004081512367], [99,82,-0.707387728186], [100,82,-0.706825722517], [126,82,0.707387728186], [127,82,0.706825722517], [99,83,-0.999999972827], [100,83,0.000233123544], [147,83,0.999999972827], [148,83,-0.000233123544], [102,84,-0.001838679674], [103,84,-0.999998309627], [105,84,0.001838679674], [106,84,0.999998309627], [108,85,0.000998558342], [109,85,-0.999999501440], [114,85,-0.000998558342], [115,85,0.999999501440], [108,86,-0.706751454253], [109,86,0.707461929655], [129,86,0.706751454253], [130,86,-0.707461929655], [108,87,-0.999997420551], [109,87,-0.002271319407], [132,87,0.999997420551], [133,87,0.002271319407], [111,88,0.005028621937], [112,88,-0.999987356401], [114,88,-0.005028621937], [115,88,0.999987356401], [111,89,-0.708130608655], [112,89,0.706081469157], [132,89,0.708130608655], [133,89,-0.706081469157], [111,90,-0.999993040204], [112,90,0.003730890380], [135,90,0.999993040204], [136,90,-0.003730890380], [111,91,-0.706242801086], [112,91,-0.707969706919], [138,91,0.706242801086], [139,91,0.707969706919], [114,92,-0.999981242578], [115,92,-0.006124907588], [138,92,0.999981242578], [139,92,0.006124907588], [114,93,-0.708170449790], [115,93,-0.706041510142], [141,93,0.708170449790], [142,93,0.706041510142], [117,94,-0.709231687189], [118,94,0.704975470415], [138,94,0.709231687189], [139,94,-0.704975470415], [117,95,-0.999999476056], [118,95,-0.001023663613], [141,95,0.999999476056], [142,95,0.001023663613], [117,96,-0.999999992805], [118,96,-0.000119960335], [165,96,0.999999992805], [166,96,0.000119960335], [120,97,-0.005072859560], [121,97,-0.999987132965], [123,97,0.005072859560], [124,97,0.999987132965], [120,98,0.001053857858], [121,98,-0.999999444692], [126,98,-0.001053857858], [127,98,0.999999444692], [120,99,-0.702884698341], [121,99,-0.711303803475], [147,99,0.702884698341], [148,99,0.711303803475], [123,100,0.007224033077], [124,100,-0.999973906333], [126,100,-0.007224033077], [127,100,0.999973906333], [123,101,0.002634812774], [124,101,-0.999996528875], [129,101,-0.002634812774], [130,101,0.999996528875], [123,102,-0.999993320623], [124,102,-0.003654956948], [147,102,0.999993320623], [148,102,0.003654956948], [123,103,-0.705628354692], [124,103,-0.708582123014], [150,103,0.705628354692], [151,103,0.708582123014], [123,104,-0.999999418423], [124,104,-0.001078495824], [171,104,0.999999418423], [172,104,0.001078495824], [129,105,-0.999996334089], [130,105,-0.002707731396], [177,105,0.999996334089], [178,105,0.002707731396], [132,106,0.002019842020], [133,106,-0.999997960117], [138,106,-0.002019842020], [139,106,0.999997960117], [132,107,-0.706050169400], [133,107,-0.708161816459], [159,107,0.706050169400], [160,107,0.708161816459], [132,108,-0.999999045664], [133,108,0.001381546280], [180,108,0.999999045664], [181,108,-0.001381546280], [135,109,0.001406183995], [136,109,-0.999999011323], [138,109,-0.001406183995], [139,109,0.999999011323], [135,110,-0.000627026584], [136,110,-0.999999803419], [141,110,0.000627026584], [142,110,0.999999803419], [135,111,-0.706369941112], [136,111,-0.707842854236], [162,111,0.706369941112], [163,111,0.707842854236], [138,112,-0.002675877084], [139,112,-0.999996419835], [141,112,0.002675877084], [142,112,0.999996419835], [138,113,-0.709506073739], [139,113,-0.704699319801], [165,113,0.709506073739], [166,113,0.704699319801], [141,114,-0.707851112592], [142,114,0.706361665440], [162,114,0.707851112592], [163,114,-0.706361665440], [144,115,0.000201699022], [145,115,-0.999999979659], [147,115,-0.000201699022], [148,115,0.999999979659], [144,116,-0.000938535653], [145,116,-0.999999559575], [150,116,0.000938535653], [151,116,0.999999559575], [147,117,-0.002090326648], [148,117,-0.999997815265], [150,117,0.002090326648], [151,117,0.999997815265], [147,118,-0.709058749436], [148,118,0.705149409592], [168,118,0.709058749436], [169,118,-0.705149409592], [147,119,-0.999998918724], [148,119,0.001470561475], [171,119,0.999998918724], [172,119,-0.001470561475], [150,120,-0.708700319700], [151,120,0.705509643348], [171,120,0.708700319700], [172,120,-0.705509643348], [150,121,-0.999984951078], [151,121,-0.005486129554], [174,121,0.999984951078], [175,121,0.005486129554], [150,122,-0.703969090226], [151,122,-0.710230610440], [177,122,0.703969090226], [178,122,0.710230610440], [153,123,0.003116867037], [154,123,-0.999995142558], [159,123,-0.003116867037], [160,123,0.999995142558], [153,124,-0.999999981556], [154,124,-0.000192061292], [177,124,0.999999981556], [178,124,0.000192061292], [153,125,-0.705518426744], [154,125,-0.708691575739], [180,125,0.705518426744], [181,125,0.708691575739], [156,126,0.003534557125], [157,126,-0.999993753433], [159,126,-0.003534557125], [160,126,0.999993753433], [156,127,-0.705410541251], [157,127,0.708798961830], [177,127,0.705410541251], [178,127,-0.708798961830], [156,128,-0.999994064642], [157,128,0.003445385395], [180,128,0.999994064642], [181,128,-0.003445385395], [156,129,-0.709989132502], [157,129,-0.704212632469], [183,129,0.709989132502], [184,129,0.704212632469], [159,130,-0.706432027032], [160,130,0.707780892073], [180,130,0.706432027032], [181,130,-0.707780892073], [159,131,-0.999994582515], [160,131,0.003291647064], [183,131,0.999994582515], [184,131,-0.003291647064], [162,132,-0.000122563681], [163,132,-0.999999992489], [165,132,0.000122563681], [166,132,0.999999992489], [162,133,-0.705403330089], [163,133,-0.708806138447], [189,133,0.705403330089], [190,133,0.708806138447], [165,134,-0.706874684057], [166,134,0.707338802159], [186,134,0.706874684057], [187,134,-0.707338802159], [168,135,0.005537213534], [169,135,-0.999984669516], [171,135,-0.005537213534], [172,135,0.999984669516], [168,136,0.000517817900], [169,136,-0.999999865932], [174,136,-0.000517817900], [175,136,0.999999865932], [171,137,-0.004499513823], [172,137,-0.999989877136], [174,137,0.004499513823], [175,137,0.999989877136], [174,138,0.002697110982], [175,138,-0.999996362790], [180,138,-0.002697110982], [181,138,0.999996362790], [177,139,0.000219747386], [178,139,-0.999999975856], [180,139,-0.000219747386], [181,139,0.999999975856], [177,140,-0.003323015091], [178,140,-0.999994478770], [183,140,0.003323015091], [184,140,0.999994478770], [186,141,0.005678634490], [187,141,-0.999983876425], [189,141,-0.005678634490], [190,141,0.999983876425], ]
},
"Q": {
"shape": [142, 142],
"data": [[0,0,2.000000000000], [1,0,-0.004305613392], [2,0,0.706350478565], [3,0,-0.001874420122], [4,0,0.999999005966], [9,0,0.707317882441], [0,1,-0.004305613392], [1,1,2.000000000000], [2,1,0.704814442356], [3,1,0.999997044621], [6,1,0.706505624262], [0,2,0.706350478565], [1,2,0.704814442356], [2,2,2.000000000000], [3,2,0.706537034680], [7,2,0.706061125339], [9,2,0.000770415331], [22,2,-0.706307881203], [23,2,-0.706405321839], [0,3,-0.001874420122], [1,3,0.999997044621], [2,3,0.706537034680], [3,3,2.000000000000], [0,4,0.999999005966], [4,4,2.000000000000], [5,4,0.999997668981], [6,4,-0.711733960336], [7,4,-0.003956670328], [8,4,0.706423231390], [9,4,0.708313894036], [4,5,0.999997668981], [5,5,2.000000000000], [6,5,-0.713249011175], [7,5,-0.006115818236], [8,5,0.704893343626], [10,5,0.704566129167], [1,6,0.706505624262], [4,6,-0.711733960336], [5,6,-0.713249011175], [6,6,2.000000000000], [7,6,0.705259720618], [8,6,-0.005599170950], [2,7,0.706061125339], [4,7,-0.003956670328], [5,7,-0.006115818236], [6,7,0.705259720618], [7,7,2.000000000000], [8,7,0.704989046674], [9,7,0.708694643178], [22,7,0.002606864394], [23,7,0.002469208855], [4,8,0.706423231390], [5,8,0.704893343626], [6,8,-0.005599170950], [7,8,0.704989046674], [8,8,2.000000000000], [10,8,0.006711944455], [22,8,0.707377971465], [24,8,0.001984647975], [25,8,-0.706161202331], [0,9,0.707317882441], [2,9,0.000770415331], [4,9,0.708313894036], [7,9,0.708694643178], [9,9,2.000000000000], [22,9,0.707360419074], [23,9,0.707263109821], [5,10,0.704566129167], [8,10,0.006711944455], [10,10,2.000000000000], [22,10,-0.702071683489], [24,10,-0.999962184429], [25,10,-0.712774862919], [11,11,2.000000000000], [12,11,0.703814579573], [13,11,-0.000516642395], [14,11,0.999995494944], [19,11,0.705923585890], [20,11,0.003174792487], [21,11,0.002637848530], [11,12,0.703814579573], [12,12,2.000000000000], [13,12,0.710020010331], [16,12,0.705192608240], [19,12,0.006316956387], [32,12,-0.701662325269], [33,12,-0.999989771096], [11,13,-0.000516642395], [12,13,0.710020010331], [13,13,2.000000000000], [27,13,0.704002459515], [29,13,0.999995274317], [42,13,-0.002069351272], [49,13,-0.002647136913], [50,13,-0.999989957079], [51,13,-0.706110122112], [11,14,0.999995494944], [14,14,2.000000000000], [15,14,0.999999911951], [16,14,-0.004346803125], [17,14,0.704297093674], [18,14,-0.001387762429], [19,14,0.703794350655], [20,14,0.000173111779], [21,14,-0.000363834443], [14,15,0.999999911951], [15,15,2.000000000000], [16,15,-0.003927167257], [17,15,0.704594935952], [18,15,-0.000968123260], [12,16,0.705192608240], [14,16,-0.004346803125], [15,16,-0.003927167257], [16,16,2.000000000000], [17,16,0.706837200946], [18,16,0.999995622003], [19,16,0.713456310892], [32,16,0.010373494539], [33,16,-0.701978502821], [14,17,0.704297093674], [15,17,0.704594935952], [16,17,0.706837200946], [17,17,2.000000000000], [18,17,0.708927267866], [20,17,0.709783415749], [28,17,0.703174363003], [32,17,0.700005825659], [34,17,-0.004930640861], [35,17,-0.710540367112], [36,17,-0.713143412836], [14,18,-0.001387762429], [15,18,-0.000968123260], [16,18,0.999995622003], [17,18,0.708927267866], [18,18,2.000000000000], [30,18,0.706425553171], [34,18,0.708768488022], [52,18,0.000526253500], [53,18,-0.708437998189], [11,19,0.705923585890], [12,19,0.006316956387], [14,19,0.703794350655], [16,19,0.713456310892], [19,19,2.000000000000], [20,19,0.710525591320], [21,19,0.710147655227], [32,19,0.708063049515], [33,19,-0.001793962735], [11,20,0.003174792487], [14,20,0.000173111779], [17,20,0.709783415749], [19,20,0.710525591320], [20,20,2.000000000000], [21,20,0.999999855844], [28,20,-0.001753394396], [32,20,-0.006199935840], [34,20,-0.707911100505], [35,20,-0.999999422019], [36,20,-0.999988569063], [11,21,0.002637848530], [14,21,-0.000363834443], [19,21,0.710147655227], [20,21,0.999999855844], [21,21,2.000000000000], [33,21,0.705325618933], [35,21,0.999999855165], [49,21,0.000525930809], [52,21,0.001225343495], [54,21,-0.709316055257], [55,21,-0.999997774018], [2,22,-0.706307881203], [7,22,0.002606864394], [8,22,0.707377971465], [9,22,0.707360419074], [10,22,-0.702071683489], [22,22,2.000000000000], [23,22,0.999999990525], [24,22,0.708237991067], [25,22,0.000952763218], [2,23,-0.706405321839], [7,23,0.002469208855], [9,23,0.707263109821], [22,23,0.999999990525], [23,23,2.000000000000], [26,23,0.706625645377], [27,23,-0.711685482549], [8,24,0.001984647975], [10,24,-0.999962184429], [22,24,0.708237991067], [24,24,2.000000000000], [25,24,0.706648221406], [39,24,0.709531579586], [40,24,0.003482661541], [8,25,-0.706161202331], [10,25,-0.712774862919], [22,25,0.000952763218], [24,25,0.706648221406], [25,25,2.000000000000], [40,25,0.705099736182], [43,25,0.999999709996], [45,25,0.707523357957], [59,25,-0.005983320463], [61,25,-0.713433878106], [62,25,-0.999999114844], [63,25,-0.706033987877], [64,25,-0.999998489780], [23,26,0.706625645377], [26,26,2.000000000000], [27,26,-0.005816178552], [41,26,0.709457678744], [42,26,0.709580821577], [43,26,-0.707625411152], [44,26,-0.707424041916], [13,27,0.704002459515], [23,27,-0.711685482549], [26,27,-0.005816178552], [27,27,2.000000000000], [29,27,0.701815769593], [42,27,0.708739184791], [49,27,-0.712058636385], [50,27,-0.700812488625], [51,27,-0.999995583327], [17,28,0.703174363003], [20,28,-0.001753394396], [28,28,2.000000000000], [29,28,-0.002169546907], [30,28,0.705687535250], [31,28,-0.002873837312], [32,28,0.999990113978], [34,28,0.707541707561], [35,28,0.000678238695], [36,28,-0.003028013900], [13,29,0.999995274317], [27,29,0.701815769593], [28,29,-0.002169546907], [29,29,2.000000000000], [30,29,0.706990494534], [31,29,0.999999751986], [42,29,-0.005143638784], [49,29,0.000427168698], [50,29,-0.999999009587], [51,29,-0.703929864423], [18,30,0.706425553171], [28,30,0.705687535250], [29,30,0.706990494534], [30,30,2.000000000000], [31,30,0.706492227230], [34,30,0.001389839425], [52,30,-0.707415496609], [53,30,-0.000921463186], [28,31,-0.002873837312], [29,31,0.999999751986], [30,31,0.706492227230], [31,31,2.000000000000], [47,31,0.704887379423], [50,31,0.999999752807], [53,31,0.708371507610], [70,31,0.002806236889], [71,31,-0.000415423927], [12,32,-0.701662325269], [16,32,0.010373494539], [17,32,0.700005825659], [19,32,0.708063049515], [20,32,-0.006199935840], [28,32,0.999990113978], [32,32,2.000000000000], [33,32,0.704877842853], [34,32,0.710676974368], [35,32,0.005124796581], [36,32,0.001418561263], [12,33,-0.999989771096], [16,33,-0.701978502821], [19,33,-0.001793962735], [21,33,0.705325618933], [32,33,0.704877842853], [33,33,2.000000000000], [35,33,0.705707045154], [49,33,0.709254322486], [52,33,0.709747202028], [54,33,-0.000613504744], [55,33,-0.706819769193], [17,34,-0.004930640861], [18,34,0.708768488022], [20,34,-0.707911100505], [28,34,0.707541707561], [30,34,0.001389839425], [32,34,0.710676974368], [34,34,2.000000000000], [35,34,0.707151306760], [36,34,0.704525901311], [52,34,0.705814054331], [53,34,-0.999999890312], [17,35,-0.710540367112], [20,35,-0.999999422019], [21,35,0.999999855165], [28,35,0.000678238695], [32,35,0.005124796581], [33,35,0.705707045154], [34,35,0.707151306760], [35,35,2.000000000000], [36,35,0.999993131836], [49,35,0.001064140949], [52,35,0.001763553203], [54,35,-0.708936573158], [55,35,-0.999998764789], [17,36,-0.713143412836], [20,36,-0.999988569063], [28,36,-0.003028013900], [32,36,0.001418561263], [34,36,0.704525901311], [35,36,0.999993131836], [36,36,2.000000000000], [71,36,0.006317241716], [73,36,-0.705065071444], [74,36,-0.999967863077], [75,36,-0.999997625663], [37,37,2.000000000000], [38,37,0.999997343989], [56,37,-0.999989356336], [37,38,0.999997343989], [38,38,2.000000000000], [56,38,0.999997334168], [76,38,-0.706869554565], [77,38,-0.999997235753], [24,39,0.709531579586], [39,39,2.000000000000], [40,39,0.707140423911], [41,39,0.999997921792], [45,39,0.708658936881], [46,39,0.002178397766], [47,39,-0.706752663002], [48,39,0.001784272831], [24,40,0.003482661541], [25,40,0.705099736182], [39,40,0.707140423911], [40,40,2.000000000000], [43,40,0.705639575729], [45,40,-0.002245073139], [59,40,0.704876614642], [61,40,-0.006153966482], [62,40,-0.706042602203], [63,40,-0.999999130954], [64,40,-0.706331059165], [26,41,0.709457678744], [39,41,0.999997921792], [41,41,2.000000000000], [42,41,0.999999984731], [43,41,-0.004063934136], [44,41,-0.003778988698], [45,41,0.710095891105], [46,41,0.004217116339], [47,41,-0.705308874284], [48,41,0.003822993815], [13,42,-0.002069351272], [26,42,0.709580821577], [27,42,0.708739184791], [29,42,-0.005143638784], [41,42,0.999999984731], [42,42,2.000000000000], [43,42,-0.004238681134], [44,42,-0.003953735896], [49,42,-0.999988877369], [50,42,0.006551032667], [51,42,-0.706639331453], [25,43,0.999999709996], [26,43,-0.707625411152], [40,43,0.705639575729], [41,43,-0.004063934136], [42,43,-0.004238681134], [43,43,2.000000000000], [44,43,0.999999959402], [45,43,0.706984950392], [59,43,-0.005221750320], [61,43,-0.712900013493], [62,43,-0.999999838149], [63,43,-0.706573118731], [64,43,-0.999999523361], [26,44,-0.707424041916], [41,44,-0.003778988698], [42,44,-0.003953735896], [43,44,0.999999959402], [44,44,2.000000000000], [60,44,0.704138172126], [62,44,0.999999959672], [66,44,0.704592771915], [78,44,-0.009901752114], [84,44,-0.000349358518], [25,45,0.707523357957], [39,45,0.708658936881], [40,45,-0.002245073139], [41,45,0.710095891105], [43,45,0.706984950392], [45,45,2.000000000000], [46,45,0.707093277859], [47,45,-0.001696821658], [48,45,0.706814528663], [59,45,-0.710910647933], [61,45,-0.999964727932], [62,45,-0.706582459015], [63,45,0.000926707962], [64,45,-0.706294104267], [39,46,0.002178397766], [41,46,0.004217116339], [45,46,0.707093277859], [46,46,2.000000000000], [47,46,0.705919455096], [48,46,0.999999922332], [65,46,0.006382294667], [66,46,-0.704903607346], [67,46,-0.999999685265], [68,46,-0.702938676711], [69,46,-0.999997725816], [31,47,0.704887379423], [39,47,-0.706752663002], [41,47,-0.705308874284], [45,47,-0.001696821658], [46,47,0.705919455096], [47,47,2.000000000000], [48,47,0.706198556396], [50,47,0.704388464847], [53,47,-0.001343605826], [70,47,-0.707338364754], [71,47,-0.709612004535], [39,48,0.001784272831], [41,48,0.003822993815], [45,48,0.706814528663], [46,48,0.999999922332], [47,48,0.706198556396], [48,48,2.000000000000], [63,48,0.706743598566], [67,48,0.999999920293], [79,48,-0.004802945460], [84,48,0.000305353086], [13,49,-0.002647136913], [21,49,0.000525930809], [27,49,-0.712058636385], [29,49,0.000427168698], [33,49,0.709254322486], [35,49,0.001064140949], [42,49,-0.999988877369], [49,49,2.000000000000], [50,49,-0.001834585742], [51,49,0.709968726668], [52,49,0.999999755411], [54,49,0.704517434170], [55,49,-0.002635895751], [13,50,-0.999989957079], [27,50,-0.700812488625], [29,50,-0.999999009587], [31,50,0.999999752807], [42,50,0.006551032667], [47,50,0.704388464847], [49,50,-0.001834585742], [50,50,2.000000000000], [51,50,0.702929521466], [53,50,0.708867626349], [70,50,0.003509358769], [71,50,0.000287701458], [13,51,-0.706110122112], [27,51,-0.999995583327], [29,51,-0.703929864423], [42,51,-0.706639331453], [49,51,0.709968726668], [50,51,0.702929521466], [51,51,2.000000000000], [54,51,-0.000400419800], [65,51,0.705229534502], [70,51,0.708788296405], [72,51,0.001666356386], [18,52,0.000526253500], [21,52,0.001225343495], [30,52,-0.707415496609], [33,52,0.709747202028], [34,52,0.705814054331], [35,52,0.001763553203], [49,52,0.999999755411], [52,52,2.000000000000], [53,52,-0.706145773516], [54,52,0.704020897825], [55,52,-0.003335305587], [18,53,-0.708437998189], [30,53,-0.000921463186], [31,53,0.708371507610], [34,53,-0.999999890312], [47,53,-0.001343605826], [50,53,0.708867626349], [52,53,-0.706145773516], [53,53,2.000000000000], [70,53,0.707824867644], [71,53,0.705545453246], [21,54,-0.709316055257], [33,54,-0.000613504744], [35,54,-0.708936573158], [49,54,0.704517434170], [51,54,-0.000400419800], [52,54,0.704020897825], [54,54,2.000000000000], [55,54,0.707827180885], [65,54,-0.709261388314], [70,54,-0.705705014061], [72,54,-0.999999198701], [21,55,-0.999997774018], [33,55,-0.706819769193], [35,55,-0.999998764789], [49,55,-0.002635895751], [52,55,-0.003335305587], [54,55,0.707827180885], [55,55,2.000000000000], [74,55,0.999982697447], [76,55,0.705722817537], [85,55,-0.000614728409], [88,55,-0.004644796369], [92,55,-0.999983519840], [93,55,-0.708441397573], [37,56,-0.999989356336], [38,56,0.999997334168], [56,56,2.000000000000], [76,56,-0.708500954317], [77,56,-0.999989140747], [57,57,2.000000000000], [58,57,0.999993545364], [57,58,0.999993545364], [58,58,2.000000000000], [80,58,0.705215396735], [97,58,-0.001574614894], [98,58,0.004552108106], [99,58,-0.700392072767], [25,59,-0.005983320463], [40,59,0.704876614642], [43,59,-0.005221750320], [45,59,-0.710910647933], [59,59,2.000000000000], [60,59,0.706578132576], [61,59,0.704978717206], [62,59,0.004652808302], [63,59,-0.703940845213], [64,59,0.004245401933], [44,60,0.704138172126], [59,60,0.706578132576], [60,60,2.000000000000], [62,60,0.704339802557], [66,60,-0.007738461908], [78,60,0.703055967847], [84,60,-0.710308932624], [25,61,-0.713433878106], [40,61,-0.006153966482], [43,61,-0.712900013493], [45,61,-0.999964727932], [59,61,0.704978717206], [61,61,2.000000000000], [62,61,0.712500913744], [63,61,0.007472302718], [64,61,0.712214986481], [78,61,0.708491394517], [79,61,0.704852557057], [80,61,-0.999920342943], [81,61,-0.714516112517], [82,61,-0.006849875075], [83,61,-0.711818414301], [25,62,-0.999999114844], [40,62,-0.706042602203], [43,62,-0.999999838149], [44,62,0.999999959672], [45,62,-0.706582459015], [59,62,0.004652808302], [60,62,0.704339802557], [61,62,0.712500913744], [62,62,2.000000000000], [63,62,0.706975615416], [64,62,0.999999917008], [66,62,0.704391212783], [78,62,-0.009617764310], [84,62,-0.000633359814], [25,63,-0.706033987877], [40,63,-0.999999130954], [43,63,-0.706573118731], [45,63,0.000926707962], [48,63,0.706743598566], [59,63,-0.703940845213], [61,63,0.007472302718], [62,63,0.706975615416], [63,63,2.000000000000], [64,63,0.707263692823], [67,63,0.707026010890], [79,63,0.704067166304], [84,63,0.707685550723], [25,64,-0.999998489780], [40,64,-0.706331059165], [43,64,-0.999999523361], [45,64,-0.706294104267], [59,64,0.004245401933], [61,64,0.712214986481], [62,64,0.999999917008], [63,64,0.707263692823], [64,64,2.000000000000], [82,64,0.706823519432], [98,64,-0.001851767445], [100,64,-0.008021920322], [46,65,0.006382294667], [51,65,0.705229534502], [54,65,-0.709261388314], [65,65,2.000000000000], [66,65,-0.713787567881], [67,65,-0.005588917139], [68,65,0.706749612112], [69,65,-0.004249634256], [70,65,0.999987338638], [72,65,0.710153236694], [44,66,0.704592771915], [46,66,-0.704903607346], [60,66,-0.007738461908], [62,66,0.704391212783], [65,66,-0.713787567881], [66,66,2.000000000000], [67,66,0.704340630301], [68,66,-0.008988155529], [69,66,0.703389281084], [78,66,-0.716553799171], [84,66,0.709365685104], [46,67,-0.999999685265], [48,67,0.999999920293], [63,67,0.707026010890], [65,67,-0.005588917139], [66,67,0.704340630301], [67,67,2.000000000000], [68,67,0.703502755668], [69,67,0.999999103139], [79,67,-0.004403683642], [84,67,0.000704619083], [46,68,-0.702938676711], [65,68,0.706749612112], [66,68,-0.008988155529], [67,68,0.703502755668], [68,68,2.000000000000], [69,68,0.704453954368], [72,68,-0.003812678146], [85,68,-0.709190611299], [86,68,0.004452266087], [87,68,-0.705918852072], [46,69,-0.999997725816], [65,69,-0.004249634256], [66,69,0.703389281084], [67,69,0.999999103139], [68,69,0.704453954368], [69,69,2.000000000000], [86,69,0.706606241567], [101,69,-0.002429575813], [105,69,-0.999996868756], [31,70,0.002806236889], [47,70,-0.707338364754], [50,70,0.003509358769], [51,70,0.708788296405], [53,70,0.707824867644], [54,70,-0.705705014061], [65,70,0.999987338638], [70,70,2.000000000000], [71,70,0.999994810443], [72,70,0.706601372263], [31,71,-0.000415423927], [36,71,0.006317241716], [47,71,-0.709612004535], [50,71,0.000287701458], [53,71,0.705545453246], [70,71,0.999994810443], [71,71,2.000000000000], [73,71,0.704674395924], [74,71,0.001699834061], [75,71,-0.004138126310], [51,72,0.001666356386], [54,72,-0.999999198701], [65,72,0.710153236694], [68,72,-0.003812678146], [70,72,0.706601372263], [72,72,2.000000000000], [85,72,0.707715583172], [86,72,-0.999999795460], [87,72,-0.705596128489], [36,73,-0.705065071444], [71,73,0.704674395924], [73,73,2.000000000000], [74,73,0.710727632359], [75,73,0.706608721173], [88,73,0.710910310698], [89,73,-0.999998354898], [90,73,-0.709482869620], [91,73,0.001586037790], [36,74,-0.999967863077], [55,74,0.999982697447], [71,74,0.001699834061], [73,74,0.710727632359], [74,74,2.000000000000], [75,74,0.999982959084], [76,74,0.709878347901], [85,74,-0.006497301726], [88,74,-0.010527237610], [92,74,-0.999932445155], [93,74,-0.704277389779], [36,75,-0.999997625663], [71,75,-0.004138126310], [73,75,0.706608721173], [74,75,0.999982959084], [75,75,2.000000000000], [91,75,0.706482892501], [92,75,0.999983262527], [94,75,0.708992529949], [106,75,-0.001680658534], [109,75,-0.001067000188], [112,75,-0.003015059778], [113,75,-0.709745055704], [38,76,-0.706869554565], [55,76,0.705722817537], [56,76,-0.708500954317], [74,76,0.709878347901], [76,76,2.000000000000], [77,76,0.705204441561], [85,76,-0.708921735400], [88,76,-0.711758337632], [92,76,-0.701643697550], [93,76,0.000066091501], [38,77,-0.999997235753], [56,77,-0.999989140747], [76,77,0.705204441561], [77,77,2.000000000000], [93,77,0.708957407066], [95,77,0.999999995808], [110,77,0.001742254545], [112,77,0.003791099997], [114,77,-0.707062917692], [44,78,-0.009901752114], [60,78,0.703055967847], [61,78,0.708491394517], [62,78,-0.009617764310], [66,78,-0.716553799171], [78,78,2.000000000000], [79,78,0.999986775034], [80,78,-0.717342350188], [81,78,-0.012493790379], [82,78,0.700849817071], [83,78,-0.008645607576], [84,78,-0.999947456167], [48,79,-0.004802945460], [61,79,0.704852557057], [63,79,0.704067166304], [67,79,-0.004403683642], [78,79,0.999986775034], [79,79,2.000000000000], [80,79,-0.713749674840], [81,79,-0.007351093798], [82,79,0.704509047875], [83,79,-0.003502752690], [84,79,0.999986952577], [58,80,0.705215396735], [61,80,-0.999920342943], [78,80,-0.717342350188], [79,80,-0.713749674840], [80,80,2.000000000000], [81,80,0.705628802614], [82,80,-0.005772092608], [83,80,0.702896678271], [97,80,0.707881798390], [98,80,0.712195990919], [99,80,0.012122467258], [61,81,-0.714516112517], [78,81,-0.012493790379], [79,81,-0.007351093798], [80,81,0.705628802614], [81,81,2.000000000000], [82,81,0.704496918138], [83,81,0.999992594917], [97,81,0.000991357456], [100,81,0.011305378771], [101,81,0.006716289027], [102,81,-0.999970073520], [103,81,-0.702730390529], [104,81,-0.999986687128], [61,82,-0.006849875075], [64,82,0.706823519432], [78,82,0.700849817071], [79,82,0.704509047875], [80,82,-0.005772092608], [81,82,0.704496918138], [82,82,2.000000000000], [83,82,0.707222931246], [98,82,0.706079843895], [100,82,0.701697086495], [61,83,-0.711818414301], [78,83,-0.008645607576], [79,83,-0.003502752690], [80,83,0.702896678271], [81,83,0.999992594917], [82,83,0.707222931246], [83,83,2.000000000000], [99,83,0.702718857578], [102,83,0.999992441393], [115,83,-0.000434822556], [117,83,-0.001857203556], [118,83,-0.709223117098], [119,83,-0.999999234373], [44,84,-0.000349358518], [48,84,0.000305353086], [60,84,-0.710308932624], [62,84,-0.000633359814], [63,84,0.707685550723], [66,84,0.709365685104], [67,84,0.000704619083], [78,84,-0.999947456167], [79,84,0.999986952577], [84,84,2.000000000000], [55,85,-0.000614728409], [68,85,-0.709190611299], [72,85,0.707715583172], [74,85,-0.006497301726], [76,85,-0.708921735400], [85,85,2.000000000000], [86,85,-0.708167309504], [87,85,0.001272762508], [88,85,0.999991879220], [92,85,-0.005126364923], [93,85,-0.705334008628], [68,86,0.004452266087], [69,86,0.706606241567], [72,86,-0.999999795460], [85,86,-0.708167309504], [86,86,2.000000000000], [87,86,0.705142759213], [101,86,-0.709321631726], [105,86,-0.704833246487], [68,87,-0.705918852072], [72,87,-0.705596128489], [85,87,0.001272762508], [86,87,0.705142759213], [87,87,2.000000000000], [89,87,0.706525045524], [106,87,-0.000251477963], [107,87,-0.707656809856], [108,87,-0.999993328285], [55,88,-0.004644796369], [73,88,0.710910310698], [74,88,-0.010527237610], [76,88,-0.711758337632], [85,88,0.999991879220], [88,88,2.000000000000], [89,88,-0.709633462859], [90,88,-0.008759430147], [91,88,0.704409327591], [92,88,-0.001096302534], [93,88,-0.702471461777], [73,89,-0.999998354898], [87,89,0.706525045524], [88,89,-0.709633462859], [89,89,2.000000000000], [90,89,0.710759992771], [91,89,0.000227853811], [106,89,0.707510340792], [107,89,0.000044199568], [108,89,-0.709105417088], [73,90,-0.709482869620], [88,90,-0.008759430147], [89,90,0.710759992771], [90,90,2.000000000000], [91,90,0.703596528412], [109,90,0.005137060899], [110,90,0.003103867426], [111,90,-0.703724140826], [73,91,0.001586037790], [75,91,0.706482892501], [88,91,0.704409327591], [89,91,0.000227853811], [90,91,0.703596528412], [91,91,2.000000000000], [92,91,0.710565802822], [94,91,0.001788496205], [106,91,0.706541763857], [109,91,0.706975899642], [112,91,-0.709856991197], [113,91,-0.999989327810], [55,92,-0.999983519840], [74,92,-0.999932445155], [75,92,0.999983262527], [76,92,-0.701643697550], [85,92,-0.005126364923], [88,92,-0.001096302534], [91,92,0.710565802822], [92,92,2.000000000000], [93,92,0.712481605341], [94,92,0.704900474222], [106,92,0.004105090961], [109,92,0.004718743914], [112,92,-0.008800712552], [113,92,-0.713808983445], [55,93,-0.708441397573], [74,93,-0.704277389779], [76,93,0.000066091501], [77,93,0.708957407066], [85,93,-0.705334008628], [88,93,-0.702471461777], [92,93,0.712481605341], [93,93,2.000000000000], [95,93,0.708892827752], [110,93,0.706485413046], [112,93,0.707933959475], [114,93,-0.002558583815], [75,94,0.708992529949], [91,94,0.001788496205], [92,94,0.704900474222], [94,94,2.000000000000], [95,94,0.708509657854], [96,94,0.709147112993], [106,94,-0.706406568311], [109,94,-0.705972083669], [112,94,0.703075129667], [113,94,-0.006408455271], [77,95,0.999999995808], [93,95,0.708892827752], [94,95,0.708509657854], [95,95,2.000000000000], [96,95,0.999999591660], [110,95,0.001650689668], [112,95,0.003699535631], [114,95,-0.707127664983], [94,96,0.709147112993], [95,96,0.999999591660], [96,96,2.000000000000], [113,96,0.709590604600], [132,96,0.000242524013], [134,96,-0.706789826371], [58,97,-0.001574614894], [80,97,0.707881798390], [81,97,0.000991357456], [97,97,2.000000000000], [98,97,0.999981231591], [99,97,0.714860286466], [100,97,-0.999924393128], [101,97,-0.999970295849], [102,97,-0.008727735596], [103,97,-0.712152559208], [104,97,-0.006151338558], [58,98,0.004552108106], [64,98,-0.001851767445], [80,98,0.712195990919], [82,98,0.706079843895], [97,98,0.999981231591], [98,98,2.000000000000], [99,98,0.710562667919], [100,98,0.999980964143], [58,99,-0.700392072767], [80,99,0.012122467258], [83,99,0.702718857578], [97,99,0.714860286466], [98,99,0.710562667919], [99,99,2.000000000000], [102,99,0.705479788288], [115,99,0.711162017850], [117,99,-0.712771508080], [118,99,0.003188911857], [119,99,-0.701837922359], [64,100,-0.008021920322], [81,100,0.011305378771], [82,100,0.701697086495], [97,100,-0.999924393128], [98,100,0.999980964143], [100,100,2.000000000000], [101,100,0.999989469273], [102,100,-0.003569123249], [103,100,0.703466150933], [104,100,-0.006145561194], [69,101,-0.002429575813], [81,101,0.006716289027], [86,101,-0.709321631726], [97,101,-0.999970295849], [100,101,0.999989469273], [101,101,2.000000000000], [102,101,0.001020149086], [103,101,0.706720464834], [104,101,-0.001556319161], [105,101,-0.000072918882], [81,102,-0.999970073520], [83,102,0.999992441393], [97,102,-0.008727735596], [99,102,0.705479788288], [100,102,-0.003569123249], [101,102,0.001020149086], [102,102,2.000000000000], [103,102,0.708213478687], [104,102,0.999996680905], [115,102,0.003453259198], [117,102,-0.005745261649], [118,102,-0.706476722631], [119,102,-0.999986864515], [81,103,-0.702730390529], [97,103,-0.712152559208], [100,103,0.703466150933], [101,103,0.706720464834], [102,103,0.708213478687], [103,103,2.000000000000], [104,103,0.706392147176], [116,103,0.709244068305], [117,103,0.710055568703], [120,103,-0.000167519670], [121,103,-0.709505109073], [122,103,-0.999997264665], [81,104,-0.999986687128], [97,104,-0.006151338558], [100,104,-0.006145561194], [101,104,-0.001556319161], [102,104,0.999996680905], [103,104,0.706392147176], [104,104,2.000000000000], [119,104,0.999996751153], [120,104,0.707939018332], [135,104,-0.004458731023], [137,104,-0.005577996113], [69,105,-0.999996868756], [86,105,-0.704833246487], [101,105,-0.000072918882], [105,105,2.000000000000], [122,105,0.705889623260], [124,105,0.999996835695], [127,105,0.703488718076], [139,105,-0.002487984750], [140,105,-0.006030719355], [75,106,-0.001680658534], [87,106,-0.000251477963], [89,106,0.707510340792], [91,106,0.706541763857], [92,106,0.004105090961], [94,106,-0.706406568311], [106,106,2.000000000000], [107,106,0.706734262091], [108,106,-0.003401383555], [109,106,0.999999811711], [112,106,-0.999988975110], [113,106,-0.703264792115], [87,107,-0.707656809856], [89,107,0.000044199568], [106,107,0.706734262091], [107,107,2.000000000000], [108,107,0.705071137268], [123,107,0.705957712104], [126,107,0.705661818222], [130,107,0.002446949829], [131,107,-0.703715325620], [87,108,-0.999993328285], [89,108,-0.709105417088], [106,108,-0.003401383555], [107,108,0.705071137268], [108,108,2.0000000