{
"N": {
"shape": [192, 144],
"data": [[0,0,-0.999969285919], [1,0,-0.007837551859], [24,0,0.999969285919], [25,0,0.007837551859], [3,1,-0.710239908851], [4,1,0.703959708986], [24,1,0.710239908851], [25,1,-0.703959708986], [3,2,-0.999980457629], [4,2,-0.006251748582], [27,2,0.999980457629], [28,2,0.006251748582], [3,3,-0.703006428998], [4,3,-0.711183493051], [30,3,0.703006428998], [31,3,0.711183493051], [3,4,-0.999995217002], [4,4,-0.003092890721], [51,4,0.999995217002], [52,4,0.003092890721], [6,5,0.005481105415], [7,5,-0.999984978629], [9,5,-0.005481105415], [10,5,0.999984978629], [6,6,-0.708200335222], [7,6,0.706011533328], [27,6,0.708200335222], [28,6,-0.706011533328], [6,7,-0.999971462198], [7,7,-0.007554785894], [30,7,0.999971462198], [31,7,0.007554785894], [6,8,-0.705629158588], [7,8,-0.708581322468], [33,8,0.705629158588], [34,8,0.708581322468], [6,9,-0.999993172947], [7,9,-0.003695139949], [54,9,0.999993172947], [55,9,0.003695139949], [9,10,-0.709113886279], [10,10,0.705093962735], [30,10,0.709113886279], [31,10,-0.705093962735], [12,11,-0.003800102251], [13,11,-0.999992779585], [15,11,0.003800102251], [16,11,0.999992779585], [12,12,0.001464073420], [13,12,-0.999998928244], [18,12,-0.001464073420], [19,12,0.999998928244], [12,13,-0.707677557024], [13,13,0.706535544247], [33,13,0.707677557024], [34,13,-0.706535544247], [15,14,0.006778837986], [16,14,-0.999977023414], [18,14,-0.006778837986], [19,14,0.999977023414], [15,15,-0.000017166022], [16,15,-0.999999999853], [21,15,0.000017166022], [22,15,0.999999999853], [15,16,-0.705092660943], [16,16,0.709115180689], [36,16,0.705092660943], [37,16,-0.709115180689], [15,17,-0.999966757085], [16,17,0.008153816525], [39,17,0.999966757085], [40,17,-0.008153816525], [15,18,-0.708098245763], [16,18,-0.706113924482], [42,18,0.708098245763], [43,18,0.706113924482], [15,19,-0.999993500304], [16,19,0.003605460980], [63,19,0.999993500304], [64,19,-0.003605460980], [18,20,-0.006746497337], [19,20,-0.999977242128], [21,20,0.006746497337], [22,20,0.999977242128], [18,21,-0.705872973554], [19,21,0.708338439735], [39,21,0.705872973554], [40,21,-0.708338439735], [18,22,-0.999999670696], [19,22,0.000811546598], [42,22,0.999999670696], [43,22,-0.000811546598], [21,23,-0.704018333668], [22,23,0.710181797753], [42,23,0.704018333668], [43,23,-0.710181797753], [27,24,0.001425083209], [28,24,-0.999998984568], [30,24,-0.001425083209], [31,24,0.999998984568], [27,25,-0.001465454525], [28,25,-0.999998926221], [33,25,0.001465454525], [34,25,0.999998926221], [27,26,-0.999999997187], [28,26,0.000075010703], [51,26,0.999999997187], [52,26,-0.000075010703], [27,27,-0.706456167752], [28,27,-0.707756796537], [54,27,0.706456167752], [55,27,0.707756796537], [27,28,-0.999999962879], [28,28,-0.000272473509], [75,28,0.999999962879], [76,28,0.000272473509], [30,29,-0.705196817949], [31,29,0.709011599309], [51,29,0.705196817949], [52,29,-0.709011599309], [30,30,-0.710010986255], [31,30,-0.704190598771], [57,30,0.710010986255], [58,30,0.704190598771], [33,31,-0.707033537744], [34,31,0.707180017043], [54,31,0.707033537744], [55,31,-0.707180017043], [33,32,-0.999991610135], [34,32,0.004096298167], [57,32,0.999991610135], [58,32,-0.004096298167], [36,33,0.005961986635], [37,33,-0.999982227200], [39,33,-0.005961986635], [40,33,0.999982227200], [36,34,0.000910952628], [37,34,-0.999999585083], [42,34,-0.000910952628], [43,34,0.999999585083], [39,35,-0.004110523540], [40,35,-0.999991551762], [42,35,0.004110523540], [43,35,0.999991551762], [39,36,-0.710618840476], [40,36,0.703577190904], [60,36,0.710618840476], [61,36,-0.703577190904], [39,37,-0.709012104241], [40,37,-0.705196310285], [66,37,0.709012104241], [67,37,0.705196310285], [42,38,-0.999993208084], [43,38,-0.003685618793], [90,38,0.999993208084], [91,38,0.003685618793], [48,39,-0.999993976250], [49,39,0.003470945754], [72,39,0.999993976250], [73,39,-0.003470945754], [48,40,-0.705834178321], [49,40,-0.708377097819], [75,40,0.705834178321], [76,40,0.708377097819], [48,41,-0.999999975855], [49,41,0.000219750543], [96,41,0.999999975855], [97,41,-0.000219750543], [51,42,-0.004750152731], [52,42,-0.999988717961], [54,42,0.004750152731], [55,42,0.999988717961], [51,43,-0.002299725338], [52,43,-0.999997355628], [57,43,0.002299725338], [58,43,0.999997355628], [51,44,-0.706908181343], [52,44,-0.707305325266], [78,44,0.706908181343], [79,44,0.707305325266], [54,45,0.000172263981], [55,45,-0.999999985163], [57,45,-0.000172263981], [58,45,0.999999985163], [54,46,-0.707227267278], [55,46,-0.706986274561], [81,46,0.707227267278], [82,46,0.706986274561], [57,47,-0.707350459258], [58,47,-0.706863019112], [84,47,0.707350459258], [85,47,0.706863019112], [60,48,0.005532181571], [61,48,-0.999984697366], [63,48,-0.005532181571], [64,48,0.999984697366], [60,49,-0.000303372342], [61,49,-0.999999953983], [66,49,0.000303372342], [67,49,0.999999953983], [60,50,-0.999997394896], [61,50,0.002282586412], [84,50,0.999997394896], [85,50,-0.002282586412], [60,51,-0.704867984038], [61,51,-0.709338512333], [87,51,0.704867984038], [88,51,0.709338512333], [63,52,-0.006119241404], [64,52,-0.999981277267], [66,52,0.006119241404], [67,52,0.999981277267], [63,53,-0.705301281205], [64,53,-0.708907682799], [90,53,0.705301281205], [91,53,0.708907682799], [66,54,-0.999986567867], [67,54,-0.005183057541], [90,54,0.999986567867], [91,54,0.005183057541], [69,55,-0.707581332487], [70,55,0.706631911193], [90,55,0.707581332487], [91,55,-0.706631911193], [69,56,-0.999986940229], [70,56,0.005110711460], [93,56,0.999986940229], [94,56,-0.005110711460], [69,57,-0.999998904581], [70,57,0.001480147294], [117,57,0.999998904581], [118,57,-0.001480147294], [75,58,-0.999982729637], [76,58,0.005877110526], [99,58,0.999982729637], [100,58,-0.005877110526], [78,59,0.002441411313], [79,59,-0.999997019751], [81,59,-0.002441411313], [82,59,0.999997019751], [78,60,-0.001412649669], [79,60,-0.999999002210], [84,60,0.001412649669], [85,60,0.999999002210], [78,61,-0.705740161657], [79,61,0.708470764552], [99,61,0.705740161657], [100,61,-0.708470764552], [78,62,-0.999989326281], [79,62,0.004620316541], [126,62,0.999989326281], [127,62,-0.004620316541], [81,63,-0.005249555435], [82,63,-0.999986220989], [84,63,0.005249555435], [85,63,0.999986220989], [81,64,-0.000046386984], [82,64,-0.999999998924], [87,64,0.000046386984], [88,64,0.999999998924], [84,65,0.005138047970], [85,65,-0.999986800144], [87,65,-0.005138047970], [88,65,0.999986800144], [87,66,-0.712254273563], [88,66,0.701921541051], [108,66,0.712254273563], [109,66,-0.701921541051], [87,67,-0.999999664713], [88,67,-0.000818886039], [111,67,0.999999664713], [112,67,0.000818886039], [87,68,-0.704894412298], [88,68,-0.709312249655], [114,68,0.704894412298], [115,68,0.709312249655], [87,69,-0.999999987490], [88,69,0.000158175254], [135,69,0.999999987490], [136,69,-0.000158175254], [93,70,-0.999997678440], [94,70,-0.002154788928], [117,70,0.999997678440], [118,70,0.002154788928], [93,71,-0.999996625270], [94,71,-0.002597970119], [141,71,0.999996625270], [142,71,0.002597970119], [96,72,-0.999998931484], [97,72,0.001461858381], [120,72,0.999998931484], [121,72,-0.001461858381], [96,73,-0.710030577396], [97,73,-0.704170845152], [123,73,0.710030577396], [124,73,0.704170845152], [96,74,-0.999998263418], [97,74,0.001863641677], [144,74,0.999998263418], [145,74,-0.001863641677], [99,75,-0.710235065105], [100,75,0.703964595910], [120,75,0.710235065105], [121,75,-0.703964595910], [99,76,-0.705747124388], [100,76,-0.708463828588], [126,76,0.705747124388], [127,76,0.708463828588], [102,77,0.005720022814], [103,77,-0.999983640536], [105,77,-0.005720022814], [106,77,0.999983640536], [102,78,-0.000612962257], [103,78,-0.999999812139], [108,78,0.000612962257], [109,78,0.999999812139], [102,79,-0.999960571670], [103,79,0.008880039771], [126,79,0.999960571670], [127,79,-0.008880039771], [102,80,-0.706326168349], [103,80,-0.707886533214], [129,80,0.706326168349], [130,80,0.707886533214], [102,81,-0.999999186710], [103,81,0.001275374372], [150,81,0.999999186710], [151,81,-0.001275374372], [105,82,-0.002529215574], [106,82,-0.999996801529], [111,82,0.002529215574], [112,82,0.999996801529], [105,83,-0.705799315086], [106,83,0.708411834193], [126,83,0.705799315086], [127,83,-0.708411834193], [105,84,-0.999991315739], [106,84,-0.004167546861], [129,84,0.999991315739], [130,84,0.004167546861], [105,85,-0.999998608849], [106,85,-0.001668022591], [153,85,0.999998608849], [154,85,0.001668022591], [108,86,0.001879131611], [109,86,-0.999998234431], [111,86,-0.001879131611], [112,86,0.999998234431], [108,87,0.004064951433], [109,87,-0.999991738051], [114,87,-0.004064951433], [115,87,0.999991738051], [108,88,-0.706542296955], [109,88,0.707670815149], [129,88,0.706542296955], [130,88,-0.707670815149], [108,89,-0.708283244671], [109,89,-0.705928357072], [135,89,0.708283244671], [136,89,0.705928357072], [111,90,-0.705581772877], [112,90,0.708628507600], [132,90,0.705581772877], [133,90,-0.708628507600], [111,91,-0.999999346821], [112,91,0.001142959645], [135,91,0.999999346821], [136,91,-0.001142959645], [111,92,-0.999999968196], [112,92,0.000252204495], [159,92,0.999999968196], [160,92,-0.000252204495], [114,93,-0.706418989908], [115,93,0.707793904111], [135,93,0.706418989908], [136,93,-0.707793904111], [114,94,-0.999999803834], [115,94,-0.000626364621], [138,94,0.999999803834], [139,94,0.000626364621], [114,95,-0.709123817307], [115,95,-0.705083974947], [141,95,0.709123817307], [142,95,0.705083974947], [114,96,-0.999996488628], [115,96,0.002650043597], [162,96,0.999996488628], [163,96,-0.002650043597], [117,97,-0.999995377608], [118,97,-0.003040520186], [141,97,0.999995377608], [142,97,0.003040520186], [120,98,-0.000134002200], [121,98,-0.999999991022], [123,98,0.000134002200], [124,98,0.999999991022], [120,99,0.003229292500], [121,99,-0.999994785821], [126,99,-0.003229292500], [127,99,0.999994785821], [123,100,-0.703463599637], [124,100,0.710731288171], [144,100,0.703463599637], [145,100,-0.710731288171], [123,101,-0.999998911109], [124,101,-0.001475730588], [147,101,0.999998911109], [148,101,0.001475730588], [123,102,-0.999999872020], [124,102,0.000505924684], [171,102,0.999999872020], [172,102,-0.000505924684], [126,103,-0.711829860918], [127,103,0.702351941056], [147,103,0.711829860918], [148,103,-0.702351941056], [126,104,-0.703512651568], [127,104,-0.710682734477], [153,104,0.703512651568], [154,104,0.710682734477], [129,105,0.000630772469], [130,105,-0.999999801063], [132,105,-0.000630772469], [133,105,0.999999801063], [129,106,-0.000247904778], [130,106,-0.999999969272], [135,106,0.000247904778], [136,106,0.999999969272], [129,107,-0.999999636914], [130,107,0.000852157354], [153,107,0.999999636914], [154,107,-0.000852157354], [129,108,-0.999999399606], [130,108,0.001095804545], [177,108,0.999999399606], [178,108,-0.001095804545], [132,109,-0.001117757525], [133,109,-0.999999375309], [135,109,0.001117757525], [136,109,0.999999375309], [132,110,-0.708573209908], [133,110,0.705637304995], [153,110,0.708573209908], [154,110,-0.705637304995], [132,111,-0.705628345504], [133,111,-0.708582132163], [159,111,0.705628345504], [160,111,0.708582132163], [135,112,-0.999999794635], [136,112,-0.000640882604], [159,112,0.999999794635], [160,112,0.000640882604], [138,113,-0.004714399751], [139,113,-0.999988887156], [141,113,0.004714399751], [142,113,0.999988887156], [138,114,-0.704606479389], [139,114,0.709598273111], [159,114,0.704606479389], [160,114,-0.709598273111], [138,115,-0.708131353344], [139,115,-0.706080722305], [165,115,0.708131353344], [166,115,0.706080722305], [138,116,-0.999996127695], [139,116,0.002782911134], [186,116,0.999996127695], [187,116,-0.002782911134], [144,117,-0.005845436974], [145,117,-0.999982915287], [147,117,0.005845436974], [148,117,0.999982915287], [144,118,-0.999991368423], [145,118,-0.004154886260], [168,118,0.999991368423], [169,118,0.004154886260], [144,119,-0.708261977868], [145,119,-0.705949694175], [171,119,0.708261977868], [172,119,0.705949694175], [147,120,0.004167466089], [148,120,-0.999991316075], [150,120,-0.004167466089], [151,120,0.999991316075], [147,121,0.003334840101], [148,121,-0.999994439405], [153,121,-0.003334840101], [154,121,0.999994439405], [147,122,-0.999996909849], [148,122,0.002486019374], [171,122,0.999996909849], [172,122,-0.002486019374], [147,123,-0.708354091019], [148,123,-0.705857267255], [174,123,0.708354091019], [175,123,0.705857267255], [150,124,0.002505774169], [151,124,-0.999996860543], [153,124,-0.002505774169], [154,124,0.999996860543], [150,125,-0.708154628659], [151,125,0.706057378623], [171,125,0.708154628659], [172,125,-0.706057378623], [150,126,-0.999993244083], [151,126,0.003675838379], [174,126,0.999993244083], [175,126,-0.003675838379], [150,127,-0.707081730676], [151,127,-0.707131830809], [177,127,0.707081730676], [178,127,0.707131830809], [156,128,-0.001709042178], [157,128,-0.999998539586], [159,128,0.001709042178], [160,128,0.999998539586], [156,129,0.000259389328], [157,129,-0.999999966359], [162,129,-0.000259389328], [163,129,0.999999966359], [156,130,-0.707690821520], [157,130,0.706522258061], [177,130,0.707690821520], [178,130,-0.706522258061], [156,131,-0.999996025595], [157,131,0.002819360576], [180,131,0.999996025595], [181,131,-0.002819360576], [156,132,-0.707428412345], [157,132,-0.706785003666], [183,132,0.707428412345], [184,132,0.706785003666], [159,133,0.002212535323], [160,133,-0.999997552341], [162,133,-0.002212535323], [163,133,0.999997552341], [159,134,0.000852839479], [160,134,-0.999999636332], [165,134,-0.000852839479], [166,134,0.999999636332], [162,135,-0.000506634022], [163,135,-0.999999871661], [165,135,0.000506634022], [166,135,0.999999871661], [162,136,-0.999999941400], [163,136,-0.000342344938], [186,136,0.999999941400], [187,136,0.000342344938], [162,137,-0.706146766949], [163,137,-0.708065493812], [189,137,0.706146766949], [190,137,0.708065493812], [165,138,-0.709192229505], [166,138,0.705015164099], [186,138,0.709192229505], [187,138,-0.705015164099], [174,139,0.001107313139], [175,139,-0.999999386929], [177,139,-0.001107313139], [178,139,0.999999386929], [180,140,0.003234944062], [181,140,-0.999994767555], [183,140,-0.003234944062], [184,140,0.999994767555], [180,141,-0.000777247250], [181,141,-0.999999697943], [186,141,0.000777247250], [187,141,0.999999697943], [183,142,-0.000209579311], [184,142,-0.999999978038], [189,142,0.000209579311], [190,142,0.999999978038], [186,143,0.004358077710], [187,143,-0.999990503534], [189,143,-0.004358077710], [190,143,0.999990503534], ]
},
"Q": {
"shape": [144, 144],
"data": [[0,0,2.000000000000], [1,0,0.704700773759], [0,1,0.704700773759], [1,1,2.000000000000], [2,1,0.705825049966], [3,1,-0.001341302750], [4,1,0.708059241323], [1,2,0.705825049966], [2,2,2.000000000000], [3,2,0.707438830980], [4,2,0.999995010700], [6,2,0.703772688705], [24,2,-0.004826686875], [25,2,-0.007717167756], [26,2,-0.999979985868], [27,2,-0.710867079473], [28,2,-0.999982123945], [1,3,-0.001341302750], [2,3,0.707438830980], [3,3,2.000000000000], [4,3,0.705202679346], [7,3,0.708359205761], [10,3,-0.002939566401], [24,3,0.710180928235], [29,3,0.008479449083], [30,3,-0.999951017804], [1,4,0.708059241323], [2,4,0.999995010700], [3,4,0.705202679346], [4,4,2.000000000000], [26,4,0.999994982189], [29,4,0.703000549597], [42,4,-0.007842985838], [43,4,-0.005392596881], [44,4,-0.709092418281], [5,5,2.000000000000], [6,5,-0.709882648759], [7,5,0.002073723415], [8,5,0.704703050803], [9,5,-0.001785983552], [10,5,0.708970099219], [2,6,0.703772688705], [5,6,-0.709882648759], [6,6,2.000000000000], [7,6,0.702846358767], [8,6,-0.000539779309], [9,6,0.705586688879], [24,6,0.707020060828], [25,6,0.704972939842], [26,6,-0.708253291651], [27,6,-0.000628033675], [28,6,-0.708007939493], [3,7,0.708359205761], [5,7,0.002073723415], [6,7,0.702846358767], [7,7,2.000000000000], [8,7,0.710962201662], [9,7,0.999992551331], [10,7,0.703766815804], [24,7,0.006129735683], [29,7,-0.699820262352], [30,7,-0.715310733304], [5,8,0.704703050803], [6,8,-0.000539779309], [7,8,0.710962201662], [8,8,2.000000000000], [9,8,0.708242648372], [13,8,-0.001279971199], [25,8,0.709614629051], [31,8,0.002191071368], [32,8,-0.702720678082], [5,9,-0.001785983552], [6,9,0.705586688879], [7,9,0.999992551331], [8,9,0.708242648372], [9,9,2.000000000000], [27,9,0.709066605152], [31,9,0.704415581657], [42,9,0.008445218562], [45,9,-0.003522877089], [46,9,-0.709834852227], [3,10,-0.002939566401], [5,10,0.708970099219], [7,10,0.703766815804], [10,10,2.000000000000], [24,10,-0.706103793053], [29,10,-0.999984654350], [30,10,-0.006958109956], [11,11,2.000000000000], [12,11,0.999986144208], [13,11,-0.703841195690], [14,11,-0.999944042888], [15,11,-0.999992844671], [16,11,0.706430636375], [17,11,0.004353781726], [18,11,-0.708799671785], [19,11,-0.000194642605], [11,12,0.999986144208], [12,12,2.000000000000], [13,12,-0.707570878915], [14,12,0.999985876399], [20,12,-0.999966293029], [21,12,0.709371130427], [22,12,0.002275618666], [8,13,-0.001279971199], [11,13,-0.703841195690], [12,13,-0.707570878915], [13,13,2.000000000000], [25,13,-0.705497716306], [31,13,-0.999999584947], [32,13,-0.710565799960], [11,14,-0.999944042888], [12,14,0.999985876399], [14,14,2.000000000000], [15,14,0.999976906901], [16,14,-0.713878596556], [17,14,-0.014932241815], [18,14,0.701297617109], [19,14,-0.010384172064], [20,14,-0.999908532652], [21,14,0.713107163061], [22,14,0.007590363704], [11,15,-0.999992844671], [14,15,0.999976906901], [15,15,2.000000000000], [16,15,-0.709103076948], [17,15,-0.008136651072], [18,15,0.706126079608], [19,15,-0.003588295069], [20,15,0.999977357791], [23,15,0.710169712454], [11,16,0.706430636375], [14,16,-0.713878596556], [15,16,-0.709103076948], [16,16,2.000000000000], [17,16,0.710851216687], [18,16,-0.001441226832], [19,16,0.707644765170], [33,16,0.713306330748], [34,16,0.709757192477], [11,17,0.004353781726], [14,17,-0.014932241815], [15,17,-0.008136651072], [16,17,0.710851216687], [17,17,2.000000000000], [18,17,0.702317183128], [19,17,0.999989655873], [21,17,0.711625169954], [33,17,-0.014115460050], [35,17,0.004043360745], [36,17,-0.716332056760], [37,17,-0.703238493284], [11,18,-0.708799671785], [14,18,0.701297617109], [15,18,0.706126079608], [16,18,-0.001441226832], [17,18,0.702317183128], [18,18,2.000000000000], [19,18,0.705547777138], [22,18,0.707524968230], [23,18,-0.002955109252], [34,18,0.705468587545], [35,18,0.709018613572], [38,18,-0.710695903169], [11,19,-0.000194642605], [14,19,-0.010384172064], [15,19,-0.003588295069], [16,19,0.707644765170], [17,19,0.999989655873], [18,19,0.705547777138], [19,19,2.000000000000], [48,19,-0.009137551420], [52,19,-0.002513808155], [53,19,-0.702740757973], [12,20,-0.999966293029], [14,20,-0.999908532652], [15,20,0.999977357791], [20,20,2.000000000000], [21,20,-0.703560149323], [22,20,0.005934966987], [23,20,0.705415977713], [12,21,0.709371130427], [14,21,0.713107163061], [17,21,0.711625169954], [20,21,-0.703560149323], [21,21,2.000000000000], [22,21,0.706447590758], [33,21,-0.712534255811], [35,21,0.705430948049], [36,21,-0.999977403628], [37,21,-0.000954828172], [12,22,0.002275618666], [14,22,0.007590363704], [18,22,0.707524968230], [20,22,0.005934966987], [21,22,0.706447590758], [22,22,2.000000000000], [23,22,0.704594447454], [34,22,-0.001722498589], [35,22,0.003298982445], [38,22,-0.999989887731], [15,23,0.710169712454], [18,23,-0.002955109252], [20,23,0.705415977713], [22,23,0.704594447454], [23,23,2.000000000000], [34,23,-0.710822830437], [35,23,-0.707281914035], [38,23,-0.701396092654], [2,24,-0.004826686875], [3,24,0.710180928235], [6,24,0.707020060828], [7,24,0.006129735683], [10,24,-0.706103793053], [24,24,2.000000000000], [25,24,0.999995822396], [26,24,-0.001500093832], [27,24,0.706749319036], [28,24,-0.001152609924], [29,24,0.710015843500], [30,24,-0.703178058979], [2,25,-0.007717167756], [6,25,0.704972939842], [8,25,0.709614629051], [13,25,-0.705497716306], [24,25,0.999995822396], [25,25,2.000000000000], [26,25,0.001390443898], [27,25,0.708791315951], [28,25,0.001737927687], [31,25,0.706143132191], [32,25,0.002630851539], [2,26,-0.999979985868], [4,26,0.999994982189], [6,26,-0.708253291651], [24,26,-0.001500093832], [25,26,0.001390443898], [26,26,2.000000000000], [27,26,0.706403076430], [28,26,0.999999939627], [29,26,0.705249999424], [42,26,-0.004675142861], [43,26,-0.002224714827], [44,26,-0.706855123885], [2,27,-0.710867079473], [6,27,-0.000628033675], [9,27,0.709066605152], [24,27,0.706749319036], [25,27,0.708791315951], [26,27,0.706403076430], [27,27,2.000000000000], [28,27,0.706648986506], [31,27,-0.001023259891], [42,27,0.711104586292], [45,27,-0.707635089084], [46,27,-0.999999405851], [2,28,-0.999982123945], [6,28,-0.708007939493], [24,28,-0.001152609924], [25,28,0.001737927687], [26,28,0.999999939627], [27,28,0.706648986506], [28,28,2.000000000000], [40,28,0.706027166113], [58,28,-0.999981091160], [3,29,0.008479449083], [4,29,0.703000549597], [7,29,-0.699820262352], [10,29,-0.999984654350], [24,29,0.710015843500], [26,29,0.705249999424], [29,29,2.000000000000], [30,29,0.001418185563], [42,29,0.705653807622], [43,29,0.707387965428], [44,29,0.002978279801], [3,30,-0.999951017804], [7,30,-0.715310733304], [10,30,-0.006958109956], [24,30,-0.703178058979], [29,30,0.001418185563], [30,30,2.000000000000], [32,30,0.707120454700], [43,30,0.705821566884], [45,30,0.704068279003], [47,30,-0.999992889883], [8,31,0.002191071368], [9,31,0.704415581657], [13,31,-0.999999584947], [25,31,0.706143132191], [27,31,-0.001023259891], [31,31,2.000000000000], [32,31,0.709924426036], [42,31,-0.703813521320], [45,31,0.707301802962], [46,31,-0.000066831080], [8,32,-0.702720678082], [13,32,-0.710565799960], [25,32,0.002630851539], [30,32,0.707120454700], [31,32,0.709924426036], [32,32,2.000000000000], [43,32,-0.001796581291], [45,32,-0.004268560642], [47,32,-0.704449002994], [16,33,0.713306330748], [17,33,-0.014115460050], [21,33,-0.712534255811], [33,33,2.000000000000], [34,33,0.999987243377], [35,33,-0.999949272226], [36,33,0.707801386397], [37,33,-0.700956656282], [16,34,0.709757192477], [18,34,0.705468587545], [22,34,-0.001722498589], [23,34,-0.710822830437], [33,34,0.999987243377], [34,34,2.000000000000], [35,34,0.999987392356], [38,34,-0.002774670823], [17,35,0.004043360745], [18,35,0.709018613572], [21,35,0.705430948049], [22,35,0.003298982445], [23,35,-0.707281914035], [33,35,-0.999949272226], [34,35,0.999987392356], [35,35,2.000000000000], [36,35,-0.700650231445], [37,35,0.708104763564], [38,35,-0.007796083277], [17,36,-0.716332056760], [21,36,-0.999977403628], [33,36,0.707801386397], [35,36,-0.700650231445], [36,36,2.000000000000], [37,36,0.007677320373], [48,36,0.707497696773], [49,36,0.703361576425], [50,36,-0.712222964976], [51,36,-0.001818071599], [17,37,-0.703238493284], [21,37,-0.000954828172], [33,37,-0.700956656282], [35,37,0.708104763564], [36,37,0.007677320373], [37,37,2.000000000000], [49,37,0.705411372497], [52,37,0.709521723307], [54,37,-0.712657653750], [18,38,-0.710695903169], [22,38,-0.999989887731], [23,38,-0.701396092654], [34,38,-0.002774670823], [35,38,-0.007796083277], [38,38,2.000000000000], [53,38,0.707909254336], [54,38,0.999998878817], [55,38,0.704972150802], [39,39,2.000000000000], [40,39,0.703371188072], [41,39,0.999994714847], [28,40,0.706027166113], [39,40,0.703371188072], [40,40,2.000000000000], [41,40,0.705678495027], [58,40,-0.701658777811], [39,41,0.999994714847], [40,41,0.705678495027], [41,41,2.000000000000], [72,41,-0.999999228584], [73,41,-0.709875818327], [74,41,-0.999998648810], [4,42,-0.007842985838], [9,42,0.008445218562], [26,42,-0.004675142861], [27,42,0.711104586292], [29,42,0.705653807622], [31,42,-0.703813521320], [42,42,2.000000000000], [43,42,0.999996997665], [44,42,0.710655267248], [45,42,-0.999987884843], [46,42,-0.710337735849], [4,43,-0.005392596881], [26,43,-0.002224714827], [29,43,0.707387965428], [30,43,0.705821566884], [32,43,-0.001796581291], [42,43,0.999996997665], [43,43,2.000000000000], [44,43,0.708929149544], [45,43,0.999996944631], [47,43,-0.708487861677], [4,44,-0.709092418281], [26,44,-0.706855123885], [29,44,0.002978279801], [42,44,0.710655267248], [43,44,0.708929149544], [44,44,2.000000000000], [59,44,-0.705577363689], [60,44,-0.708303233132], [61,44,0.002211650385], [62,44,-0.703632661510], [9,45,-0.003522877089], [27,45,-0.707635089084], [30,45,0.704068279003], [31,45,0.707301802962], [32,45,-0.004268560642], [42,45,-0.999987884843], [43,45,0.999996944631], [45,45,2.000000000000], [46,45,0.706864434287], [47,45,-0.706741157617], [9,46,-0.709834852227], [27,46,-0.999999405851], [31,46,-0.000066831080], [42,46,-0.710337735849], [45,46,0.706864434287], [46,46,2.000000000000], [59,46,0.705257534915], [63,46,-0.710689161734], [64,46,-0.707019079940], [30,47,-0.999992889883], [32,47,-0.704449002994], [43,47,-0.708487861677], [45,47,-0.706741157617], [47,47,2.000000000000], [50,47,0.705735140614], [60,47,0.707861552203], [63,47,0.710566554686], [65,47,-0.703219288031], [19,48,-0.009137551420], [36,48,0.707497696773], [48,48,2.000000000000], [49,48,0.999982973039], [50,48,-0.007814718641], [51,48,0.705428199914], [52,48,-0.999932122165], [53,48,-0.704994979894], [36,49,0.703361576425], [37,49,0.705411372497], [48,49,0.999982973039], [49,49,2.000000000000], [50,49,-0.001979214754], [51,49,0.709552317142], [52,49,0.999983087659], [54,49,-0.005486425570], [36,50,-0.712222964976], [47,50,0.705735140614], [48,50,-0.007814718641], [49,50,-0.001979214754], [50,50,2.000000000000], [51,50,0.703247021334], [60,50,-0.000869938145], [63,50,0.002966986799], [65,50,0.007420590866], [36,51,-0.001818071599], [48,51,0.705428199914], [49,51,0.709552317142], [50,51,0.703247021334], [51,51,2.000000000000], [64,51,0.709371208269], [65,51,0.705707503653], [66,51,-0.004145252225], [67,51,-0.705448615109], [68,51,-0.999999999306], [69,51,-0.704755775421], [19,52,-0.002513808155], [37,52,0.709521723307], [48,52,-0.999932122165], [49,52,0.999983087659], [52,52,2.000000000000], [53,52,0.713210318912], [54,52,-0.011302119709], [19,53,-0.702740757973], [38,53,0.707909254336], [48,53,-0.704994979894], [52,53,0.713210318912], [53,53,2.000000000000], [54,53,0.708966116815], [55,53,-0.001878770396], [37,54,-0.712657653750], [38,54,0.999998878817], [49,54,-0.005486425570], [52,54,-0.011302119709], [53,54,0.708966116815], [54,54,2.000000000000], [55,54,0.703909314304], [38,55,0.704972150802], [53,55,-0.001878770396], [54,55,0.703909314304], [55,55,2.000000000000], [56,55,0.711183483443], [57,55,0.708626476700], [55,56,0.711183483443], [56,56,2.000000000000], [57,56,0.999993409430], [70,56,-0.999973606194], [71,56,-0.999970288067], [55,57,0.708626476700], [56,57,0.999993409430], [57,57,2.000000000000], [70,57,0.999993393619], [97,57,-0.999989781777], [28,58,-0.999981091160], [40,58,-0.701658777811], [58,58,2.000000000000], [61,58,0.709891734256], [75,58,-0.714360076824], [76,58,-0.701571215655], [44,59,-0.705577363689], [46,59,0.705257534915], [59,59,2.000000000000], [60,59,0.999992573105], [61,59,-0.710191655147], [62,59,-0.007061688025], [63,59,-0.999970424457], [64,59,-0.999996905425], [44,60,-0.708303233132], [47,60,0.707861552203], [50,60,-0.000869938145], [59,60,0.999992573105], [60,60,2.000000000000], [61,60,-0.707473094041], [62,60,-0.003207677340], [63,60,0.999992638995], [65,60,-0.999978544106], [44,61,0.002211650385], [58,61,0.709891734256], [59,61,-0.710191655147], [60,61,-0.707473094041], [61,61,2.000000000000], [62,61,0.709005987977], [75,61,-0.999979745144], [76,61,0.003851820642], [44,62,-0.703632661510], [59,62,-0.007061688025], [60,62,-0.003207677340], [61,62,0.709005987977], [62,62,2.000000000000], [76,62,0.702466264296], [79,62,0.999990926966], [83,62,0.709064868497], [99,62,-0.007849550481], [103,62,-0.715067351337], [104,62,-0.700221563278], [46,63,-0.710689161734], [47,63,0.710566554686], [50,63,0.002966986799], [59,63,-0.999970424457], [60,63,0.999992638995], [63,63,2.000000000000], [64,63,0.999986463424], [65,63,-0.999946048848], [46,64,-0.707019079940], [51,64,0.709371208269], [59,64,-0.999996905425], [63,64,0.999986463424], [64,64,2.000000000000], [65,64,0.999986560730], [66,64,0.701888500968], [67,64,-0.000865273006], [68,64,-0.709344946818], [69,64,0.000111788270], [47,65,-0.703219288031], [50,65,0.007420590866], [51,65,0.705707503653], [60,65,-0.999978544106], [63,65,-0.999946048848], [64,65,0.999986560730], [65,65,2.000000000000], [66,65,0.705571872412], [67,65,0.004319171018], [68,65,-0.705681105532], [69,65,0.005296221071], [51,66,-0.004145252225], [64,66,0.701888500968], [65,66,0.705571872412], [66,66,2.000000000000], [67,66,0.711679241003], [68,66,0.004182510206], [69,66,0.712365291271], [78,66,-0.701484824200], [86,66,0.703258721280], [87,66,0.704811020841], [88,66,-0.999967159585], [89,66,-0.008971447642], [51,67,-0.705448615109], [64,67,-0.000865273006], [65,67,0.004319171018], [66,67,0.711679241003], [67,67,2.000000000000], [68,67,0.705475021854], [69,67,0.999999522676], [82,67,0.003348098145], [86,67,-0.001060246388], [90,67,-0.705001250313], [91,67,-0.999998075581], [92,67,-0.999999426382], [51,68,-0.999999999306], [64,68,-0.709344946818], [65,68,-0.705681105532], [66,68,0.004182510206], [67,68,0.705475021854], [68,68,2.000000000000], [69,68,0.704782207835], [87,68,0.706441027802], [93,68,0.004096087690], [94,68,-0.705338562120], [95,68,-0.999982116913], [96,68,-0.703012228766], [51,69,-0.704755775421], [64,69,0.000111788270], [65,69,0.005296221071], [66,69,0.712365291271], [67,69,0.999999522676], [68,69,0.704782207835], [69,69,2.000000000000], [89,69,0.708171575413], [91,69,0.999999515100], [93,69,0.706530936552], [106,69,0.000089729526], [109,69,0.000959582356], [112,69,-0.999999680753], [56,70,-0.999973606194], [57,70,0.999993393619], [70,70,2.000000000000], [71,70,0.999999901795], [97,70,-0.999999607737], [56,71,-0.999970288067], [70,71,0.999999901795], [71,71,2.000000000000], [95,71,0.710953211304], [97,71,0.999999902074], [113,71,0.007312325088], [41,72,-0.999999228584], [72,72,2.000000000000], [73,72,0.709000420666], [74,72,0.999999919285], [75,72,0.711263402752], [98,72,0.001327856311], [99,72,0.004691139808], [41,73,-0.709875818327], [72,73,0.709000420666], [73,73,2.000000000000], [74,73,0.708717022235], [98,73,0.704265984489], [100,73,0.000995586040], [101,73,-0.711068970706], [102,73,-0.709674229114], [41,74,-0.999998648810], [72,74,0.999999919285], [73,74,0.708717022235], [74,74,2.000000000000], [100,74,0.704786926465], [117,74,-0.003981816986], [118,74,-0.999981888637], [119,74,-0.706945110642], [58,75,-0.714360076824], [61,75,-0.999979745144], [72,75,0.711263402752], [75,75,2.000000000000], [76,75,0.002512902029], [98,75,0.703869416528], [99,75,0.706254482082], [58,76,-0.701571215655], [61,76,0.003851820642], [62,76,0.702466264296], [75,76,0.002512902029], [76,76,2.000000000000], [79,76,0.699428110983], [83,76,-0.003768323252], [99,76,0.706181070636], [103,76,-0.004780932220], [104,76,-0.999995041794], [77,77,2.000000000000], [78,77,0.999979946519], [79,77,-0.014599691782], [80,77,0.703834750772], [81,77,-0.006995371669], [82,77,-0.999965974946], [83,77,0.712437433139], [84,77,0.001552494458], [85,77,0.004052019553], [66,78,-0.701484824200], [77,78,0.999979946519], [78,78,2.000000000000], [79,78,-0.008267100014], [80,78,0.708319351511], [81,78,-0.000662412374], [86,78,-0.999996894733], [87,78,-0.999989058529], [88,78,0.707237598444], [89,78,-0.706362375352], [62,79,0.999990926966], [76,79,0.699428110983], [77,79,-0.014599691782], [78,79,-0.008267100014], [79,79,2.000000000000], [80,79,0.700012258519], [81,79,0.999971083787], [83,79,0.712062211859], [99,79,-0.012109158643], [103,79,-0.718038707825], [104,79,-0.697174022292], [77,80,0.703834750772], [78,80,0.708319351511], [79,80,0.700012258519], [80,80,2.000000000000], [81,80,0.705422773558], [84,80,0.709270184728], [88,80,-0.001901326608], [105,80,-0.707440861288], [106,80,-0.708061613093], [107,80,-0.705722681177], [108,80,-0.705550038995], [77,81,-0.006995371669], [78,81,-0.000662412374], [79,81,0.999971083787], [80,81,0.705422773558], [81,81,2.000000000000], [120,81,-0.005442825996], [124,81,0.003781142499], [125,81,-0.709054540210], [126,81,-0.999997118869], [127,81,-0.706179297799], [67,82,0.003348098145], [77,82,-0.999965974946], [82,82,2.000000000000], [83,82,-0.706624449739], [84,82,0.006696727141], [85,82,0.004197229311], [86,82,0.999990283237], [90,82,0.706841672664], [91,82,-0.001386257932], [92,82,-0.002277011805], [62,83,0.709064868497], [76,83,-0.003768323252], [77,83,0.712437433139], [79,83,0.712062211859], [82,83,-0.706624449739], [83,83,2.000000000000], [84,83,0.702840846224], [85,83,0.704616686269], [99,83,-0.710687372841], [103,83,-0.999963455106], [104,83,0.006917311829], [77,84,0.001552494458], [80,84,0.709270184728], [82,84,0.006696727141], [83,84,0.702840846224], [84,84,2.000000000000], [85,84,0.999996876163], [88,84,0.703586909872], [105,84,-0.003536779041], [106,84,-0.004415449358], [107,84,-0.999987401250], [108,84,-0.999986148533], [77,85,0.004052019553], [82,85,0.004197229311], [83,85,0.704616686269], [84,85,0.999996876163], [85,85,2.000000000000], [104,85,0.704697107732], [107,85,0.999996824346], [110,85,0.707395205210], [121,85,-0.001666822146], [124,85,-0.000837753328], [66,86,0.703258721280], [67,86,-0.001060246388], [78,86,-0.999996894733], [82,86,0.999990283237], [86,86,2.000000000000], [87,86,0.999997611075], [88,86,-0.708997251672], [89,86,0.704596153272], [90,86,0.709953137481], [91,86,0.003022088010], [92,86,0.002131335601], [66,87,0.704811020841], [68,87,0.706441027802], [78,87,-0.999989058529], [86,87,0.999997611075], [87,87,2.000000000000], [88,87,-0.710537028532], [89,87,0.703043387737], [93,87,0.710659615240], [94,87,0.003438591190], [95,87,-0.702195595701], [96,87,0.006714958862], [66,88,-0.999967159585], [78,88,0.707237598444], [80,88,-0.001901326608], [84,88,0.703586909872], [86,88,-0.708997251672], [87,88,-0.710537028532], [88,88,2.000000000000], [89,88,0.000867174698], [105,88,0.708116341796], [106,88,0.707495638193], [107,88,-0.707145087308], [108,88,-0.707317341646], [66,89,-0.008971447642], [69,89,0.708171575413], [78,89,-0.706362375352], [86,89,0.704596153272], [87,89,0.703043387737], [88,89,0.000867174698], [89,89,2.000000000000], [91,89,0.707475934411], [93,89,0.000692946394], [106,89,0.706103922180], [109,89,0.706719605012], [112,89,-0.708735516418], [67,90,-0.705001250313], [82,90,0.706841672664], [86,90,0.709953137481], [90,90,2.000000000000], [91,90,0.706391245793], [92,90,0.705760469732], [105,90,-0.709073428185], [109,90,0.707839395590], [110,90,-0.999991052006], [111,90,0.004242999814], [67,91,-0.999998075581], [69,91,0.999999515100], [82,91,-0.001386257932], [86,91,0.003022088010], [89,91,0.707475934411], [90,91,0.706391245793], [91,91,2.000000000000], [92,91,0.999999603277], [93,91,0.707227508360], [106,91,-0.000895054994], [109,91,-0.000025202136], [112,91,-0.999998408953], [67,92,-0.999999426382], [82,92,-0.002277011805], [86,92,0.002131335601], [90,92,0.705760469732], [91,92,0.999999603277], [92,92,2.000000000000], [111,92,0.705449615464], [112,92,0.999999601198], [114,92,0.704785420855], [128,92,0.001456837997], [133,92,0.002464739131], [134,92,0.001105043855], [68,93,0.004096087690], [69,93,0.706530936552], [87,93,0.710659615240], [89,93,0.000692946394], [91,93,0.707227508360], [93,93,2.000000000000], [94,93,0.705975514272], [95,93,0.001884391388], [96,93,0.708292194112], [106,93,-0.707618757719], [109,93,-0.707003856817], [112,93,-0.705965232034], [68,94,-0.705338562120], [87,94,0.003438591190], [93,94,0.705975514272], [94,94,2.000000000000], [95,94,0.709565317858], [96,94,0.999994632569], [113,94,-0.005340756486], [114,94,-0.704161873916], [115,94,-0.708573478417], [116,94,-0.999994188413], [68,95,-0.999982116913], [71,95,0.710953211304], [87,95,-0.702195595701], [93,95,0.001884391388], [94,95,0.709565317858], [95,95,2.000000000000], [96,95,0.707252824037], [97,95,0.711264361518], [113,95,0.708419232606], [68,96,-0.703012228766], [87,96,0.006714958862], [93,96,0.708292194112], [94,96,0.999994632569], [95,96,0.707252824037], [96,96,2.000000000000], [129,96,-0.002909431925], [133,96,-0.004862564665], [135,96,0.002143411014], [136,96,-0.999995522799], [137,96,-0.704267882977], [57,97,-0.999989781777], [70,97,-0.999999607737], [71,97,0.999999902074], [95,97,0.711264361518], [97,97,2.000000000000], [113,97,0.007754864356], [72,98,0.001327856311], [73,98,0.704265984489], [75,98,0.703869416528], [98,98,2.000000000000], [99,98,0.999994344111], [100,98,0.710637016120], [101,98,-0.001609732629], [102,98,0.000371922497], [62,99,-0.007849550481], [72,99,0.004691139808], [75,99,0.706254482082], [76,99,0.706181070636], [79,99,-0.012109158643], [83,99,-0.710687372841], [98,99,0.999994344111], [99,99,2.000000000000], [103,99,0.704646985699], [104,99,-0.708407180721], [73,100,0.000995586040], [74,100,0.704786926465], [98,100,0.710637016120], [100,100,2.000000000000], [101,100,0.702413985740], [102,100,0.703823086111], [117,100,0.706607093396], [118,100,-0.700504519973], [119,100,0.003504015088], [73,101,-0.711068970706], [98,101,-0.001609732629], [100,101,0.702413985740], [101,101,2.000000000000], [102,101,0.999998036521], [103,101,0.710792603570], [117,101,0.007321135985], [120,101,0.002691743778], [121,101,0.001859114087], [122,101,-0.999992152267], [123,101,-0.709394974859], [73,102,-0.709674229114], [98,102,0.000371922497], [100,102,0.703823086111], [101,102,0.999998036521], [102,102,2.000000000000], [119,102,0.707904729849], [122,102,0.999998039608], [125,102,0.708511749886], [62,103,-0.715067351337], [76,103,-0.004780932220], [79,103,-0.718038707825], [83,103,-0.999963455106], [99,103,0.704646985699], [101,103,0.710792603570], [103,103,2.000000000000], [104,103,0.001631914885], [117,103,-0.698178984987], [120,103,0.705312368691], [121,103,0.704721874327], [122,103,-0.713573721789], [123,103,-0.008467372326], [62,104,-0.700221563278], [76,104,-0.999995041794], [79,104,-0.697174022292], [83,104,0.006917311829], [85,104,0.704697107732], [99,104,-0.708407180721], [103,104,0.001631914885], [104,104,2.000000000000], [107,104,0.702906782614], [110,104,-0.002994031730], [121,104,0.708332680456], [124,104,0.708917659489], [80,105,-0.707440861288], [84,105,-0.003536779041], [88,105,0.708116341796], [90,105,-0.709073428185], [105,105,2.000000000000], [106,105,0.999999613963], [107,105,-0.001482929424], [108,105,-0.001726576417], [109,105,-0.999998471321], [110,105,0.706084113090], [111,105,-0.708136900267], [69,106,0.000089729526], [80,106,-0.708061613093], [84,106,-0.004415449358], [88,106,0.707495638193], [89,106,0.706103922180], [91,106,-0.000895054994], [93,106,-0.707618757719], [105,106,0.999999613963], [106,106,2.000000000000], [107,106,-0.000604252640], [108,106,-0.000847899882], [109,106,0.999999621678], [112,106,-0.000888787311], [80,107,-0.705722681177], [84,107,-0.999987401250], [85,107,0.999996824346], [88,107,-0.707145087308], [104,107,0.702906782614], [105,107,-0.001482929424], [106,107,-0.000604252640], [107,107,2.000000000000], [108,107,0.999999970318], [110,107,0.709174266654], [121,107,-0.004186991506], [124,107,-0.003357927938], [80,108,-0.705550038995], [84,108,-0.999986148533], [88,108,-0.707317341646], [105,108,-0.001726576417], [106,108,-0.000847899882], [107,108,0.999999970318], [108,108,2.000000000000], [127,108,0.706306427875], [130,108,0.708464606929], [139,108,-0.002203116347], [69,109,0.000959582356], [89,109,0.706719605012], [90,109,0.707839395590], [91,109,-0.000025202136], [93,109,-0.707003856817], [105,109,-0.999998471321], [106,109,0.999999621678], [109,109,2.000000000000], [110,109,-0.704844851152], [111,109,0.709370410912], [112,109,-0.001758639499], [85,110,0.707395205210], [90,110,-0.999991052006], [104,110,-0.002994031730], [105,110,0.706084113090], [107,110,0.709174266654], [109,110,-0.704844851152], [110,110,2.000000000000], [111,110,-0.000012644331], [121,110,-0.707996359587], [124,110,-0.707410614123], 