{
"N": {
"shape": [192, 152],
"data": [[0,0,-0.999990050835], [1,0,-0.004460743380], [24,0,0.999990050835], [25,0,0.004460743380], [0,1,-0.705554678779], [1,1,-0.708655484177], [27,1,0.705554678779], [28,1,0.708655484177], [3,2,0.000912699599], [4,2,-0.999999583490], [9,2,-0.000912699599], [10,2,0.999999583490], [3,3,-0.709663092693], [4,3,0.704541194586], [24,3,0.709663092693], [25,3,-0.704541194586], [3,4,-0.999999611525], [4,4,0.000881447730], [27,4,0.999999611525], [28,4,-0.000881447730], [3,5,-0.708920372000], [4,5,-0.705288526891], [30,5,0.708920372000], [31,5,0.705288526891], [6,6,0.005263335548], [7,6,-0.999986148554], [9,6,-0.005263335548], [10,6,0.999986148554], [6,7,0.001072925231], [7,7,-0.999999424416], [12,7,-0.001072925231], [13,7,0.999999424416], [6,8,-0.705488712334], [7,8,-0.708721155864], [33,8,0.705488712334], [34,8,0.708721155864], [6,9,-0.999999754982], [7,9,0.000700025434], [54,9,0.999999754982], [55,9,-0.000700025434], [9,10,-0.002824110565], [10,10,-0.999996012192], [15,10,0.002824110565], [16,10,0.999996012192], [9,11,-0.999998023354], [10,11,0.001988287653], [33,11,0.999998023354], [34,11,-0.001988287653], [9,12,-0.710681019416], [10,12,-0.703514384105], [36,12,0.710681019416], [37,12,0.703514384105], [12,13,-0.002485324368], [13,13,-0.999996911577], [15,13,0.002485324368], [16,13,0.999996911577], [12,14,-0.000031883169], [13,14,-0.999999999492], [18,14,0.000031883169], [19,14,0.999999999492], [12,15,-0.706321780042], [13,15,-0.707890911821], [39,15,0.706321780042], [40,15,0.707890911821], [15,16,-0.999996321159], [16,16,0.002712502340], [63,16,0.999996321159], [64,16,-0.002712502340], [18,17,-0.706182738985], [19,17,0.708029617431], [39,17,0.706182738985], [40,17,-0.708029617431], [24,18,0.008837594458], [25,18,-0.999960947700], [27,18,-0.008837594458], [28,18,0.999960947700], [24,19,0.001236514599], [25,19,-0.999999235516], [30,19,-0.001236514599], [31,19,0.999999235516], [27,20,-0.006354069870], [28,20,-0.999979812694], [30,20,0.006354069870], [31,20,0.999979812694], [27,21,-0.002926016427], [28,21,-0.999995719205], [33,21,0.002926016427], [34,21,0.999995719205], [30,22,-0.707808922870], [31,22,0.706403941599], [51,22,0.707808922870], [52,22,-0.706403941599], [30,23,-0.999986814643], [31,23,0.005135225376], [54,23,0.999986814643], [55,23,-0.005135225376], [30,24,-0.706852121539], [31,24,-0.707361349153], [57,24,0.706852121539], [58,24,0.707361349153], [30,25,-0.999998291555], [31,25,-0.001848482575], [78,25,0.999998291555], [79,25,0.001848482575], [33,26,0.000835361120], [34,26,-0.999999651086], [39,26,-0.000835361120], [40,26,0.999999651086], [33,27,-0.703438463091], [34,27,0.710756166800], [54,27,0.703438463091], [55,27,-0.710756166800], [36,28,0.004929975210], [37,28,-0.999987847598], [39,28,-0.004929975210], [40,28,0.999987847598], [36,29,0.001567312625], [37,29,-0.999998771765], [42,29,-0.001567312625], [43,29,0.999998771765], [36,30,-0.706390428057], [37,30,-0.707822409330], [63,30,0.706390428057], [64,30,0.707822409330], [36,31,-0.999998280534], [37,31,-0.001854435168], [84,31,0.999998280534], [85,31,0.001854435168], [39,32,-0.001774463257], [40,32,-0.999998425639], [42,32,0.001774463257], [43,32,0.999998425639], [39,33,-0.707561378113], [40,33,0.706651891813], [60,33,0.707561378113], [61,33,-0.706651891813], [39,34,-0.999999250441], [40,34,-0.001224384794], [63,34,0.999999250441], [64,34,0.001224384794], [42,35,-0.706159174712], [43,35,0.708053119455], [63,35,0.706159174712], [64,35,-0.708053119455], [42,36,-0.999993885510], [43,36,0.003496990627], [90,36,0.999993885510], [91,36,-0.003496990627], [48,37,-0.001525585976], [49,37,-0.999998836293], [51,37,0.001525585976], [52,37,0.999998836293], [48,38,0.003315687046], [49,38,-0.999994503095], [54,38,-0.003315687046], [55,38,0.999994503095], [48,39,-0.999994967300], [49,39,-0.003172597510], [72,39,0.999994967300], [73,39,0.003172597510], [48,40,-0.999996191158], [49,40,-0.002760012465], [96,40,0.999996191158], [97,40,0.002760012465], [51,41,0.008197535508], [52,41,-0.999966399641], [54,41,-0.008197535508], [55,41,0.999966399641], [51,42,0.002749723241], [52,42,-0.999996219504], [57,42,-0.002749723241], [58,42,0.999996219504], [51,43,-0.999999789005], [52,43,0.000649608218], [75,43,0.999999789005], [76,43,-0.000649608218], [51,44,-0.704476007996], [52,44,-0.709727802864], [78,44,0.704476007996], [79,44,0.709727802864], [51,45,-0.999999309699], [52,45,-0.001174990342], [99,45,0.999999309699], [100,45,0.001174990342], [54,46,-0.002657990841], [55,46,-0.999996467536], [57,46,0.002657990841], [58,46,0.999996467536], [54,47,-0.709657038233], [55,47,-0.704547293009], [81,47,0.709657038233], [82,47,0.704547293009], [57,48,-0.710019922919], [58,48,0.704181588128], [78,48,0.710019922919], [79,48,-0.704181588128], [57,49,-0.999996601505], [58,49,0.002607101540], [81,49,0.999996601505], [82,49,-0.002607101540], [57,50,-0.703678743754], [58,50,-0.710518279560], [84,50,0.703678743754], [85,50,0.710518279560], [57,51,-0.999999979476], [58,51,0.000202601859], [105,51,0.999999979476], [106,51,-0.000202601859], [60,52,-0.999976760947], [61,52,-0.006817445664], [84,52,0.999976760947], [85,52,0.006817445664], [60,53,-0.704248425970], [61,53,-0.709953628429], [87,53,0.704248425970], [88,53,0.709953628429], [60,54,-0.999999354015], [61,54,-0.001136648246], [108,54,0.999999354015], [109,54,0.001136648246], [63,55,0.003651355480], [64,55,-0.999993333779], [66,55,-0.003651355480], [67,55,0.999993333779], [63,56,0.001582473889], [64,56,-0.999998747887], [69,56,-0.001582473889], [70,56,0.999998747887], [63,57,-0.708938655215], [64,57,-0.705270149051], [90,57,0.708938655215], [91,57,0.705270149051], [66,58,-0.000510016005], [67,58,-0.999999869942], [69,58,0.000510016005], [70,58,0.999999869942], [66,59,-0.707742095036], [67,59,0.706470896014], [87,59,0.707742095036], [88,59,-0.706470896014], [66,60,-0.999963327202], [67,60,0.008564125828], [90,60,0.999963327202], [91,60,-0.008564125828], [66,61,-0.706275412360], [67,61,-0.707937173692], [93,61,0.706275412360], [94,61,0.707937173692], [69,62,-0.707971539581], [70,62,0.706240963938], [90,62,0.707971539581], [91,62,-0.706240963938], [69,63,-0.999983820675], [70,63,-0.005688443454], [93,63,0.999983820675], [94,63,0.005688443454], [69,64,-0.999998213231], [70,64,-0.001890379397], [117,64,0.999998213231], [118,64,0.001890379397], [72,65,-0.999997242586], [73,65,-0.002348365612], [96,65,0.999997242586], [97,65,0.002348365612], [72,66,-0.704220096171], [73,66,-0.709981729447], [99,66,0.704220096171], [100,66,0.709981729447], [72,67,-0.999999485250], [73,67,-0.001014642937], [120,67,0.999999485250], [121,67,0.001014642937], [75,68,-0.005540206310], [76,68,-0.999984652939], [78,68,0.005540206310], [79,68,0.999984652939], [75,69,-0.004055797175], [76,69,-0.999991775221], [81,69,0.004055797175], [82,69,0.999991775221], [75,70,-0.711129335534], [76,70,0.703061212231], [96,70,0.711129335534], [97,70,-0.703061212231], [75,71,-0.999995559223], [76,71,-0.002980190373], [99,71,0.999995559223], [100,71,0.002980190373], [78,72,-0.002551235585], [79,72,-0.999996745593], [81,72,0.002551235585], [82,72,0.999996745593], [78,73,0.003154555001], [79,73,-0.999995024379], [84,73,-0.003154555001], [85,73,0.999995024379], [81,74,-0.706418622849], [82,74,0.707794270458], [102,74,0.706418622849], [103,74,-0.707794270458], [81,75,-0.999997550900], [82,75,-0.002213186370], [105,75,0.999997550900], [106,75,0.002213186370], [84,76,-0.708121767129], [85,76,0.706090336230], [105,76,0.708121767129], [106,76,-0.706090336230], [87,77,-0.002619734427], [88,77,-0.999996568490], [90,77,0.002619734427], [91,77,0.999996568490], [87,78,0.002824708117], [88,78,-0.999996010504], [93,78,-0.002824708117], [94,78,0.999996010504], [90,79,-0.999999711820], [91,79,-0.000759184086], [138,79,0.999999711820], [139,79,0.000759184086], [96,80,0.007217373708], [97,80,-0.999973954419], [99,80,-0.007217373708], [100,80,0.999973954419], [96,81,0.003554156600], [97,81,-0.999993683965], [102,81,-0.003554156600], [103,81,0.999993683965], [99,82,-0.706967929399], [100,82,0.707245605714], [120,82,0.706967929399], [121,82,-0.707245605714], [99,83,-0.999999082700], [100,83,0.001354473665], [147,83,0.999999082700], [148,83,-0.001354473665], [102,84,-0.006240436758], [103,84,-0.999980528285], [105,84,0.006240436758], [106,84,0.999980528285], [102,85,0.000976085297], [103,85,-0.999999523629], [108,85,-0.000976085297], [109,85,0.999999523629], [102,86,-0.999993939235], [103,86,0.003481593534], [126,86,0.999993939235], [127,86,-0.003481593534], [102,87,-0.708527346386], [103,87,-0.705683356345], [129,87,0.708527346386], [130,87,0.705683356345], [105,88,0.008167087415], [106,88,-0.999966648785], [108,88,-0.008167087415], [109,88,0.999966648785], [105,89,0.003163178508], [106,89,-0.999994997138], [111,89,-0.003163178508], [112,89,0.999994997138], [108,90,-0.001850318348], [109,90,-0.999998288160], [111,90,0.001850318348], [112,90,0.999998288160], [108,91,-0.001787764583], [109,91,-0.999998401948], [114,91,0.001787764583], [115,91,0.999998401948], [108,92,-0.709217628458], [109,92,0.704989613742], [129,92,0.709217628458], [130,92,-0.704989613742], [108,93,-0.999999283765], [109,93,0.001196857953], [132,93,0.999999283765], [133,93,-0.001196857953], [108,94,-0.708741624329], [109,94,-0.705468149489], [135,94,0.708741624329], [136,94,0.705468149489], [111,95,-0.708580144716], [112,95,0.705630341266], [132,95,0.708580144716], [133,95,-0.705630341266], [111,96,-0.999992802133], [112,96,-0.003794164252], [135,96,0.999992802133], [136,96,0.003794164252], [111,97,-0.708166115426], [112,97,-0.706045857549], [138,97,0.708166115426], [139,97,0.706045857549], [111,98,-0.999997520262], [112,98,-0.002226986789], [159,98,0.999997520262], [160,98,0.002226986789], [114,99,-0.711229867279], [115,99,0.702959512270], [135,99,0.711229867279], [136,99,-0.702959512270], [114,100,-0.999998885936], [115,100,-0.001492691377], [138,100,0.999998885936], [139,100,0.001492691377], [114,101,-0.999999959384], [115,101,0.000285013020], [162,101,0.999999959384], [163,101,-0.000285013020], [117,102,-0.704829063644], [118,102,0.709377185313], [138,102,0.704829063644], [139,102,-0.709377185313], [117,103,-0.999996620097], [118,103,0.002599960582], [165,103,0.999996620097], [166,103,-0.002599960582], [120,104,-0.999999873165], [121,104,-0.000503657446], [144,104,0.999999873165], [145,104,0.000503657446], [120,105,-0.706661362715], [121,105,-0.707551919258], [147,105,0.706661362715], [148,105,0.707551919258], [123,106,-0.001022620699], [124,106,-0.999999477123], [126,106,0.001022620699], [127,106,0.999999477123], [123,107,0.000199368778], [124,107,-0.999999980126], [129,107,-0.000199368778], [130,107,0.999999980126], [123,108,-0.705381225989], [124,108,0.708828135744], [144,108,0.705381225989], [145,108,-0.708828135744], [123,109,-0.999996438167], [124,109,0.002669017122], [147,109,0.999996438167], [148,109,-0.002669017122], [123,110,-0.708529367803], [124,110,-0.705681326777], [150,110,0.708529367803], [151,110,0.705681326777], [123,111,-0.999999999907], [124,111,-0.000013646764], [171,111,0.999999999907], [172,111,0.000013646764], [126,112,-0.705505881613], [127,112,0.708704064479], [147,112,0.705505881613], [148,112,-0.708704064479], [126,113,-0.999991812607], [127,113,-0.004046568755], [174,113,0.999991812607], [175,113,0.004046568755], [129,114,-0.001187317924], [130,114,-0.999999295138], [135,114,0.001187317924], [136,114,0.999999295138], [129,115,-0.705209332964], [130,115,0.708999151410], [150,115,0.705209332964], [151,115,-0.708999151410], [132,116,-0.001229755337], [133,116,-0.999999243851], [135,116,0.001229755337], [136,116,0.999999243851], [132,117,0.001929720914], [133,117,-0.999998138087], [138,117,-0.001929720914], [139,117,0.999998138087], [132,118,-0.704620924761], [133,118,-0.709583929067], [159,118,0.704620924761], [160,118,0.709583929067], [132,119,-0.999994945776], [133,119,-0.003179374428], [180,119,0.999994945776], [181,119,0.003179374428], [135,120,-0.705879712852], [136,120,0.708331723830], [156,120,0.705879712852], [157,120,-0.708331723830], [135,121,-0.999999791799], [136,121,-0.000645292724], [159,121,0.999999791799], [160,121,0.000645292724], [135,122,-0.999999444407], [136,122,0.001054128091], [183,122,0.999999444407], [184,122,-0.001054128091], [138,123,0.002191288404], [139,123,-0.999997599125], [141,123,-0.002191288404], [142,123,0.999997599125], [138,124,-0.707149333749], [139,124,-0.707064226064], [165,124,0.707149333749], [166,124,0.707064226064], [141,125,-0.705849077392], [142,125,0.708362251920], [162,125,0.705849077392], [163,125,-0.708362251920], [141,126,-0.999996157778], [142,126,0.002772080460], [165,126,0.999996157778], [166,126,-0.002772080460], [141,127,-0.999998857185], [142,127,0.001511829612], [189,127,0.999998857185], [190,127,-0.001511829612], [144,128,0.002338433602], [145,128,-0.999997265860], [147,128,-0.002338433602], [148,128,0.999997265860], [144,129,-0.001133571148], [145,129,-0.999999357508], [150,129,0.001133571148], [151,129,0.999999357508], [144,130,-0.706611753058], [145,130,-0.707601463001], [171,130,0.706611753058], [172,130,0.707601463001], [150,131,-0.005083308287], [151,131,-0.999987079905], [153,131,0.005083308287], [154,131,0.999987079905], [150,132,-0.999965346167], [151,132,-0.008325050427], [174,132,0.999965346167], [175,132,0.008325050427], [153,133,0.001917749986], [154,133,-0.999998161116], [159,133,-0.001917749986], [160,133,0.999998161116], [153,134,-0.706068911658], [154,134,0.708143129593], [174,134,0.706068911658], [175,134,-0.708143129593], [153,135,-0.999997490693], [154,135,0.002240225142], [177,135,0.999997490693], [178,135,-0.002240225142], [153,136,-0.703947246600], [154,136,-0.710252260824], [180,136,0.703947246600], [181,136,0.710252260824], [156,137,0.001439682029], [157,137,-0.999998963657], [159,137,-0.001439682029], [160,137,0.999998963657], [156,138,-0.999993344368], [157,138,-0.003648454494], [180,138,0.999993344368], [181,138,0.003648454494], [156,139,-0.705404313501], [157,139,-0.708805159754], [183,139,0.705404313501], [184,139,0.708805159754], [159,140,-0.706310971820], [160,140,0.707901695920], [180,140,0.706310971820], [181,140,-0.707901695920], [159,141,-0.999996206450], [160,141,0.002754466575], [183,141,0.999996206450], [184,141,-0.002754466575], [162,142,-0.001039066692], [163,142,-0.999999460170], [165,142,0.001039066692], [166,142,0.999999460170], [162,143,-0.709245630446], [163,143,0.704961442700], [183,143,0.709245630446], [184,143,-0.704961442700], [162,144,-0.999999620313], [163,144,-0.000871420698], [186,144,0.999999620313], [187,144,0.000871420698], [162,145,-0.709384552196], [163,145,-0.704821649147], [189,145,0.709384552196], [190,145,0.704821649147], [165,146,-0.999999966785], [166,146,0.000257739950], [189,146,0.999999966785], [190,146,-0.000257739950], [168,147,0.004266163406], [169,147,-0.999990899883], [171,147,-0.004266163406], [172,147,0.999990899883], [177,148,0.006554199306], [178,148,-0.999978521005], [180,148,-0.006554199306], [181,148,0.999978521005], [177,149,0.003401246716], [178,149,-0.999994215744], [183,149,-0.003401246716], [184,149,0.999994215744], [180,150,0.000223520987], [181,150,-0.999999975019], [183,150,-0.000223520987], [184,150,0.999999975019], [180,151,-0.000056211386], [181,151,-0.999999998420], [186,151,0.000056211386], [187,151,0.999999998420], ]
},
"Q": {
"shape": [152, 152],
"data": [[0,0,2.000000000000], [1,0,0.708708789358], [3,0,0.706513254668], [18,0,0.004376937353], [19,0,-0.003224237673], [0,1,0.708708789358], [1,1,2.000000000000], [4,1,0.704929761920], [18,1,0.702392403431], [20,1,-0.713124322058], [21,1,-0.710716915148], [2,2,2.000000000000], [3,2,-0.705188610358], [4,2,-0.001794146607], [5,2,0.704641201791], [6,2,0.999990535893], [10,2,-0.999993018119], [11,2,0.002900984620], [12,2,-0.702865452802], [0,3,0.706513254668], [2,3,-0.705188610358], [3,3,2.000000000000], [4,3,0.710283833244], [5,3,0.006189802403], [18,3,0.710785395246], [19,3,0.705418164750], [1,4,0.704929761920], [2,4,-0.001794146607], [3,4,0.710283833244], [4,4,2.000000000000], [5,4,0.708298421631], [18,4,-0.009719004332], [20,4,-0.005472637466], [21,4,-0.002044571334], [2,5,0.704641201791], [3,5,0.006189802403], [4,5,0.708298421631], [5,5,2.000000000000], [19,5,0.704411397319], [20,5,0.709778818592], [22,5,-0.003561569546], [23,5,-0.705289209091], [24,5,-0.999995712874], [25,5,-0.710222874400], [2,6,0.999990535893], [6,6,2.000000000000], [7,6,0.999991220143], [8,6,0.704998115232], [9,6,-0.005963349997], [10,6,-0.999967296559], [11,6,0.007251585257], [12,6,-0.699764086740], [6,7,0.999991220143], [7,7,2.000000000000], [8,7,0.707963811295], [9,7,-0.001772950000], [13,7,-0.999993669427], [14,7,-0.999999389699], [15,7,-0.707132673911], [6,8,0.704998115232], [7,8,0.707963811295], [8,8,2.000000000000], [9,8,0.704992416642], [11,8,0.704078176309], [21,8,0.710782393535], [26,8,-0.708131570740], [27,8,0.007460036540], [6,9,-0.005963349997], [7,9,-0.001772950000], [8,9,0.704992416642], [9,9,2.000000000000], [23,9,0.999990164417], [27,9,0.703935838130], [38,9,-0.004015707820], [41,9,-0.008897535413], [46,9,-0.001957967228], [47,9,-0.709163663329], [2,10,-0.999993018119], [6,10,-0.999967296559], [10,10,2.000000000000], [11,10,0.000835825258], [12,10,0.705518620399], [13,10,0.999999942612], [16,10,-0.000111608652], [2,11,0.002900984620], [6,11,0.007251585257], [8,11,0.704078176309], [10,11,0.000835825258], [11,11,2.000000000000], [12,11,0.709280825687], [21,11,0.000937731502], [26,11,0.002823646428], [27,11,-0.704850260353], [2,12,-0.702865452802], [6,12,-0.699764086740], [10,12,0.705518620399], [11,12,0.709280825687], [12,12,2.000000000000], [28,12,-0.700002194907], [29,12,-0.702399660690], [30,12,-0.999981515872], [31,12,-0.711984419239], [7,13,-0.999993669427], [10,13,0.999999942612], [13,13,2.000000000000], [14,13,0.999996990308], [15,13,0.709644164286], [16,13,0.000227178738], [7,14,-0.999999389699], [13,14,0.999996990308], [14,14,2.000000000000], [15,14,0.707913431238], [17,14,0.708007101728], [7,15,-0.707132673911], [13,15,0.709644164286], [14,15,0.707913431238], [15,15,2.000000000000], [17,15,-0.002415482245], [26,15,0.707300631075], [28,15,0.704400160380], [32,15,-0.709143139391], [33,15,0.000466439957], [34,15,-0.707187981480], [10,16,-0.000111608652], [13,16,0.000227178738], [16,16,2.000000000000], [30,16,0.704467859417], [34,16,0.999992250456], [35,16,0.708077172608], [55,16,0.006363826305], [56,16,0.004294967011], [57,16,-0.707023000212], [14,17,0.708007101728], [15,17,-0.002415482245], [17,17,2.000000000000], [26,17,-0.708619287994], [28,17,-0.711502476568], [32,17,0.706775407414], [33,17,-0.999998100613], [34,17,-0.705315308962], [0,18,0.004376937353], [1,18,0.702392403431], [3,18,0.710785395246], [4,18,-0.009719004332], [18,18,2.000000000000], [19,18,0.999971111060], [20,18,-0.999884606490], [21,18,-0.999930808125], [0,19,-0.003224237673], [3,19,0.705418164750], [5,19,0.704411397319], [18,19,0.999971111060], [19,19,2.000000000000], [20,19,0.999971191325], [22,19,0.707278617630], [23,19,0.006371719745], [24,19,-0.706486775419], [25,19,-0.000611968675], [1,20,-0.713124322058], [4,20,-0.005472637466], [5,20,0.709778818592], [18,20,-0.999884606490], [19,20,0.999971191325], [20,20,2.000000000000], [21,20,0.999994124098], [22,20,0.701892213856], [23,20,-0.001218864380], [24,20,-0.711838457202], [25,20,-0.008202504274], [1,21,-0.710716915148], [4,21,-0.002044571334], [8,21,0.710782393535], [11,21,0.000937731502], [18,21,-0.999930808125], [20,21,0.999994124098], [21,21,2.000000000000], [26,21,-0.999992926012], [27,21,0.708694851700], [5,22,-0.003561569546], [19,22,0.707278617630], [20,22,0.701892213856], [22,22,2.000000000000], [23,22,0.711427133603], [24,22,0.000633393598], [25,22,0.706501938240], [37,22,-0.705323296185], [41,22,0.712182494951], [42,22,0.708347549687], [43,22,-0.708267659331], [44,22,0.002720112998], [45,22,-0.706978416459], [5,23,-0.705289209091], [9,23,0.999990164417], [19,23,0.006371719745], [20,23,-0.001218864380], [22,23,0.711427133603], [23,23,2.000000000000], [24,23,0.703210341492], [25,23,0.999975613846], [27,23,0.707079081107], [38,23,-0.008450840476], [41,23,-0.013332480251], [46,23,0.002477251441], [47,23,-0.706029672014], [5,24,-0.999995712874], [19,24,-0.706486775419], [20,24,-0.711838457202], [22,24,0.000633393598], [23,24,0.703210341492], [24,24,2.000000000000], [25,24,0.708158459049], [42,24,0.705415027270], [46,24,0.709237656890], [48,24,-0.003768250623], [49,24,-0.705005556443], [50,24,-0.999989981732], [51,24,-0.706708794307], [5,25,-0.710222874400], [19,25,-0.000611968675], [20,25,-0.008202504274], [22,25,0.706501938240], [23,25,0.999975613846], [24,25,0.708158459049], [25,25,2.000000000000], [44,25,0.705786723914], [48,25,0.708717042493], [68,25,0.007388651050], [72,25,-0.004399707785], [73,25,0.001306076235], [8,26,-0.708131570740], [11,26,0.002823646428], [15,26,0.707300631075], [17,26,-0.708619287994], [21,26,-0.999992926012], [26,26,2.000000000000], [27,26,-0.711343543950], [28,26,0.999991616998], [32,26,-0.999996594408], [33,26,0.707242714517], [34,26,-0.000389023872], [8,27,0.007460036540], [9,27,0.703935838130], [11,27,-0.704850260353], [21,27,0.708694851700], [23,27,0.707079081107], [26,27,-0.711343543950], [27,27,2.000000000000], [38,27,-0.713084641641], [41,27,-0.716498746917], [46,27,0.708883923088], [47,27,0.001561277013], [12,28,-0.700002194907], [15,28,0.704400160380], [17,28,-0.711502476568], [26,28,0.999991616998], [28,28,2.000000000000], [29,28,0.999994346190], [30,28,0.704331320288], [31,28,-0.003075554101], [32,28,-0.999977525196], [33,28,0.710131564349], [34,28,0.003705601601], [12,29,-0.702399660690], [28,29,0.999994346190], [29,29,2.000000000000], [30,29,0.706714405321], [31,29,0.000287122961], [32,29,0.999994416267], [35,29,0.709159021989], [36,29,0.005064289373], [12,30,-0.999981515872], [16,30,0.704467859417], [28,30,0.704331320288], [29,30,0.706714405321], [30,30,2.000000000000], [31,30,0.707701824211], [34,30,0.707256545570], [35,30,-0.002351783244], [55,30,-0.705238408269], [56,30,-0.706703678648], [57,30,-0.999993496253], [12,31,-0.711984419239], [28,31,-0.003075554101], [29,31,0.000287122961], [30,31,0.707701824211], [31,31,2.000000000000], [50,31,0.704995143887], [52,31,0.999987684032], [73,31,-0.001300123636], [76,31,-0.706811150786], [15,32,-0.709143139391], [17,32,0.706775407414], [26,32,-0.999996594408], [28,32,-0.999977525196], [29,32,0.999994416267], [32,32,2.000000000000], [33,32,-0.705395237620], [34,32,0.002998844793], [35,32,0.706798951215], [36,32,0.001722532714], [15,33,0.000466439957], [17,33,-0.999998100613], [26,33,0.707242714517], [28,33,0.710131564349], [32,33,-0.705395237620], [33,33,2.000000000000], [34,33,0.706695633923], [52,33,-0.702727374181], [53,33,0.003391087815], [54,33,-0.706757706406], [15,34,-0.707187981480], [16,34,0.999992250456], [17,34,-0.705315308962], [26,34,-0.000389023872], [28,34,0.003705601601], [30,34,0.707256545570], [32,34,0.002998844793], [33,34,0.706695633923], [34,34,2.000000000000], [35,34,0.705291715932], [55,34,0.002426976111], [56,34,0.000358089443], [57,34,-0.709801645869], [16,35,0.708077172608], [29,35,0.709159021989], [30,35,-0.002351783244], [32,35,0.706798951215], [34,35,0.705291715932], [35,35,2.000000000000], [36,35,0.708630912031], [55,35,0.710626837589], [56,35,0.709169711348], [57,35,-0.001254806594], [29,36,0.005064289373], [32,36,0.001722532714], [35,36,0.708630912031], [36,36,2.000000000000], [57,36,0.706467997316], [60,36,0.999987161604], [62,36,0.710436928727], [77,36,-0.000877260219], [79,36,-0.999990942471], [22,37,-0.705323296185], [37,37,2.000000000000], [38,37,0.999988281028], [39,37,0.004698172116], [40,37,0.004285589418], [41,37,-0.999952729928], [42,37,-0.999990860862], [43,37,-0.000875978192], [44,37,-0.710801715667], [45,37,-0.002700573898], [9,38,-0.004015707820], [23,38,-0.008450840476], [27,38,-0.713084641641], [37,38,0.999988281028], [38,38,2.000000000000], [39,38,-0.000143090289], [40,38,-0.000555677124], [41,38,0.999988083383], [46,38,-0.999982157584], [47,38,-0.702190419531], [37,39,0.004698172116], [38,39,-0.000143090289], [39,39,2.000000000000], [40,39,0.999999914886], [65,39,-0.999999660318], [66,39,-0.706469038310], [67,39,-0.999997671606], [37,40,0.004285589418], [38,40,-0.000555677124], [39,40,0.999999914886], [40,40,2.000000000000], [65,40,0.999999915273], [70,40,0.709186169246], [80,40,0.004457405640], [81,40,0.000794148031], [9,41,-0.008897535413], [22,41,0.712182494951], [23,41,-0.013332480251], [27,41,-0.716498746917], [37,41,-0.999952729928], [38,41,0.999988083383], [41,41,2.000000000000], [42,41,0.999985160226], [43,41,-0.008847120169], [44,41,0.703928988665], [45,41,-0.007022578987], [46,41,-0.999941078322], [47,41,-0.698706181198], [22,42,0.708347549687], [24,42,0.705415027270], [37,42,-0.999990860862], [41,42,0.999985160226], [42,42,2.000000000000], [43,42,-0.003399328423], [44,42,0.707788005689], [45,42,-0.001574735443], [46,42,0.999985378314], [48,42,0.706131284256], [49,42,0.005356805580], [50,42,-0.708580671653], [51,42,0.002952324278], [22,43,-0.708267659331], [37,43,-0.000875978192], [41,43,-0.008847120169], [42,43,-0.003399328423], [43,43,2.000000000000], [44,43,0.704014814341], [45,43,0.999998335420], [68,43,-0.004890606892], [69,43,-0.003406193444], [70,43,-0.711585899830], [71,43,-0.999993412272], [22,44,0.002720112998], [25,44,0.705786723914], [37,44,-0.710801715667], [41,44,0.703928988665], [42,44,0.707788005689], [43,44,0.704014814341], [44,44,2.000000000000], [45,44,0.705309445009], [48,44,0.000414749536], [68,44,0.713619853053], [72,44,-0.711522777381], [73,44,-0.707501963213], [22,45,-0.706978416459], [37,45,-0.002700573898], [41,45,-0.007022578987], [42,45,-0.001574735443], [43,45,0.999998335420], [44,45,0.705309445009], [45,45,2.000000000000], [66,45,0.705053831722], [71,45,0.999998370619], [80,45,-0.006042408987], [82,45,-0.706136434621], [83,45,-0.999996800906], [9,46,-0.001957967228], [23,46,0.002477251441], [24,46,0.709237656890], [27,46,0.708883923088], [38,46,-0.999982157584], [41,46,-0.999941078322], [42,46,0.999985378314], [46,46,2.000000000000], [47,46,0.706431066129], [48,46,0.702291874180], [49,46,-0.000050889477], [50,46,-0.712386141336], [51,46,-0.002455389643], [9,47,-0.709163663329], [23,47,-0.706029672014], [27,47,0.001561277013], [38,47,-0.702190419531], [41,47,-0.698706181198], [46,47,0.706431066129], [47,47,2.000000000000], [49,47,0.707817800134], [69,47,0.707419723275], [72,47,0.706355502415], [74,47,-0.002640410385], [75,47,-0.711214594678], [24,48,-0.003768250623], [25,48,0.708717042493], [42,48,0.706131284256], [44,48,0.000414749536], [46,48,0.702291874180], [48,48,2.000000000000], [49,48,0.711853382822], [50,48,-0.000707963095], [51,48,0.710162576845], [68,48,-0.700237124153], [72,48,0.702367868342], [73,48,0.706417881286], [24,49,-0.705005556443], [42,49,0.005356805580], [46,49,-0.000050889477], [47,49,0.707817800134], [48,49,0.711853382822], [49,49,2.000000000000], [50,49,0.701823959004], [51,49,0.999997109185], [69,49,0.001448703295], [72,49,-0.000055866141], [74,49,-0.708261513621], [75,49,-0.999988382412], [24,50,-0.999989981732], [31,50,0.704995143887], [42,50,-0.708580671653], [46,50,-0.712386141336], [48,50,-0.000707963095], [49,50,0.701823959004], [50,50,2.000000000000], [51,50,0.703534776987], [52,50,0.708506310691], [73,50,0.708294950990], [76,50,0.003399855394], [24,51,-0.706708794307], [42,51,0.002952324278], [46,51,-0.002455389643], [48,51,0.710162576845], [49,51,0.999997109185], [50,51,0.703534776987], [51,51,2.000000000000], [75,51,0.999997081981], [76,51,0.708264807811], [84,51,0.006037838716], [88,51,0.008369682350], [89,51,0.003365779288], [31,52,0.999987684032], [33,52,-0.702727374181], [50,52,0.708506310691], [52,52,2.000000000000], [53,52,0.709072130190], [54,52,0.999983864015], [73,52,0.003662930051], [76,52,-0.703291578549], [33,53,0.003391087815], [52,53,0.709072130190], [53,53,2.000000000000], [54,53,0.705054938582], [59,53,-0.003135319583], [77,53,-0.711796136062], [78,53,-0.707961499827], [33,54,-0.706757706406], [52,54,0.999983864015], [53,54,0.705054938582], [54,54,2.000000000000], [85,54,0.000160563037], [88,54,-0.007030471802], [90,54,-0.002986963453], [91,54,-0.002924409858], [92,54,-0.708415845107], [93,54,-0.999997277374], [94,54,-0.709543035627], [16,55,0.006363826305], [30,55,-0.705238408269], [34,55,0.002426976111], [35,55,0.710626837589], [55,55,2.000000000000], [56,55,0.999997859850], [57,55,0.702676860521], [58,55,-0.999991341472], [59,55,0.709050404500], [60,55,0.012215290312], [61,55,-0.705353591830], [16,56,0.004294967011], [30,56,-0.706703678648], [34,56,0.000358089443], [35,56,0.709169711348], [55,56,0.999997859850], [56,56,2.000000000000], [57,56,0.704147389062], [58,56,0.999997810742], [62,56,0.707360426120], [63,56,-0.004105988046], [64,56,-0.000307905968], [16,57,-0.707023000212], [30,57,-0.999993496253], [34,57,-0.709801645869], [35,57,-0.001254806594], [36,57,0.706467997316], [55,57,0.702676860521], [56,57,0.704147389062], [57,57,2.000000000000], [60,57,0.702872634152], [62,57,0.003817721299], [77,57,0.707124959911], [79,57,-0.709473880786], [55,58,-0.999991341472], [56,58,0.999997810742], [58,58,2.000000000000], [59,58,-0.706109844335], [60,58,-0.008054127413], [61,58,0.708297293384], [62,58,0.705879795269], [63,58,-0.006198450468], [64,58,-0.002400394245], [53,59,-0.003135319583], [55,59,0.709050404500], [58,59,-0.706109844335], [59,59,2.000000000000], [60,59,0.713766445800], [61,59,-0.000276169404], [77,59,0.704614375420], [78,59,0.708467242391], [36,60,0.999987161604], [55,60,0.012215290312], [57,60,0.702872634152], [58,60,-0.008054127413], [59,60,0.713766445800], [60,60,2.000000000000], [61,60,0.700186648231], [62,60,0.713993912764], [77,60,-0.005944458087], [79,60,-0.999956537284], [55,61,-0.705353591830], [58,61,0.708297293384], [59,61,-0.000276169404], [60,61,0.700186648231], [61,61,2.000000000000], [63,61,0.710291045882], [78,61,0.705939327490], [36,62,0.710436928727], [56,62,0.707360426120], [57,62,0.003817721299], [58,62,0.705879795269], [60,62,0.713993912764], [62,62,2.000000000000], [63,62,0.703942673291], [64,62,0.706635211232], [77,62,-0.704383843049], [79,62,-0.707435168657], [56,63,-0.004105988046], [58,63,-0.006198450468], [61,63,0.710291045882], [62,63,0.703942673291], [63,63,2.000000000000], [64,63,0.999992787251], [78,63,0.002863758345], [56,64,-0.000307905968], [58,64,-0.002400394245], [62,64,0.706635211232], [63,64,0.999992787251], [64,64,2.000000000000], [102,64,-0.703486812262], [103,64,-0.999989918422], [39,65,-0.999999660318], [40,65,0.999999915273], [65,65,2.000000000000], [66,65,0.705885451023], [67,65,0.999999110589], [70,65,0.709476329882], [80,65,0.004869049359], [81,65,0.001205796020], [39,66,-0.706469038310], [45,66,0.705053831722], [65,66,0.705885451023], [66,66,2.000000000000], [67,66,0.704940111621], [71,66,0.706332849602], [80,66,0.704880617954], [82,66,0.004270435058], [83,66,-0.703257798635], [39,67,-0.999997671606], [65,67,0.999999110589], [66,67,0.704940111621], [67,67,2.000000000000], [82,67,0.706249963728], [104,67,-0.999999869447], [105,67,-0.707378911519], [25,68,0.007388651050], [43,68,-0.004890606892], [44,68,0.713619853053], [48,68,-0.700237124153], [68,68,2.000000000000], [69,68,0.999998898239], [70,68,-0.699110619076], [71,68,0.008520326343], [72,68,-0.999995532954], [73,68,-0.999962200509], [43,69,-0.003406193444], [47,69,0.707419723275], [49,69,0.001448703295], [68,69,0.999998898239], [69,69,2.000000000000], [70,69,-0.700171233357], [71,69,0.007035945026], [72,69,0.999998868135], [74,69,0.704923358351], [75,69,-0.006268955409], [40,70,0.709186169246], [43,70,-0.711585899830], [65,70,0.709476329882], [68,70,-0.699110619076], [69,70,-0.700171233357], [70,70,2.000000000000], [71,70,0.709030921310], [80,70,0.708175386762], [81,70,0.705584236693], [43,71,-0.999993412272], [45,71,0.999998370619], [66,71,0.706332849602], [68,71,0.008520326343], [69,71,0.007035945026], [70,71,0.709030921310], [71,71,2.000000000000], [80,71,-0.004237228905], [82,71,-0.704857063366], [83,71,-0.999990605338], [25,72,-0.004399707785], [44,72,-0.711522777381], [47,72,0.706355502415], [48,72,0.702367868342], [49,72,-0.000055866141], [68,72,-0.999995532954], [69,72,0.999998868135], [72,72,2.000000000000], [73,72,0.999983721975], [74,72,0.705989726679], [75,72,-0.004764408504], [25,73,0.001306076235], [31,73,-0.001300123636], [44,73,-0.707501963213], [48,73,0.706417881286], [50,73,0.708294950990], [52,73,0.003662930051], [68,73,-0.999962200509], [72,73,0.999983721975], [73,73,2.000000000000], [76,73,0.708320632054], [47,74,-0.002640410385], [49,74,-0.708261513621], [69,74,0.704923358351], [72,74,0.705989726679], [74,74,2.000000000000], [75,74,0.704850412127], [81,74,-0.710300522416], [84,74,0.703372127748], [85,74,0.708483458116], [86,74,-0.708878593367], [87,74,-0.001038275907], [47,75,-0.711214594678], [49,75,-0.999988382412], [51,75,0.999997081981], [69,75,-0.006268955409], [72,75,-0.004764408504], [74,75,0.704850412127], [75,75,2.000000000000], [76,75,0.706557323360], [84,75,0.008453564750], [88,75,0.005953954856], [89,75,0.000949995463], [31,76,-0.706811150786], [50,76,0.003399855394], [51,76,0.708264807811], [52,76,-0.703291578549], [73,76,0.708320632054], [75,76,0.706557323360], [76,76,2.000000000000], [84,76,-0.701657598335], [88,76,0.711850079632], [89,76,0.708326719313], [36,77,-0.000877260219], [53,77,-0.711796136062], [57,77,0.707124959911], [59,77,0.704614375420], [60,77,-0.005944458087], [62,77,-0.704383843049], [77,77,2.000000000000], [78,77,0.999985179023], [79,77,-0.003378915153], [53,78,-0.707961499827], [59,78,0.708467242391], [61,78,0.705939327490], [63,78,0.002863758345], [77,78,0.999985179023], [78,78,2.000000000000], [36,79,-0.999990942471], [57,79,-0.709473880786], [60,79,-0.999956537284], [62,79,-0.707435168657], [77,79,-0.003378915153], [79,79,2.000000000000], [97,79,0.708701930126], [100,79,0.999999730983], [102,79,0.704290312656], [117,79,-0.001170537685], [123,79,0.001432105510], [124,79,-0.707685921870], [40,80,0.004457405640], [45,80,-0.006042408987], [65,80,0.004869049359], [66,80,0.704880617954], [70,80,0.708175386762], [71,80,-0.004237228905], [80,80,2.000000000000], [81,80,0.999993290226], [82,80,0.712329636838], [83,80,0.008571805475], [40,81,0.000794148031], [65,81,0.001205796020], [70,81,0.705584236693], [74,81,-0.710300522416], [80,81,0.999993290226], [81,81,2.000000000000], [84,81,-0.999952032884], [85,81,-0.999996676757], [86,81,0.007035706604], [87,81,-0.703160682080], [45,82,-0.706136434621], [66,82,0.004270435058], [67,82,0.706249963728], [71,82,-0.704857063366], [80,82,0.712329636838], [82,82,2.000000000000], [83,82,0.707925226445], [104,82,-0.706611630215], [105,82,0.000826065325], [45,83,-0.999996800906], [66,83,-0.703257798635], [71,83,-0.999990605338], [80,83,0.008571805475], [82,83,0.707925226445], [83,83,2.000000000000], [105,83,0.705702354053], [109,83,0.999999135984], [112,83,0.706465155444], [128,83,-0.003692901419], [51,84,0.006037838716], [74,84,0.703372127748], [75,84,0.008453564750], [76,84,-0.701657598335], [81,84,-0.999952032884], [84,84,2.000000000000], [85,84,0.999973960724], [86,84,0.002758873195], [87,84,0.710091135577], [88,84,-0.999896211527], [89,84,-0.999955785905], [54,85,0.000160563037], [74,85,0.708483458116], [81,85,-0.999996676757], [84,85,0.999973960724], [85,85,2.000000000000], [86,85,-0.004457671257], [87,85,0.704991437052], [88,85,0.999974144204], [90,85,-0.999996005720], [91,85,-0.999996180566], [92,85,0.705681534805], [93,85,0.002172941981], [94,85,-0.704776021145], [74,86,-0.708878593367], [81,86,0.007035706604], [84,86,0.002758873195], [85,86,-0.004457671257], [86,86,2.000000000000], [87,86,0.706066149558], [106,86,-0.002458977213], [112,86,-0.707969025196], [113,86,-0.999971663384], [74,87,-0.001038275907], [81,87,-0.703160682080], [84,87,0.710091135577], [85,87,0.704991437052], [86,87,0.706066149558], [87,87,2.000000000000], [92,87,0.005000647488], [107,87,0.705542084089], [114,87,-0.706524106154], [115,87,0.000668803481], [51,88,0.008369682350], [54,88,-0.007030471802], [75,88,0.005953954856], [76,88,0.711850079632], [84,88,-0.999896211527], [85,88,0.999974144204], [88,88,2.000000000000], [89,88,0.999987480046], [90,88,-0.999949825290], [91,88,-0.999950449957], [92,88,0.710758343850], [93,88,0.009363899602], [94,88,-0.699656266469], [51,89,0.003365779288], [75,89,0.000949995463], [76,89,0.708326719313], [84,89,-0.999955785905], [88,89,0.999987480046], [89,89,2.000000000000], [90,89,0.999987432419], [95,89,0.707868176580], [96,89,-0.000630989530], [97,89,-0.703802269463], [98,89,0.000936195016], [54,90,-0.002986963453], [85,90,-0.999996005720], [88,90,-0.999949825290], [89,90,0.999987432419], [90,90,2.000000000000], [91,90,0.999999998044], [92,90,-0.703676128521], [93,90,0.000653461119], [94,90,0.706778339472], [95,90,0.704318034496], [96,90,-0.005644462787], [97,90,-0.707354981668], [98,90,-0.004077296737], [54,91,-0.002924409858], [85,91,-0.999996180566], [88,91,-0.999950449957], [90,91,0.999999998044], [91,91,2.000000000000], [92,91,-0.703720572974], [93,91,0.000590907263], [94,91,0.706734085289], [99,91,0.701686877337], [100,91,-0.003280451583], [101,91,-0.001502751946], [54,92,-0.708415845107], [85,92,0.705681534805], [87,92,0.005000647488], [88,92,0.710758343850], [90,92,-0.703676128521], [91,92,-0.703720572974], [92,92,2.000000000000], [93,92,0.710060892918], [94,92,0.005304335780], [107,92,-0.705130995583], [114,92,0.704147050019], [115,92,-0.999983928587], [54,93,-0.999997277374], [85,93,0.002172941981], [88,93,0.009363899602], [90,93,0.000653461119], [91,93,0.000590907263], [92,93,0.710060892918], [93,93,2.000000000000], [94,93,0.707896771538], [95,93,0.709424176492], [116,93,-0.000032897408], [117,93,0.003126575256], [118,93,-0.703771148918], [119,93,-0.999990424286], [54,94,-0.709543035627], [85,94,-0.704776021145], [88,94,-0.699656266469], [90,94,0.706778339472], [91,94,0.706734085289], [92,94,0.005304335780], [93,94,0.707896771538], [94,94,2.000000000000], [96,94,0.711413184934], [99,94,0.008162665119], [114,94,0.706309153865], [116,94,0.706339194845], [120,94,-0.000580863833], [121,94,-0.709196710232], [122,94,-0.707997576763], [89,95,0.707868176580], [90,95,0.704318034496], [93,95,0.709424176492], [95,95,2.000000000000], [96,95,0.705897767034], [97,95,0.003585069140], [98,95,0.707006958175], [116,95,0.704758427489], [117,95,0.706996389368], [118,95,0.001423553187], [119,95,-0.706333100331], [89,96,-0.000630989530], [90,96,-0.005644462787], [94,96,0.711413184934], [95,96,0.705897767034], [96,96,2.000000000000], [97,96,0.710839872094], [98,96,0.999998771966], [99,96,0.708557604089], [114,96,0.004981470955], [116,96,0.005023907868], [120,96,-0.703187105119], [121,96,-0.999995042280], [122,96,-0.999988247009], [79,97,0.708701930126], [89,97,-0.703802269463], [90,97,-0.707354981668], [95,97,0.003585069140], [96,97,0.710839872094], [97,97,2.000000000000], [98,97,0.709736714157], [100,97,0.709219235047], [102,97,-0.001716763089], [117,97,0.704677979989], [123,97,-0.704492366224], [124,97,-0.999998964540], [89,98,0.000936195016], [90,98,-0.004077296737], [95,98,0.707006958175], [96,98,0.999998771966], [97,98,0.709736714157], [98,98,2.000000000000], [118,98,0.706199411521], [121,98,0.999998749119], [133,98,0.000309237464], [137,98,0.000787306022], [140,98,-0.704732732629], [141,98,-0.999987592560], [91,99,0.701686877337], [94,99,0.008162665119], [96,99,0.708557604089], [99,99,2.000000000000], [100,99,0.710179773320], [101,99,0.711430191005], [114,99,-0.702114560811], [116,99,-0.702084342003], [120,99,-0.999971257595], [121,99,-0.710776104541], [122,99,-0.711970481493], [79,100,0.999999730983], [91,100,-0.003280451583], [97,100,0.709219235047], [99,100,0.710179773320], [100,100,2.000000000000], [101,100,0.999998419883], [102,100,0.703769397212], [117,100,-0.000437030166], [123,100,0.000698598170], [124,100,-0.708203974612], [91,101,-0.001502751946], [