{
"N": {
"shape": [192, 151],
"data": [[0,0,-0.000603108901], [1,0,-0.999999818130], [3,0,0.000603108901], [4,0,0.999999818130], [3,1,-0.999992833504], [4,1,0.003785887018], [27,1,0.999992833504], [28,1,-0.003785887018], [3,2,-0.705384655502], [4,2,-0.708824722892], [30,2,0.705384655502], [31,2,0.708824722892], [3,3,-0.999999598134], [4,3,0.000896510524], [51,3,0.999999598134], [52,3,-0.000896510524], [6,4,0.000386359334], [7,4,-0.999999925363], [12,4,-0.000386359334], [13,4,0.999999925363], [6,5,-0.706217903102], [7,5,0.707994543296], [27,5,0.706217903102], [28,5,-0.707994543296], [9,6,0.003552825586], [10,6,-0.999993688695], [12,6,-0.003552825586], [13,6,0.999993688695], [9,7,-0.001770597790], [10,7,-0.999998432491], [15,7,0.001770597790], [16,7,0.999998432491], [12,8,-0.001984812281], [13,8,-0.999998030258], [18,8,0.001984812281], [19,8,0.999998030258], [12,9,-0.708230722187], [13,9,0.705981050844], [33,9,0.708230722187], [34,9,-0.705981050844], [12,10,-0.999999670828], [13,10,0.000811383755], [36,10,0.999999670828], [37,10,-0.000811383755], [12,11,-0.710929367746], [13,11,-0.703263417274], [39,11,0.710929367746], [40,11,0.703263417274], [12,12,-0.999995249064], [13,12,0.003082507054], [60,12,0.999995249064], [61,12,-0.003082507054], [15,13,0.003143294822], [16,13,-0.999995059837], [18,13,-0.003143294822], [19,13,0.999995059837], [15,14,0.004157319246], [16,14,-0.999991358311], [21,14,-0.004157319246], [22,14,0.999991358311], [15,15,-0.706918114418], [16,15,0.707295397629], [36,15,0.706918114418], [37,15,-0.707295397629], [15,16,-0.999998647404], [16,16,-0.001644746428], [39,16,0.999998647404], [40,16,0.001644746428], [15,17,-0.706335468131], [16,17,-0.707877253809], [42,17,0.706335468131], [43,17,0.707877253809], [18,18,0.005167766286], [19,18,-0.999986647007], [21,18,-0.005167766286], [22,18,0.999986647007], [18,19,-0.709910577288], [19,19,0.704291823220], [39,19,0.709910577288], [40,19,-0.704291823220], [18,20,-0.999996969405], [19,20,-0.002461946420], [66,20,0.999996969405], [67,20,0.002461946420], [24,21,-0.999999827438], [25,21,-0.000587472820], [48,21,0.999999827438], [49,21,0.000587472820], [24,22,-0.706124782397], [25,22,-0.708087418110], [51,22,0.706124782397], [52,22,0.708087418110], [24,23,-0.999999890017], [25,23,0.000469004593], [72,23,0.999999890017], [73,23,-0.000469004593], [27,24,0.000796251697], [28,24,-0.999999682992], [30,24,-0.000796251697], [31,24,0.999999682992], [30,25,-0.704967181792], [31,25,0.709239925975], [51,25,0.704967181792], [52,25,-0.709239925975], [33,26,0.001741984801], [34,26,-0.999998482743], [36,26,-0.001741984801], [37,26,0.999998482743], [33,27,-0.001700140365], [34,27,-0.999998554760], [39,27,0.001700140365], [40,27,0.999998554760], [33,28,-0.999999926491], [34,28,-0.000383430198], [57,28,0.999999926491], [58,28,0.000383430198], [33,29,-0.710102982246], [34,29,-0.704097830281], [60,29,0.710102982246], [61,29,0.704097830281], [33,30,-0.999999625541], [34,30,0.000865400499], [81,30,0.999999625541], [82,30,-0.000865400499], [36,31,-0.005151355391], [37,31,-0.999986731681], [39,31,0.005151355391], [40,31,0.999986731681], [36,32,-0.001169723011], [37,32,-0.999999315874], [42,32,0.001169723011], [43,32,0.999999315874], [36,33,-0.999985700805], [37,33,0.005347727120], [60,33,0.999985700805], [61,33,-0.005347727120], [39,34,-0.706043483707], [40,34,0.708168482153], [60,34,0.706043483707], [61,34,-0.708168482153], [42,35,-0.705472796864], [43,35,0.708736998389], [63,35,0.705472796864], [64,35,-0.708736998389], [42,36,-0.999997145354], [43,36,-0.002389410880], [66,36,0.999997145354], [67,36,0.002389410880], [42,37,-0.707493194197], [43,37,-0.706720156897], [69,37,0.707493194197], [70,37,0.706720156897], [42,38,-0.999999799242], [43,38,-0.000633652347], [90,38,0.999999799242], [91,38,0.000633652347], [45,39,-0.999988642871], [46,39,0.004765934237], [69,39,0.999988642871], [70,39,-0.004765934237], [48,40,0.004282184528], [49,40,-0.999990831406], [54,40,-0.004282184528], [55,40,0.999990831406], [48,41,-0.999998823958], [49,41,0.001533650129], [72,41,0.999998823958], [73,41,-0.001533650129], [51,42,0.002495479252], [52,42,-0.999996886287], [54,42,-0.002495479252], [55,42,0.999996886287], [54,43,-0.000507197843], [55,43,-0.999999871375], [57,43,0.000507197843], [58,43,0.999999871375], [54,44,-0.999999909966], [55,44,0.000424344713], [102,44,0.999999909966], [103,44,-0.000424344713], [57,45,-0.706340709641], [58,45,0.707872023676], [78,45,0.706340709641], [79,45,-0.707872023676], [57,46,-0.999997794552], [58,46,0.002100212260], [81,46,0.999997794552], [82,46,-0.002100212260], [57,47,-0.707524659428], [58,47,-0.706688655846], [84,47,0.707524659428], [85,47,0.706688655846], [57,48,-0.999996121949], [58,48,0.002784975112], [105,48,0.999996121949], [106,48,-0.002784975112], [60,49,-0.708986236104], [61,49,0.705222317439], [81,49,0.708986236104], [82,49,-0.705222317439], [63,50,-0.001223361490], [64,50,-0.999999251693], [66,50,0.001223361490], [67,50,0.999999251693], [63,51,-0.002107148246], [64,51,-0.999997779961], [69,51,0.002107148246], [70,51,0.999997779961], [63,52,-0.708550753047], [64,52,0.705659854573], [84,52,0.708550753047], [85,52,-0.705659854573], [63,53,-0.999965570076], [64,53,-0.008298111983], [87,53,0.999965570076], [88,53,0.008298111983], [63,54,-0.705887692918], [64,54,-0.708323771299], [90,54,0.705887692918], [91,54,0.708323771299], [63,55,-0.999996526684], [64,55,-0.002635644094], [111,55,0.999996526684], [112,55,0.002635644094], [66,56,-0.002996474584], [67,56,-0.999995510560], [69,56,0.002996474584], [70,56,0.999995510560], [66,57,-0.709068920526], [67,57,0.705139181966], [87,57,0.709068920526], [88,57,-0.705139181966], [66,58,-0.999999370378], [67,58,0.001122160400], [90,58,0.999999370378], [91,58,-0.001122160400], [66,59,-0.999997713882], [67,59,-0.002138277489], [114,59,0.999997713882], [115,59,0.002138277489], [69,60,-0.705812037454], [70,60,0.708399158515], [90,60,0.705812037454], [91,60,-0.708399158515], [69,61,-0.999998014561], [70,61,-0.001992705388], [93,61,0.999998014561], [94,61,0.001992705388], [72,62,-0.005264629296], [73,62,-0.999986141743], [75,62,0.005264629296], [76,62,0.999986141743], [72,63,-0.999999716140], [73,63,0.000753471601], [120,63,0.999999716140], [121,63,-0.000753471601], [75,64,-0.704519641814], [76,64,0.709684489262], [96,64,0.704519641814], [97,64,-0.709684489262], [75,65,-0.999999504677], [76,65,0.000995311632], [99,65,0.999999504677], [100,65,-0.000995311632], [75,66,-0.704490456727], [76,66,-0.709713460757], [102,66,0.704490456727], [103,66,0.709713460757], [75,67,-0.999999322097], [76,67,0.001164390469], [123,67,0.999999322097], [124,67,-0.001164390469], [78,68,-0.707044754708], [79,68,0.707168802225], [99,68,0.707044754708], [100,68,-0.707168802225], [78,69,-0.999999431237], [79,69,-0.001066548673], [102,69,0.999999431237], [103,69,0.001066548673], [78,70,-0.999997307799], [79,70,0.002320429872], [126,70,0.999997307799], [127,70,-0.002320429872], [81,71,0.008298726100], [82,71,-0.999965564980], [84,71,-0.008298726100], [85,71,0.999965564980], [81,72,0.001089157197], [82,72,-0.999999406868], [87,72,-0.001089157197], [88,72,0.999999406868], [81,73,-0.705140873270], [82,73,0.709067238592], [102,73,0.705140873270], [103,73,-0.709067238592], [81,74,-0.999995237202], [82,74,0.003086352662], [129,74,0.999995237202], [130,74,-0.003086352662], [84,75,-0.006111995102], [85,75,-0.999981321583], [87,75,0.006111995102], [88,75,0.999981321583], [84,76,-0.001547797799], [85,76,-0.999998802160], [90,76,0.001547797799], [91,76,0.999998802160], [84,77,-0.999979991457], [85,77,0.006325874343], [108,77,0.999979991457], [109,77,-0.006325874343], [84,78,-0.708916012289], [85,78,-0.705292909025], [111,78,0.708916012289], [112,78,0.705292909025], [87,79,-0.704967309027], [88,79,0.709239799506], [108,79,0.704967309027], [109,79,-0.709239799506], [90,80,-0.999985488693], [91,80,-0.005387244518], [114,80,0.999985488693], [115,80,0.005387244518], [90,81,-0.999999742424], [91,81,-0.000717741481], [138,81,0.999999742424], [139,81,0.000717741481], [93,82,-0.707464314986], [94,82,0.706749066516], [114,82,0.707464314986], [115,82,-0.706749066516], [96,83,-0.999997924477], [97,83,0.002037410521], [120,83,0.999997924477], [121,83,-0.002037410521], [96,84,-0.999998152406], [97,84,-0.001922286480], [144,84,0.999998152406], [145,84,0.001922286480], [99,85,-0.704649898879], [100,85,0.709555156425], [120,85,0.704649898879], [121,85,-0.709555156425], [99,86,-0.999999111739], [100,86,0.001332861741], [123,86,0.999999111739], [124,86,-0.001332861741], [99,87,-0.706920312859], [100,87,-0.707293200354], [126,87,0.706920312859], [127,87,0.707293200354], [99,88,-0.999996449415], [100,88,-0.002664799809], [147,88,0.999996449415], [148,88,0.002664799809], [102,89,0.003668621387], [103,89,-0.999993270586], [105,89,-0.003668621387], [106,89,0.999993270586], [102,90,-0.001709395985], [103,90,-0.999998538982], [108,90,0.001709395985], [109,90,0.999998538982], [102,91,-0.706544513233], [103,91,0.707668602398], [123,91,0.706544513233], [124,91,-0.707668602398], [102,92,-0.999983703827], [103,92,0.005708947438], [126,92,0.999983703827], [127,92,-0.005708947438], [102,93,-0.709784270068], [103,93,-0.704419115275], [129,93,0.709784270068], [130,93,0.704419115275], [105,94,-0.007092227859], [106,94,-0.999974849836], [108,94,0.007092227859], [109,94,0.999974849836], [105,95,-0.001360560129], [106,95,-0.999999074438], [111,95,0.001360560129], [112,95,0.999999074438], [105,96,-0.707205968382], [106,96,0.707007580076], [126,96,0.707205968382], [127,96,-0.707007580076], [105,97,-0.999996360057], [106,97,0.002698123771], [129,97,0.999996360057], [130,97,-0.002698123771], [105,98,-0.709737878480], [106,98,-0.704465857122], [132,98,0.709737878480], [133,98,0.704465857122], [105,99,-0.999999335058], [106,99,0.001153205998], [153,99,0.999999335058], [154,99,-0.001153205998], [108,100,0.004328814336], [109,100,-0.999990630639], [111,100,-0.004328814336], [112,100,0.999990630639], [108,101,-0.705621310827], [109,101,-0.708589137446], [135,101,0.705621310827], [136,101,0.708589137446], [111,102,-0.001905381400], [112,102,-0.999998184759], [117,102,0.001905381400], [118,102,0.999998184759], [111,103,-0.708848182323], [112,103,0.705361080878], [132,103,0.708848182323], [133,103,-0.705361080878], [111,104,-0.999999149291], [112,104,-0.001304383879], [159,104,0.999999149291], [160,104,0.001304383879], [114,105,-0.001691884990], [115,105,-0.999998568762], [117,105,0.001691884990], [118,105,0.999998568762], [114,106,-0.999992148534], [115,106,0.003962684866], [138,106,0.999992148534], [139,106,-0.003962684866], [117,107,-0.707033851836], [118,107,0.707179703016], [138,107,0.707033851836], [139,107,-0.707179703016], [117,108,-0.999999386646], [118,108,-0.001107568331], [141,108,0.999999386646], [142,108,0.001107568331], [117,109,-0.999998403633], [118,109,-0.001786821771], [165,109,0.999998403633], [166,109,0.001786821771], [123,110,0.003717529015], [124,110,-0.999993089965], [126,110,-0.003717529015], [127,110,0.999993089965], [123,111,0.000591632207], [124,111,-0.999999824986], [129,111,-0.000591632207], [130,111,0.999999824986], [126,112,-0.002530971377], [127,112,-0.999996797087], [129,112,0.002530971377], [130,112,0.999996797087], [129,113,-0.000598339926], [130,113,-0.999999820995], [135,113,0.000598339926], [136,113,0.999999820995], [129,114,-0.999991931181], [130,114,-0.004017159838], [177,114,0.999991931181], [178,114,0.004017159838], [132,115,0.000651872933], [133,115,-0.999999787531], [135,115,-0.000651872933], [136,115,0.999999787531], [132,116,-0.704356387225], [133,116,0.709846518464], [153,116,0.704356387225], [154,116,-0.709846518464], [132,117,-0.999992143877], [133,117,-0.003963859840], [156,117,0.999992143877], [157,117,0.003963859840], [132,118,-0.702999130143], [133,118,-0.711190707911], [159,118,0.702999130143], [160,118,0.711190707911], [132,119,-0.999999660879], [133,119,-0.000823554506], [180,119,0.999999660879], [181,119,0.000823554506], [135,120,-0.708286373945], [136,120,0.705925217345], [156,120,0.708286373945], [157,120,-0.705925217345], [135,121,-0.999997410822], [136,121,-0.002275598842], [159,121,0.999997410822], [160,121,0.002275598842], [135,122,-0.707369908478], [136,122,-0.706843555944], [162,122,0.707369908478], [163,122,0.706843555944], [135,123,-0.999999861911], [136,123,0.000525525619], [183,123,0.999999861911], [184,123,-0.000525525619], [138,124,0.004544415163], [139,124,-0.999989674092], [141,124,-0.004544415163], [142,124,0.999989674092], [138,125,-0.705864868429], [139,125,-0.708346516557], [165,125,0.705864868429], [166,125,0.708346516557], [141,126,-0.709390660405], [142,126,0.704815501341], [162,126,0.709390660405], [163,126,-0.704815501341], [141,127,-0.999996974829], [142,127,-0.002459742352], [165,127,0.999996974829], [166,127,0.002459742352], [144,128,-0.002769336401], [145,128,-0.999996165381], [147,128,0.002769336401], [148,128,0.999996165381], [144,129,-0.002328329582], [145,129,-0.999997289437], [150,129,0.002328329582], [151,129,0.999997289437], [144,130,-0.710415949629], [145,130,-0.703782053276], [171,130,0.710415949629], [172,130,0.703782053276], [150,131,-0.001269089039], [151,131,-0.999999194706], [156,131,0.001269089039], [157,131,0.999999194706], [150,132,-0.706555703933], [151,132,0.707657429297], [171,132,0.706555703933], [172,132,-0.707657429297], [150,133,-0.999964986931], [151,133,-0.008368088861], [174,133,0.999964986931], [175,133,0.008368088861], [150,134,-0.702779841895], [151,134,-0.711407403550], [177,134,0.702779841895], [178,134,0.711407403550], [153,135,-0.004303714635], [154,135,-0.999990738977], [156,135,0.004303714635], [157,135,0.999990738977], [153,136,0.001835448008], [154,136,-0.999998315564], [159,136,-0.001835448008], [160,136,0.999998315564], [153,137,-0.708427354245], [154,137,0.705783737243], [174,137,0.708427354245], [175,137,-0.705783737243], [153,138,-0.999970923713], [154,138,-0.007625728038], [177,138,0.999970923713], [178,138,0.007625728038], [153,139,-0.705894692789], [154,139,-0.708316795433], [180,139,0.705894692789], [181,139,0.708316795433], [156,140,-0.705000502471], [157,140,0.709206804476], [177,140,0.705000502471], [178,140,-0.709206804476], [156,141,-0.999997296523], [157,141,0.002325284375], [180,141,0.999997296523], [181,141,-0.002325284375], [159,142,-0.708311313535], [160,142,0.705900193454], [180,142,0.708311313535], [181,142,-0.705900193454], [159,143,-0.711158098118], [160,143,-0.703032118386], [186,143,0.711158098118], [187,143,0.703032118386], [162,144,0.003680977255], [163,144,-0.999993225180], [165,144,-0.003680977255], [166,144,0.999993225180], [168,145,-0.003655213831], [169,145,-0.999993319684], [171,145,0.003655213831], [172,145,0.999993319684], [174,146,-0.001771282671], [175,146,-0.999998431278], [177,146,0.001771282671], [178,146,0.999998431278], [174,147,-0.002614000993], [175,147,-0.999996583494], [180,147,0.002614000993], [181,147,0.999996583494], [180,148,0.004630111220], [181,148,-0.999989280978], [183,148,-0.004630111220], [184,148,0.999989280978], [180,149,-0.000280105497], [181,149,-0.999999960770], [186,149,0.000280105497], [187,149,0.999999960770], [183,150,-0.005194728631], [184,150,-0.999986507306], [186,150,0.005194728631], [187,150,0.999986507306], ]
},
"Q": {
"shape": [151, 151],
"data": [[0,0,2.000000000000], [1,0,0.003182781750], [2,0,-0.709250017743], [3,0,0.000293401702], [0,1,0.003182781750], [1,1,2.000000000000], [2,1,0.702696070049], [3,1,0.999995825729], [5,1,0.708893229345], [24,1,0.004582131808], [0,2,-0.709250017743], [1,2,0.702696070049], [2,2,2.000000000000], [3,2,0.704748903208], [24,2,0.708262834459], [25,2,0.005453761325], [0,3,0.000293401702], [1,3,0.999995825729], [2,3,0.704748903208], [3,3,2.000000000000], [22,3,0.705489690807], [25,3,0.705602739547], [42,3,0.003391985982], [4,4,2.000000000000], [5,4,-0.708267344333], [6,4,0.999994986726], [8,4,-0.999997188771], [9,4,0.706254629703], [10,4,0.001197742902], [11,4,-0.702988690587], [12,4,0.003468864323], [1,5,0.708893229345], [4,5,-0.708267344333], [5,5,2.000000000000], [24,5,0.708556646060], [4,6,0.999994986726], [6,6,2.000000000000], [7,6,0.999985830571], [8,6,-0.999984667274], [9,6,0.708492815413], [10,6,0.004364203051], [11,6,-0.700733170717], [12,6,0.006635296306], [6,7,0.999985830571], [7,7,2.000000000000], [13,7,-0.999987926824], [14,7,-0.999982429875], [15,7,0.706042621286], [16,7,-0.003415339245], [17,7,-0.709126780223], [4,8,-0.999997188771], [6,8,-0.999984667274], [8,8,2.000000000000], [9,8,-0.704573955209], [10,8,0.001173429471], [11,8,0.704673093367], [12,8,-0.001097698131], [13,8,0.999986851254], [18,8,-0.999974420245], [19,8,0.702881396714], [20,8,-0.004446747837], [4,9,0.706254629703], [6,9,0.708492815413], [8,9,-0.704573955209], [9,9,2.000000000000], [10,9,0.708803310613], [11,9,0.007011373195], [12,9,0.710403548997], [26,9,0.707213706844], [27,9,0.704775938894], [28,9,-0.707959975671], [29,9,-0.005837021824], [30,9,-0.708841413336], [4,10,0.001197742902], [6,10,0.004364203051], [8,10,0.001173429471], [9,10,0.708803310613], [10,10,2.000000000000], [11,10,0.710358517216], [12,10,0.999997420990], [15,10,0.707491769717], [26,10,-0.002553366752], [31,10,-0.004339980706], [32,10,-0.000358339426], [33,10,-0.999989710697], [4,11,-0.702988690587], [6,11,-0.700733170717], [8,11,0.704673093367], [9,11,0.007011373195], [10,11,0.710358517216], [11,11,2.000000000000], [12,11,0.708758175722], [16,11,0.712085096140], [19,11,0.009393603512], [27,11,0.704471080604], [31,11,0.706916335981], [34,11,-0.003918060709], [4,12,0.003468864323], [6,12,0.006635296306], [8,12,-0.001097698131], [9,12,0.710403548997], [10,12,0.999997420990], [11,12,0.708758175722], [12,12,2.000000000000], [29,12,0.707929222063], [33,12,0.999997434343], [34,12,0.708223063681], [49,12,-0.711156720524], [7,13,-0.999987926824], [8,13,0.999986851254], [13,13,2.000000000000], [14,13,0.999999485870], [15,13,-0.709513955523], [16,13,-0.001498552267], [17,13,0.705653536160], [18,13,-0.999997950722], [19,13,0.706519802145], [20,13,0.000681351038], [7,14,-0.999982429875], [13,14,0.999999485870], [14,14,2.000000000000], [15,14,-0.710228169685], [16,14,-0.002512581408], [17,14,0.704934674518], [18,14,0.999999489487], [7,15,0.706042621286], [10,15,0.707491769717], [13,15,-0.709513955523], [14,15,-0.710228169685], [15,15,2.000000000000], [16,15,0.705753836664], [17,15,-0.001356986427], [26,15,-0.708525765092], [31,15,0.703644426569], [32,15,0.706468015364], [33,15,-0.710690428838], [7,16,-0.003415339245], [11,16,0.712085096140], [13,16,-0.001498552267], [14,16,-0.002512581408], [15,16,0.705753836664], [16,16,2.000000000000], [17,16,0.707498791329], [19,16,0.708751235605], [27,16,0.003344882116], [31,16,0.006796073028], [34,16,-0.704877771133], [7,17,-0.709126780223], [13,17,0.705653536160], [14,17,0.704934674518], [15,17,-0.001356986427], [16,17,0.707498791329], [17,17,2.000000000000], [32,17,0.708702986382], [35,17,0.003398341865], [36,17,-0.708024861405], [37,17,-0.999998660399], [38,17,-0.706783874412], [8,18,-0.999974420245], [13,18,-0.999997950722], [14,18,0.999999489487], [18,18,2.000000000000], [19,18,-0.707951070763], [20,18,-0.002705837079], [8,19,0.702881396714], [11,19,0.009393603512], [13,19,0.706519802145], [16,19,0.708751235605], [18,19,-0.707951070763], [19,19,2.000000000000], [20,19,0.708174497104], [27,19,-0.703083857722], [31,19,-0.700625476772], [34,19,-0.999985008551], [8,20,-0.004446747837], [13,20,0.000681351038], [18,20,-0.002705837079], [19,20,0.708174497104], [20,20,2.000000000000], [36,20,0.999999997369], [50,20,0.003685302361], [56,20,-0.005458400870], [57,20,-0.707330756741], [58,20,-0.999993577086], [59,20,-0.999999947619], [21,21,2.000000000000], [22,21,0.706540642659], [23,21,0.999999441928], [40,21,0.003694716355], [41,21,-0.999997750418], [3,22,0.705489690807], [21,22,0.706540642659], [22,22,2.000000000000], [23,22,0.705792608484], [25,22,-0.004409070164], [42,22,-0.706323093585], [21,23,0.999999441928], [22,23,0.705792608484], [23,23,2.000000000000], [41,23,0.999999433264], [62,23,-0.004795630624], [63,23,-0.999999959539], [1,24,0.004582131808], [2,24,0.708262834459], [5,24,0.708556646060], [24,24,2.000000000000], [25,24,0.709801032455], [2,25,0.005453761325], [3,25,0.705602739547], [22,25,-0.004409070164], [24,25,0.709801032455], [25,25,2.000000000000], [42,25,0.710996948581], [9,26,0.707213706844], [10,26,-0.002553366752], [15,26,-0.708525765092], [26,26,2.000000000000], [27,26,0.999994075887], [28,26,-0.001358555057], [29,26,0.702859773381], [30,26,-0.002607383335], [31,26,-0.999976240861], [32,26,-0.999995760978], [33,26,0.007089678898], [9,27,0.704775938894], [11,27,0.704471080604], [16,27,0.003344882116], [19,27,-0.703083857722], [26,27,0.999994075887], [27,27,2.000000000000], [28,27,0.002083569884], [29,27,0.705304087434], [30,27,0.000834740480], [31,27,0.999994044488], [34,27,0.706967085654], [9,28,-0.707959975671], [26,28,-0.001358555057], [27,28,0.002083569884], [28,28,2.000000000000], [29,28,0.710372902417], [30,28,0.999999220211], [43,28,0.000890627954], [45,28,-0.706069238208], [46,28,-0.999996915758], [47,28,-0.707795573190], [48,28,-0.999994980597], [9,29,-0.005837021824], [12,29,0.707929222063], [26,29,0.702859773381], [27,29,0.705304087434], [28,29,0.710372902417], [29,29,2.000000000000], [30,29,0.709493389728], [33,29,0.706327505283], [34,29,0.002743691618], [49,29,-0.006907737054], [9,30,-0.708841413336], [26,30,-0.002607383335], [27,30,0.000834740480], [28,30,0.999999220211], [29,30,0.709493389728], [30,30,2.000000000000], [46,30,0.999999237618], [49,30,0.709596270363], [71,30,0.009164093691], [72,30,0.001954556774], [73,30,-0.705754236365], [74,30,-0.999997533676], [10,31,-0.004339980706], [11,31,0.706916335981], [15,31,0.703644426569], [16,31,0.006796073028], [19,31,-0.700625476772], [26,31,-0.999976240861], [27,31,0.999994044488], [31,31,2.000000000000], [32,31,0.999992073223], [33,31,-0.000196374434], [34,31,0.704522005042], [10,32,-0.000358339426], [15,32,0.706468015364], [17,32,0.708702986382], [26,32,-0.999995760978], [31,32,0.999992073223], [32,32,2.000000000000], [33,32,-0.004178017177], [35,32,0.707911305759], [36,32,-0.003559128918], [37,32,-0.707547244481], [38,32,-0.001803374690], [10,33,-0.999989710697], [12,33,0.999997434343], [15,33,-0.710690428838], [26,33,0.007089678898], [29,33,0.706327505283], [31,33,-0.000196374434], [32,33,-0.004178017177], [33,33,2.000000000000], [34,33,0.709820479651], [49,33,-0.712747434685], [11,34,-0.003918060709], [12,34,0.708223063681], [16,34,-0.704877771133], [19,34,-0.999985008551], [27,34,0.706967085654], [29,34,0.002743691618], [31,34,0.704522005042], [33,34,0.709820479651], [34,34,2.000000000000], [49,34,-0.999991330161], [17,35,0.003398341865], [32,35,0.707911305759], [35,35,2.000000000000], [36,35,0.703777319094], [37,35,-0.001761520228], [38,35,0.705023562372], [50,35,0.707873419784], [51,35,0.707248889198], [52,35,-0.999990528686], [53,35,-0.699567328510], [54,35,0.004030698562], [55,35,-0.703602368050], [17,36,-0.708024861405], [20,36,0.999999997369], [32,36,-0.003559128918], [35,36,0.703777319094], [36,36,2.000000000000], [37,36,0.709179819386], [38,36,0.999998458652], [50,36,0.003612767090], [56,36,-0.005385866183], [57,36,-0.707382029152], [58,36,-0.999993834431], [59,36,-0.999999968466], [17,37,-0.999998660399], [32,37,-0.707547244481], [35,37,-0.001761520228], [36,37,0.709179819386], [37,37,2.000000000000], [38,37,0.707940867048], [39,37,0.704116977314], [51,37,0.708209380994], [56,37,0.708836969494], [60,37,0.001282751571], [61,37,-0.708900074577], [17,38,-0.706783874412], [32,38,-0.001803374690], [35,38,0.705023562372], [36,38,0.999998458652], [37,38,0.707940867048], [38,38,2.000000000000], [54,38,0.706336382226], [58,38,0.999998458561], [60,38,0.705363016967], [76,38,0.002181449077], [80,38,-0.999988701578], [81,38,-0.999999996465], [37,39,0.704116977314], [39,39,2.000000000000], [51,39,-0.002658799341], [56,39,-0.001769472288], [60,39,-0.709180205259], [61,39,-0.999977160351], [21,40,0.003694716355], [40,40,2.000000000000], [41,40,-0.005815815559], [42,40,0.999998403824], [43,40,-0.999988530867], [44,40,0.004706524964], [21,41,-0.999997750418], [23,41,0.999999433264], [40,41,-0.005815815559], [41,41,2.000000000000], [62,41,-0.003730994230], [63,41,-0.999999695660], [3,42,0.003391985982], [22,42,-0.706323093585], [25,42,0.710996948581], [40,42,0.999998403824], [42,42,2.000000000000], [43,42,-0.999995491961], [44,42,0.002919822419], [28,43,0.000890627954], [40,43,-0.999988530867], [42,43,-0.999995491961], [43,43,2.000000000000], [44,43,0.000082853139], [45,43,0.707513678142], [46,43,0.001593015265], [47,43,-0.707047419929], [48,43,0.002277778878], [40,44,0.004706524964], [42,44,0.002919822419], [43,44,0.000082853139], [44,44,2.000000000000], [66,44,0.704189230144], [69,44,0.999998888618], [73,44,0.705441698717], [89,44,0.004092962914], [90,44,-0.001285051738], [91,44,-0.706844745050], [92,44,-0.999986036356], [93,44,-0.709485289636], [28,45,-0.706069238208], [43,45,0.707513678142], [45,45,2.000000000000], [46,45,0.707825833346], [47,45,-0.000491658894], [48,45,0.708309376385], [68,45,-0.999999504900], [69,45,-0.705585327933], [70,45,-0.707981375420], [28,46,-0.999996915758], [30,46,0.999999237618], [43,46,0.001593015265], [45,46,0.707825833346], [46,46,2.000000000000], [47,46,0.706038902840], [48,46,0.999999765549], [49,46,0.710465789029], [71,46,0.010398847736], [72,46,0.003189365809], [73,46,-0.706628509826], [74,46,-0.999999513760], [28,47,-0.707795573190], [43,47,-0.707047419929], [45,47,-0.000491658894], [46,47,0.706038902840], [47,47,2.000000000000], [48,47,0.705553805293], [52,47,0.002635316124], [71,47,0.700792767650], [75,47,-0.710999843274], [76,47,-0.707782914457], [77,47,-0.703040079254], [78,47,-0.999998058014], [28,48,-0.999994980597], [43,48,0.002277778878], [45,48,0.708309376385], [46,48,0.999999765549], [47,48,0.705553805293], [48,48,2.000000000000], [89,48,-0.006453563530], [94,48,-0.004307295285], [95,48,0.001424417682], [96,48,-0.709172224316], [97,48,-0.999999996228], [98,48,-0.707773206201], [99,48,-0.999998668660], [12,49,-0.711156720524], [29,49,-0.006907737054], [30,49,0.709596270363], [33,49,-0.712747434685], [34,49,-0.999991330161], [46,49,0.710465789029], [49,49,2.000000000000], [71,49,0.711081715676], [72,49,0.705994096611], [73,49,-0.999985214883], [74,49,-0.711159424123], [20,50,0.003685302361], [35,50,0.707873419784], [36,50,0.003612767090], [50,50,2.000000000000], [51,50,0.999999609459], [52,50,-0.704792512818], [53,50,0.009521425144], [54,50,0.709186797075], [55,50,0.003858999363], [56,50,-0.999998428028], [57,50,0.704271206694], [58,50,-0.000101201160], [59,50,-0.003361634582], [35,51,0.707248889198], [37,51,0.708209380994], [39,51,-0.002658799341], [50,51,0.999999609459], [51,51,2.000000000000], [52,51,-0.704165266504], [53,51,0.010405169259], [54,51,0.709809608806], [55,51,0.004742779170], [56,51,0.999999604547], [60,51,0.706910335244], [61,51,-0.004099845027], [35,52,-0.999990528686], [47,52,0.002635316124], [50,52,-0.704792512818], [51,52,-0.704165266504], [52,52,2.000000000000], [53,52,0.702670713203], [54,52,0.000321606939], [55,52,0.706688423799], [71,52,-0.711515623789], [75,52,0.701316015232], [76,52,0.704562316010], [77,52,-0.713000491548], [78,52,-0.004606082740], [35,53,-0.699567328510], [50,53,0.009521425144], [51,53,0.010405169259], [52,53,0.702670713203], [53,53,2.000000000000], [54,53,0.711741139233], [55,53,0.999983967750], [57,53,0.703193183441], [72,53,0.007208987364], [75,53,0.014409741655], [79,53,-0.699057685777], [35,54,0.004030698562], [38,54,0.706336382226], [50,54,0.709186797075], [51,54,0.709809608806], [52,54,0.000321606939], [53,54,0.711741139233], [54,54,2.000000000000], [55,54,0.707752130511], [58,54,0.705092395589], [60,54,-0.003551932792], [76,54,0.709415494258], [80,54,-0.709693362919], [81,54,-0.706395904451], [35,55,-0.703602368050], [50,55,0.003858999363], [51,55,0.004742779170], [52,55,0.706688423799], [53,55,0.999983967750], [54,55,0.707752130511], [55,55,2.000000000000], [78,55,0.710772451089], [95,55,0.003996197057], [100,55,-0.001693179901], [102,55,-0.004541014091], [103,55,-0.706986639502], [104,55,-0.999999113870], [20,56,-0.005458400870], [36,56,-0.005385866183], [37,56,0.708836969494], [39,56,-0.001769472288], [50,56,-0.999998428028], [51,56,0.999999604547], [56,56,2.000000000000], [57,56,-0.703011309288], [58,56,0.001874317335], [59,56,0.005134735623], [60,56,0.706281030369], [61,56,-0.004989165076], [20,57,-0.707330756741], [36,57,-0.707382029152], [50,57,0.704271206694], [53,57,0.703193183441], [56,57,-0.703011309288], [57,57,2.000000000000], [58,57,0.709859753347], [59,57,0.707559516272], [72,57,-0.705911051244], [75,57,-0.700792185314], [79,57,-0.999983180859], [20,58,-0.999993577086], [36,58,-0.999993834431], [38,58,0.999998458561], [50,58,-0.000101201160], [54,58,0.705092395589], [56,58,0.001874317335], [57,58,0.709859753347], [58,58,2.000000000000], [59,58,0.999994684771], [60,58,0.706606530542], [76,58,0.000425637769], [80,58,-0.999978813727], [81,58,-0.999998307380], [20,59,-0.999999947619], [36,59,-0.999999968466], [50,59,-0.003361634582], [56,59,0.005134735623], [57,59,0.707559516272], [58,59,0.999994684771], [59,59,2.000000000000], [80,59,0.999994722032], [82,59,0.705951472020], [105,59,-0.003830155550], [106,59,-0.999981389114], [37,60,0.001282751571], [38,60,0.705363016967], [39,60,-0.709180205259], [51,60,0.706910335244], [54,60,-0.003551932792], [56,60,0.706281030369], [58,60,0.706606530542], [60,60,2.000000000000], [61,60,0.704399005287], [76,60,-0.707305855648], [80,60,-0.701985475715], [81,60,-0.705303408192], [37,61,-0.708900074577], [39,61,-0.999977160351], [51,61,-0.004099845027], [56,61,-0.004989165076], [60,61,0.704399005287], [61,61,2.000000000000], [82,61,-0.706054567686], [23,62,-0.004795630624], [41,62,-0.003730994230], [62,62,2.000000000000], [63,62,0.004511166643], [64,62,0.705965619526], [65,62,-0.004269328850], [66,62,-0.713412506463], [67,62,-0.004100251395], [23,63,-0.999999959539], [41,63,-0.999999695660], [62,63,0.004511166643], [63,63,2.000000000000], [83,63,0.999999175749], [85,63,0.705184328517], [62,64,0.705965619526], [64,64,2.000000000000], [65,64,0.705225650076], [66,64,-0.007345270685], [67,64,0.705345514073], [83,64,-0.705964098212], [84,64,-0.703154123248], [62,65,-0.004269328850], [64,65,0.705225650076], [65,65,2.000000000000], [66,65,0.703783721714], [67,65,0.999999985706], [68,65,0.707748257827], [85,65,-0.705355778350], [86,65,-0.999999943030], [87,65,-0.706215985556], [88,65,-0.999993301787], [44,66,0.704189230144], [62,66,-0.713412506463], [64,66,-0.007345270685], [65,66,0.703783721714], [66,66,2.000000000000], [67,66,0.703663595562], [69,66,0.705246999988], [73,66,-0.006469547944], [89,66,-0.707124176046], [90,66,-0.710916677011], [91,66,0.004488066051], [92,66,-0.700427259385], [93,66,-0.999971972723], [62,67,-0.004100251395], [64,67,0.705345514073], [65,67,0.999999985706], [66,67,0.703663595562], [67,67,2.000000000000], [86,67,0.999999985809], [91,67,0.707368036840], [110,67,0.004881908917], [111,67,0.001756022071], [45,68,-0.999999504900], [65,68,0.707748257827], [68,68,2.000000000000], [69,68,0.706290122619], [70,68,0.708683786815], [85,68,-0.999994284990], [86,68,-0.707986684908], [87,68,0.000351386113], [88,68,-0.705157780996], [44,69,0.999998888618], [45,69,-0.705585327933], [66,69,0.705246999988], [68,69,0.706290122619], [69,69,2.000000000000], [70,69,0.999994264186], [73,69,0.704384217490], [89,69,0.002602077805], [90,69,-0.002775942127], [91,69,-0.705789348368], [92,69,-0.999977046203], [93,69,-0.710535163641], [45,70,-0.707981375420], [68,70,0.708683786815], [69,70,0.999994264186], [70,70,2.000000000000], [87,70,0.705277185417], [92,70,0.999994258882], [96,70,0.708844625950], [110,70,-0.006037932845], [112,70,-0.000210542123], [30,71,0.009164093691], [46,71,0.010398847736], [47,71,0.700792767650], [49,71,0.711081715676], [52,71,-0.711515623789], [71,71,2.000000000000], [72,71,0.999974010485], [73,71,-0.714894592816], [74,71,-0.011384932958], [75,71,-0.999896165433], [76,71,-0.999951522431], [77,71,0.014624216566], [78,71,-0.699385522436], [30,72,0.001954556774], [46,72,0.003189365809], [49,72,0.705994096611], [53,72,0.007208987364], [57,72,-0.705911051244], [71,72,0.999974010485], [72,72,2.000000000000], [73,72,-0.709834827278], [74,72,-0.004175502841], [75,72,0.999974071539], [79,72,0.710007199051], [30,73,-0.705754236365], [44,73,0.705441698717], [46,73,-0.706628509826], [49,73,-0.999985214883], [66,73,-0.006469547944], [69,73,0.704384217490], [71,73,-0.714894592816], [72,73,-0.709834827278], [73,73,2.000000000000], [74,73,0.707325946386], [89,73,0.711649361873], [90,73,0.707860837653], [91,73,-0.999998036806], [92,73,-0.709177409767], [93,73,-0.001017383150], [30,74,-0.999997533676], [46,74,-0.999999513760], [49,74,-0.711159424123], [71,74,-0.011384932958], [72,74,-0.004175502841], [73,74,0.707325946386], [74,74,2.000000000000], [93,74,0.707606803697], [97,74,0.999999924639], [111,74,-0.003677981511], [112,74,-0.000555383454], [113,74,0.002488015033], [114,74,-0.999974770050], [47,75,-0.710999843274], [52,75,0.701316015232], [53,75,0.014409741655], [57,75,-0.700792185314], [71,75,-0.999896165433], [72,75,0.999974071539], [75,75,2.000000000000], [76,75,0.999989583899], [77,75,-0.000213883376], [78,75,0.709612626465], [79,75,0.704917795289], [38,76,0.002181449077], [47,76,-0.707782914457], [52,76,0.704562316010], [54,76,0.709415494258], [58,76,0.000425637769], [60,76,-0.707305855648], [71,76,-0.999951522431], [75,76,0.999989583899], [76,76,2.000000000000], [77,76,-0.004778099936], [78,76,0.706389322841], [80,76,-0.006935013404], [81,76,-0.002265538022], [47,77,-0.703040079254], [52,77,-0.713000491548], [71,77,0.014624216566], [75,77,-0.000213883376], [76,77,-0.004778099936], [77,77,2.000000000000], [78,77,0.704440233594], [79,77,0.709439765509], [90,77,-0.004616503318], [94,77,0.000766370707], [100,77,0.010654542796], [101,77,-0.701124746528], [47,78,-0.999998058014], [52,78,-0.004606082740], [55,78,0.710772451089], [71,78,-0.699385522436], [75,78,0.709612626465], [76,78,0.706389322841], [77,78,0.704440233594], [78,78,2.000000000000], [95,78,0.706256779093], [100,78,0.702217535084], [102,78,-0.706642384132], [103,78,-0.005027658085], [104,78,-0.709835381908], [53,79,-0.699057685777], [57,79,-0.999983180859], [72,79,0.710007199051], [75,79,0.704917795289], [77,79,0.709439765509], [79,79,2.000000000000], [90,79,-0.708033695005], [94,79,-0.704222173220], [100,79,0.712284826976], [101,79,0.005119661088], [38,80,-0.999988701578], [54,80,-0.709693362919], [58,80,-0.999978813727], [59,80,0.999994722032], [60,80,-0.701985475715], [76,80,-0.006935013404], [80,80,2.000000000000], [81,80,0.999989097769], [82,80,0.703646618720], [105,80,-0.007079097246], [106,80,-0.999956289388], [38,81,-0.999999996465], [54,81,-0.706395904451], [58,81,-0.999998307380], [60,81,-0.705303408192], [76,81,-0.002265538022], [80,81,0.999989097769], [81,81,2.000000000000], [106,81,0.999989046776], [107,81,0.706526097513], [124,81,0.003826679923], [125,81,-0.706373096293], [59,82,0.705951472020], [61,82,-0.706054567686], [80,82,0.703646618720], [82,82,2.000000000000], [105,82,0.705551106734], [106,82,-0.710259384184], [63,83,0.999999175749], [64,83,-0.705964098212], [83,83,2.000000000000], [84,83,0.999992160400], [85,83,0.706094091503], [64,84,-0.703154123248], [83,84,0.999992160400], [84,84,2.000000000000], [128,84,-0.004691610393], [129,84,-0.004250606549], [130,84,-0.711767507794], [63,85,0.705184328517], [65,85,-0.705355778350], [68,85,-0.999994284990], [83,85,0.706094091503], [85,85,2.000000000000], [86,85,0.705595011887], [87,85,-0.003732210445], [88,85,0.702756574514], [65,86,-0.999999943030], [67,86,0.999999985809], [68,86,-0.707986684908], [85,86,0.705595011887], [86,86,2.000000000000], [87,86,0.705976960883], [88,86,0.999992009348], [91,86,0.707487110043], [110,86,0.005050378243], [111,86,0.001924493189], [65,87,-0.706215985556], [68,87,0.000351386113], [70,87,0.705277185417], [85,87,-0.003732210445], [86,87,0.705976960883], [87,87,2.000000000000], [88,87,0.708802597663], [92,87,0.702870893059], [96,87,-0.000123389563], [110,87,0.704660316160], [112,87,-0.709080130033], [65,88,-0.999993301787], [68,88,-0.705157780996], [85,88,0.702756574514], [86,88,0.999992009348], [87,88,0.708802597663], [88,88,2.000000000000], [128,88,0.005434116159], [44,89,0.004092962914], [48,89,-0.006453563530], [66,89,-0.707124176046], [69,89,0.002602077805], [73,89,0.711649361873], [89,89,2.000000000000], [90,89,0.999985538451], [91,89,-0.710255884515], [92,89,-0.009377470622], [93,89,0.701810445194], [94,89,-0.999942101892], [95,89,-0.999987353650], [96,89,0.709597293270], [97,89,0.006366713647], [98,89,-0.701857356920], [99,89,0.004821817184], [44,90,-0.001285051738], [66,90,-0.710916677011], [69,90,-0.002775942127], [73,90,0.707860837653], [77,90,-0.004616503318], [79,90,-0.708033695005], [89,90,0.999985538451], [90,90,2.000000000000], [91,90,-0.706459804127], [92,90,-0.003999570968], [93,90,0.705631388487], [94,90,0.999985512280], [100,90,-0.999981769977], [101,90,-0.709794288420], [44,91,-0.706844745050], [66,91,0.004488066051], [67,91,0.707368036840], [69,91,-0.705789348368], [73,91,-0.999998036806], [86,91,0.707487110043], [89,91,-0.710255884515], [90,91,-0.706459804127], [91,91,2.000000000000], [92,91,0.710573042116], [93,91,0.002998890787], [110,91,0.710290312111], [111,91,0.708086493036], [44,92,-0.999986036356], [66,92,-0.700427259385], [69,92,-0.999977046203], [70,92,0.999994258882], [73,92,-0.709177409767], [87,92,0.702870893059], [89,92,-0.009377470622], [90,92,-0.003999570968], [91,92,0.710573042116], [92,92,2.000000000000], [93,92,0.705751211597], [96,92,0.711230712744], [110,92,-0.009426376422], [112,92,0.003177999021], [44,93,-0.709485289636], [66,93,-0.999971972723], [69,93,-0.710535163641], [73,93,-0.001017383150], [74,93,0.707606803697], [89,93,0.701810445194], [90,93,0.705631388487], [91,93,0.002998890787], [92,93,0.705751211597], [93,93,2.000000000000], [97,93,0.707881076534], [111,93,0.703999060757], [112,93,0.706213302753], [113,93,-0.704843681448], [114,93,-0.712608307126], [48,94,-0.004307295285], [77,94,0.000766370707], [79,94,-0.704222173220], [89,94,-0.999942101892], [90,94,0.999985512280], [94,94,2.000000000000], [95,94,0.999983573699], [96,94,-0.701974132848], [97,94,0.004394146131], [98,94,0.709481762444], [99,94,0.005939046148], [100,94,-0.999934779773], [101,94,-0.713575743431], [48,95,0.001424417682], [55,95,0.003996197057], [78,95,0.706256779093], [89,95,-0.999987353650], [94,95,0.999983573699], [95,95,2.000000000000], [96,95,-0.706044729453], [97,95,-0.001337566097], [98,95,0.705430846154], [99,95,0.000207354294], [100,95,0.999983815473], [102,95,-0.999999851584], [103,95,0.704395997448], [104,95,-0.002664941643], [48,96,-0.709172224316], [70,96,0.708844625950], [87,96,-0.000123389563], [89,96,0.709597293270], [92,96,0.711230712744], [94,96,-0.701974132848], [95,96,-0.706044729453], [96,96,2.000000000000], [97,96,0.709110988151], [98,96,0.003868162758], [99,96,0.708020823513], [110,96,-0.709631753336], [112,96,0.705215397529], [48,97,-0.999999996228], [74,97,0.999999924639], [89,97,0.006366713647], [93,97,0.707881076534], [94,97,0.004394146131], [95,97,-0.001337566097], [96,97,0.709110988151], [97,97,2.000000000000], [98,97,0.707834559000], [99,97,0.999998806610], [111,97,-0.003289753352], [112,97,-0.000167152965], [113,97,0.002099785540], [114,97,-0.999977452473], [48,98,-0.707773206201], [89,98,-0.701857356920], [94,98,0.709481762444], [95,98,0.705430846154], [96,98,0.003868162758], [97,98,0.707834559000], [98,98,2.000000000000], [99,98,0.708925012294], [103,98,0.006193606665], [115,98,-0.704003048532], [116,98,0.000154228091], [117,98,-0.712524706611], [118,98,-0.999954682826], [119,98,-0.710317803824], [48,99,-0.999998668660], [89,99,0.004821817184], [94,99,0.005939046148], [95,99,0.000207354294], [96,99,