policy_converges:
0
Q:
size: 839
(0,0,6.2876) (713,0,-3.1438) (745,0,3.1438) (1,1,6.2876) (714,1,-3.1438) (746,1,3.1438) (2,2,6.2876) (715,2,-3.1438) (747,2,3.1438) (3,3,6.2876) (716,3,-3.1438) (748,3,3.1438) (4,4,6.2876) (717,4,-3.1438) (749,4,3.1438) (5,5,6.2876) (718,5,-3.1438) (750,5,3.1438) (6,6,6.2876) (719,6,-3.1438) (751,6,3.1438) (7,7,6.2876) (720,7,-3.1438) (752,7,3.1438) (8,8,6.2876) (721,8,-3.1438) (753,8,3.1438) (9,9,6.2876) (722,9,-3.1438) (754,9,3.1438) (10,10,6.2876) (723,10,-3.1438) (755,10,3.1438) (11,11,6.2876) (724,11,-3.1438) (756,11,3.1438) (12,12,6.2876) (725,12,-3.1438) (757,12,3.1438) (13,13,6.2876) (726,13,-3.1438) (758,13,3.1438) (14,14,6.2876) (727,14,-3.1438) (759,14,3.1438) (15,15,6.2876) (728,15,-3.1438) (760,15,3.1438) (16,16,6.2876) (729,16,-3.1438) (761,16,3.1438) (17,17,6.2876) (730,17,-3.1438) (762,17,3.1438) (18,18,6.2876) (731,18,-3.1438) (763,18,3.1438) (19,19,6.2876) (732,19,-3.1438) (764,19,3.1438) (20,20,6.2876) (733,20,-3.1438) (765,20,3.1438) (21,21,6.2876) (734,21,-3.1438) (766,21,3.1438) (22,22,6.2876) (23,22,-2.59654e-09) (24,22,2.4703) (25,22,3.1438) (31,22,2.4703) (32,22,0.60595) (33,22,1.86825e-07) (735,22,2.59873e-09) (737,22,-2.59873e-09) (22,23,-2.59654e-09) (23,23,6.2876) (24,23,1.94451) (31,23,1.94451) (176,23,-8.31384e-08) (735,23,-3.1438) (767,23,3.1438) (22,24,2.4703) (23,24,1.94451) (24,24,6.2876) (29,24,2.38418) (33,24,1.94451) (111,24,1.63115) (176,24,2.4703) (177,24,2.4703) (735,24,-1.94451) (769,24,1.94451) (22,25,3.1438) (25,25,6.2876) (26,25,3.1438) (27,25,3.1438) (28,25,-1.6806e-08) (29,25,0.60595) (30,25,2.4703) (31,25,2.4703) (32,25,0.60595) (33,25,2.01034e-07) (736,25,1.68073e-08) (737,25,-1.68073e-08) (25,26,3.1438) (26,26,6.2876) (27,26,3.1438) (28,26,-4.87127e-09) (29,26,0.60595) (30,26,2.4703) (34,26,-3.1438) (35,26,2.4703) (36,26,1.595e-07) (37,26,-1.748) (736,26,4.87257e-09) (738,26,-4.87257e-09) (25,27,3.1438) (26,27,3.1438) (27,27,6.2876) (28,27,5.83626e-05) (29,27,0.606007) (30,27,2.47033) (34,27,3.1438) (38,27,1.74799) (39,27,-5.83266e-05) (736,27,-5.83626e-05) (739,27,5.83626e-05) (25,28,-1.6806e-08) (26,28,-4.87127e-09) (27,28,5.83626e-05) (28,28,6.2876) (29,28,3.08485) (30,28,1.94451) (32,28,3.08485) (35,28,1.94451) (118,28,-1.10287) (177,28,-5.37685e-07) (178,28,-2.93512e-08) (179,28,3.22349e-08) (736,28,-3.1438) (768,28,3.1438) (24,29,2.38418) (25,29,0.60595) (26,29,0.60595) (27,29,0.606007) (28,29,3.08485) (29,29,6.2876) (30,29,2.38418) (33,29,3.08485) (111,29,-0.514754) (176,29,0.60595) (177,29,0.605951) (736,29,-3.08485) (769,29,3.08485) (25,30,2.4703) (26,30,2.4703) (27,30,2.47033) (28,30,1.94451) (29,30,2.38418) (30,30,6.2876) (36,30,1.94451) (38,30,0.242651) (133,30,-2.6681) (178,30,2.4703) (180,30,-2.4703) (736,30,-1.94451) (770,30,1.94451) (22,31,2.4703) (23,31,1.94451) (25,31,2.4703) (31,31,6.2876) (32,31,2.38418) (33,31,1.94451) (176,31,2.4703) (737,31,-1.94451) (767,31,1.94451) (22,32,0.60595) (25,32,0.60595) (28,32,3.08485) (31,32,2.38418) (32,32,6.2876) (33,32,3.08485) (35,32,2.38418) (118,32,-0.514754) (177,32,0.60595) (178,32,0.60595) (179,32,0.60595) (737,32,-3.08485) (768,32,3.08485) (22,33,1.86825e-07) (24,33,1.94451) (25,33,2.01034e-07) (29,33,3.08485) (31,33,1.94451) (32,33,3.08485) (33,33,6.2876) (111,33,-1.10287) (176,33,-1.0109e-07) (177,33,3.53458e-07) (737,33,-3.1438) (769,33,3.1438) (26,34,-3.1438) (27,34,3.1438) (34,34,6.2876) (35,34,-2.47019) (36,34,0.000169053) (37,34,1.74814) (38,34,1.7479) (39,34,-0.000169172) (738,34,-0.000169208) (739,34,0.000169208) (26,35,2.4703) (28,35,1.94451) (32,35,2.38418) (34,35,-2.47019) (35,35,6.2876) (36,35,1.94451) (37,35,0.242703) (118,35,1.63115) (177,35,2.4703) (178,35,2.4703) (179,35,2.4703) (738,35,-1.94451) (768,35,1.94451) (26,36,1.595e-07) (30,36,1.94451) (34,36,0.000169053) (35,36,1.94451) (36,36,6.2876) (37,36,2.61304) (38,36,2.61301) (133,36,-0.343748) (178,36,-1.25278e-07) (180,36,3.03821e-07) (738,36,-3.1438) (770,36,3.1438) (26,37,-1.748) (34,37,1.74814) (35,37,0.242703) (36,37,2.61304) (37,37,6.2876) (39,37,2.61304) (126,37,1.4518) (179,37,1.748) (180,37,1.748) (738,37,-2.61304) (771,37,2.61304) (27,38,1.74799) (30,38,0.242651) (34,38,1.7479) (36,38,2.61301) (38,38,6.2876) (39,38,2.61301) (133,38,1.45185) (178,38,-1.74804) (180,38,1.74804) (739,38,-2.61301) (770,38,2.61301) (27,39,-5.83266e-05) (34,39,-0.000169172) (37,39,2.61304) (38,39,2.61301) (39,39,6.2876) (126,39,-0.343748) (179,39,-6.82805e-08) (180,39,-1.85238e-07) (739,39,-3.1438) (771,39,3.1438) (40,40,6.2876) (41,40,3.1438) (42,40,-7.17534e-05) (43,40,1.07838) (44,40,2.53642) (45,40,-3.1438) (46,40,1.07851) (47,40,7.14585e-05) (48,40,-2.22341) (740,40,7.16303e-05) (741,40,-7.16303e-05) (40,41,3.1438) (41,41,6.2876) (42,41,-4.98262e-05) (43,41,1.0784) (44,41,2.53644) (45,41,3.1438) (53,41,2.53648) (54,41,2.22348) (55,41,-0.230667) (56,41,4.96308e-05) (740,41,4.97031e-05) (743,41,-4.97031e-05) (40,42,-7.17534e-05) (41,42,-4.98262e-05) (42,42,6.2876) (43,42,2.95304) (44,42,1.85737) (46,42,2.95304) (53,42,1.8574) (148,42,-0.620996) (181,42,6.60198e-07) (182,42,1.48656e-07) (740,42,-3.1438) (772,42,3.1438) (40,43,1.07838) (41,43,1.0784) (42,43,2.95304) (43,43,6.2876) (44,43,2.61478) (47,43,2.95304) (54,43,1.32497) (140,43,0.473883) (163,43,-1.29217) (181,43,1.07845) (183,43,-1.07845) (740,43,-2.95304) (773,43,2.95304) (40,44,2.53642) (41,44,2.53644) (42,44,1.85737) (43,44,2.61478) (44,44,6.2876) (48,44,3.10701) (51,44,1.66622) (56,44,1.85737) (149,44,2.39338) (182,44,2.53646) (183,44,2.53647) (740,44,-1.85737) (775,44,1.85737) (40,45,-3.1438) (41,45,3.1438) (45,45,6.2876) (46,45,-1.07848) (47,45,-4.15269e-05) (48,45,2.22343) (53,45,2.53647) (54,45,2.22348) (55,45,-0.230675) (56,45,4.16264e-05) (741,45,4.16987e-05) (743,45,-4.16987e-05) (40,46,1.07851) (42,46,2.95304) (45,46,-1.07848) (46,46,6.2876) (47,46,2.95304) (48,46,1.32496) (53,46,2.61479) (148,46,0.473875) (181,46,1.07844) (182,46,1.07844) (741,46,-2.95304) (772,46,2.95304) (40,47,7.14585e-05) (43,47,2.95304) (45,47,-4.15269e-05) (46,47,2.95304) (47,47,6.2876) (48,47,2.22254) (54,47,2.22256) (140,47,-0.620996) (163,47,-0.230626) (181,47,-3.65307e-07) (183,47,-3.3297e-07) (741,47,-3.1438) (773,47,3.1438) (40,48,-2.22341) (44,48,3.10701) (45,48,2.22343) (46,48,1.32496) (47,48,2.22254) (48,48,6.2876) (51,48,2.05337) (56,48,2.22254) (149,48,2.05443) (182,48,2.22346) (183,48,2.22346) (741,48,-2.22254) (775,48,2.22254) (49,49,6.2876) (50,49,-4.15218e-05) (51,49,-0.230761) (52,49,2.22297) (57,49,2.22303) (58,49,8.34568e-05) (742,49,4.17284e-05) (744,49,-4.17284e-05) (777,49,3.1438) (778,49,-3.1438) (49,50,-4.15218e-05) (50,50,6.2876) (51,50,3.13532) (52,50,2.223) (55,50,3.13532) (57,50,2.223) (171,50,-0.230717) (184,50,-4.13088e-07) (742,50,-3.1438) (774,50,3.1438) (777,50,2.06544e-07) (781,50,-2.06544e-07) (44,51,1.66622) (48,51,2.05337) (49,51,-0.230761) (50,51,3.13532) (51,51,6.2876) (52,51,2.05387) (56,51,3.13532) (149,51,-0.460101) (182,51,-0.23072) (183,51,-0.23072) (742,51,-3.13532) (775,51,3.13532) (777,51,-0.23072) (49,52,2.22297) (50,52,2.223) (51,52,2.05387) (52,52,6.2876) (58,52,2.22297) (157,52,2.05387) (184,52,2.223) (742,52,-2.223) (776,52,2.223) (777,52,2.223) (782,52,-2.223) (41,53,2.53648) (42,53,1.8574) (45,53,2.53647) (46,53,2.61479) (53,53,6.2876) (54,53,3.10701) (55,53,1.66625) (56,53,1.8574) (148,53,2.11958) (181,53,2.53645) (182,53,2.53645) (743,53,-1.8574) (772,53,1.8574) (41,54,2.22348) (43,54,1.32497) (45,54,2.22348) (47,54,2.22256) (53,54,3.10701) (54,54,6.2876) (55,54,2.05339) (56,54,2.22256) (140,54,-2.61866) (163,54,2.05441) (181,54,-2.22345) (183,54,2.22345) (743,54,-2.22256) (773,54,2.22256) (41,55,-0.230667) (45,55,-0.230675) (50,55,3.13532) (53,55,1.66625) (54,55,2.05339) (55,55,6.2876) (56,55,3.13532) (57,55,2.05387) (171,55,-0.46019) (184,55,-0.230717) (743,55,-3.13532) (774,55,3.13532) (781,55,-0.230717) (41,56,4.96308e-05) (44,56,1.85737) (45,56,4.16264e-05) (48,56,2.22254) (51,56,3.13532) (53,56,1.8574) (54,56,2.22256) (55,56,3.13532) (56,56,6.2876) (149,56,-0.230625) (182,56,4.67114e-08) (183,56,2.33447e-07) (743,56,-3.1438) (775,56,3.1438) (49,57,2.22303) (50,57,2.223) (55,57,2.05387) (57,57,6.2876) (58,57,2.22303) (171,57,2.05387) (184,57,2.223) (744,57,-2.223) (774,57,2.223) (778,57,-2.223) (781,57,2.223) (49,58,8.34568e-05) (52,58,2.22297) (57,58,2.22303) (58,58,6.2876) (157,58,-0.230761) (184,58,-4.15218e-05) (744,58,-3.1438) (776,58,3.1438) (778,58,-4.17284e-05) (782,58,4.17284e-05) (59,59,6.2876) (60,59,3.1438) (185,59,-3.1438) (59,60,3.1438) (60,60,6.2876) (185,60,3.1438) (61,61,6.2876) (62,61,3.1438) (186,61,-3.1438) (61,62,3.1438) (62,62,6.2876) (186,62,3.1438) (63,63,6.2876) (64,63,3.1438) (187,63,-3.1438) (63,64,3.1438) (64,64,6.2876) (187,64,3.1438) (65,65,6.2876) (66,65,3.1438) (188,65,-3.1438) (65,66,3.1438) (66,66,6.2876) (188,66,3.1438) (67,67,6.2876) (68,67,3.1438) (189,67,-3.1438) (67,68,3.1438) (68,68,6.2876) (189,68,3.1438) (69,69,6.2876) (70,69,3.1438) (190,69,-3.1438) (69,70,3.1438) (70,70,6.2876) (190,70,3.1438) (71,71,6.2876) (72,71,3.1438) (191,71,-3.1438) (71,72,3.1438) (72,72,6.2876) (191,72,3.1438) (73,73,6.2876) (74,73,3.1438) (192,73,-3.1438) (73,74,3.1438) (74,74,6.2876) (192,74,3.1438) (75,75,6.2876) (76,75,3.1438) (193,75,-3.1438) (75,76,3.1438) (76,76,6.2876) (193,76,3.1438) (77,77,6.2876) (78,77,3.1438) (194,77,-3.1438) (77,78,3.1438) (78,78,6.2876) (194,78,3.1438) (79,79,6.2876) (80,79,3.1438) (195,79,-3.1438) (79,80,3.1438) (80,80,6.2876) (195,80,3.1438) (81,81,6.2876) (82,81,3.1438) (196,81,-3.1438) (81,82,3.1438) (82,82,6.2876) (196,82,3.1438) (83,83,6.2876) (84,83,3.1438) (197,83,-3.1438) (83,84,3.1438) (84,84,6.2876) (197,84,3.1438) (85,85,6.2876) (86,85,3.1438) (198,85,-3.1438) (85,86,3.1438) (86,86,6.2876) (198,86,3.1438) (87,87,6.2876) (88,87,3.1438) (199,87,-3.1438) (87,88,3.1438) (88,88,6.2876) (199,88,3.1438) (89,89,6.2876) (90,89,3.1438) (200,89,-3.1438) (89,90,3.1438) (90,90,6.2876) (200,90,3.1438) (91,91,6.2876) (92,91,3.1438) (201,91,-3.1438) (91,92,3.1438) (92,92,6.2876) (201,92,3.1438) (93,93,6.2876) (94,93,3.1438) (202,93,-3.1438) (93,94,3.1438) (94,94,6.2876) (202,94,3.1438) (95,95,6.2876) (96,95,3.1438) (203,95,-3.1438) (95,96,3.1438) (96,96,6.2876) (203,96,3.1438) (97,97,6.2876) (98,97,3.1438) (204,97,-3.1438) (97,98,3.1438) (98,98,6.2876) (204,98,3.1438) (99,99,6.2876) (100,99,3.1438) (205,99,-3.1438) (99,100,3.1438) (100,100,6.2876) (205,100,3.1438) (101,101,6.2876) (102,101,3.1438) (206,101,-3.1438) (101,102,3.1438) (102,102,6.2876) (206,102,3.1438) (103,103,6.2876) (104,103,1.32803e-08) (105,103,2.46993) (106,103,1.3282e-08) (107,103,2.14135) (108,103,3.1438) (118,103,2.944) (119,103,2.46993) (120,103,0.605726) (121,103,1.61011e-07) (122,103,2.14135) (123,103,0.447607) (124,103,-2.36254e-07) (103,104,1.32803e-08) (104,104,6.2876) (105,104,1.94497) (106,104,3.1438) (107,104,2.30177) (119,104,1.94497) (207,104,-9.62876e-08) (208,104,-3.1438) (209,104,-0.868538) (103,105,2.46993) (104,105,1.94497) (105,105,6.2876) (106,105,1.94497) (107,105,3.10638) (113,105,2.38442) (121,105,1.94497) (207,105,2.46993) (210,105,2.46994) (216,105,1.83647) (217,105,-0.542882) (218,105,-1.94497) (103,106,1.3282e-08) (104,106,3.1438) (105,106,1.94497) (106,106,6.2876) (107,106,2.30177) (122,106,2.30177) (208,106,3.1438) (216,106,0.868538) (244,106,3.06521e-07) (103,107,2.14135) (104,107,2.30177) (105,107,3.10638) (106,107,2.30177) (107,107,6.2876) (116,107,2.5832) (124,107,2.30177) (209,107,2.69391) (214,107,3.04149) (218,107,2.30177) (244,107,2.14135) (245,107,2.14134) (103,108,3.1438) (108,108,6.2876) (109,108,3.1438) (110,108,3.1438) (111,108,2.944) (112,108,8.58972e-08) (113,108,0.605726) (114,108,2.46993) (115,108,8.58981e-08) (116,108,0.447607) (117,108,2.14135) (118,108,2.944) (119,108,2.46993) (120,108,0.605726) (121,108,8.83946e-08) (122,108,2.14135) (123,108,0.447607) (124,108,-3.0887e-07) (108,109,3.1438) (109,109,6.2876) (110,109,3.1438) (111,109,2.944) (112,109,2.26391e-08) (113,109,0.605726) (114,109,2.46993) (115,109,2.26401e-08) (116,109,0.447607) (117,109,2.14135) (125,109,-3.1438) (126,109,-3.12495) (127,109,2.46993) (128,109,1.34359e-07) (129,109,-1.74753) (130,109,2.14135) (131,109,-2.18886e-07) (132,109,-1.38302) (108,110,3.1438) (109,110,3.1438) (110,110,6.2876) (111,110,2.944) (112,110,7.79294e-09) (113,110,0.605726) (114,110,2.46993) (115,110,7.79388e-09) (116,110,0.447607) (117,110,2.14135) (125,110,3.1438) (133,110,3.12495) (134,110,1.74753) (135,110,-5.51485e-08) (136,110,1.38302) (137,110,1.84529e-08) (24,111,1.63115) (29,111,-0.514754) (33,111,-1.10287) (108,111,2.944) (109,111,2.944) (110,111,2.944) (111,111,6.2876) (112,111,-1.10287) (113,111,-0.514979) (114,111,1.63065) (115,111,-1.10287) (116,111,-0.672478) (117,111,1.19778) (176,111,2.944) (177,111,2.944) (769,111,-1.10287) (108,112,8.58972e-08) (109,112,2.26391e-08) (110,112,7.79294e-09) (111,112,-1.10287) (112,112,6.2876) (113,112,3.0849) (114,112,1.94497) (115,112,3.1438) (116,112,3.11177) (117,112,2.30177) (120,112,3.0849) (127,112,1.94497) (210,112,-6.22748e-07) (211,112,-5.31853e-08) (212,112,1.55603e-08) (213,112,-3.1438) (214,112,-2.76869) (215,112,-0.868538) (105,113,2.38442) (108,113,0.605726) (109,113,0.605726) (110,113,0.605726) (111,113,-0.514979) (112,113,3.0849) (113,113,6.2876) (114,113,2.38442) (115,113,3.0849) (116,113,3.13971) (117,113,2.67122) (121,113,3.0849) (207,113,0.605726) (210,113,0.605726) (216,113,-0.270114) (217,113,-2.42988) (218,113,-3.0849) (108,114,2.46993) (109,114,2.46993) (110,114,2.46993) (111,114,1.63065) (112,114,1.94497) (113,114,2.38442) (114,114,6.2876) (115,114,1.94497) (116,114,2.27682) (117,114,3.10638) (128,114,1.94497) (134,114,0.243847) (211,114,2.46993) (219,114,-2.46993) (220,114,1.83647) (221,114,-1.94497) (222,114,-3.09988) (108,115,8.58981e-08) (109,115,2.26401e-08) (110,115,7.79388e-09) (111,115,-1.10287) (112,115,3.1438) (113,115,3.0849) (114,115,1.94497) (115,115,6.2876) (116,115,3.11177) (117,115,2.30177) (123,115,3.11177) (130,115,2.30177) (213,115,3.1438) (217,115,2.76869) (220,115,0.868538) (245,115,1.98243e-06) (246,115,3.18451e-07) (247,115,-8.51377e-09) (107,116,2.5832) (108,116,0.447607) (109,116,0.447607) (110,116,0.447607) (111,116,-0.672478) (112,116,3.11177) (113,116,3.13971) (114,116,2.27682) (115,116,3.11177) (116,116,6.2876) (117,116,2.5832) (124,116,3.11177) (209,116,1.28988) (214,116,2.95252) (218,116,3.11177) (244,116,0.447607) (245,116,0.447605) (108,117,2.14135) (109,117,2.14135) (110,117,2.14135) (111,117,1.19778) (112,117,2.30177) (113,117,2.67122) (114,117,3.10638) (115,117,2.30177) (116,117,2.5832) (117,117,6.2876) (131,117,2.30177) (136,117,1.12505) (215,117,2.69391) (221,117,2.30177) (223,117,-0.776606) (246,117,2.14135) (248,117,-2.14135) (28,118,-1.10287) (32,118,-0.514754) (35,118,1.63115) (103,118,2.944) (108,118,2.944) (118,118,6.2876) (119,118,1.63065) (120,118,-0.514979) (121,118,-1.10287) (122,118,1.19778) (123,118,-0.672479) (124,118,-1.10287) (177,118,2.944) (178,118,2.944) (179,118,2.944) (768,118,-1.10287) (103,119,2.46993) (104,119,1.94497) (108,119,2.46993) (118,119,1.63065) (119,119,6.2876) (120,119,2.38442) (121,119,1.94497) (122,119,3.10638) (123,119,2.27682) (124,119,1.94497) (207,119,2.46993) (208,119,-1.94497) (209,119,1.83647) (103,120,0.605726) (108,120,0.605726) (112,120,3.0849) (118,120,-0.514979) (119,120,2.38442) (120,120,6.2876) (121,120,3.0849) (122,120,2.67122) (123,120,3.13971) (124,120,3.0849) (127,120,2.38442) (210,120,0.605725) (211,120,0.605726) (212,120,0.605726) (213,120,-3.0849) (214,120,-2.42988) (215,120,-0.270113) (103,121,1.61011e-07) (105,121,1.94497) (108,121,8.83946e-08) (113,121,3.0849) (118,121,-1.10287) (119,121,1.94497) (120,121,3.0849) (121,121,6.2876) (122,121,2.30177) (123,121,3.11177) (124,121,3.1438) (207,121,-7.80036e-08) (210,121,4.48456e-07) (216,121,-0.868539) (217,121,-2.76869) (218,121,-3.1438) (103,122,2.14135) (106,122,2.30177) (108,122,2.14135) (118,122,1.19778) (119,122,3.10638) (120,122,2.67122) (121,122,2.30177) (122,122,6.2876) (123,122,2.5832) (124,122,2.30177) (208,122,2.30177) (216,122,2.69391) (244,122,2.14135) (103,123,0.447607) (108,123,0.447607) (115,123,3.11177) (118,123,-0.672479) (119,123,2.27682) (120,123,3.13971) (121,123,3.11177) (122,123,2.5832) (123,123,6.2876) (124,123,3.11177) (130,123,2.5832) (213,123,3.11177) (217,123,2.95252) (220,123,1.28988) (245,123,0.447609) (246,123,0.447607) (247,123,0.447607) (103,124,-2.36254e-07) (107,124,2.30177) (108,124,-3.0887e-07) (116,124,3.11177) (118,124,-1.10287) (119,124,1.94497) (120,124,3.0849) (121,124,3.1438) (122,124,2.30177) (123,124,3.11177) (124,124,6.2876) (209,124,0.868538) (214,124,2.76869) (218,124,3.1438) (244,124,-8.35499e-08) (245,124,-1.75946e-06) (109,125,-3.1438) (110,125,3.1438) (125,125,6.2876) (126,125,3.12495) (127,125,-2.46993) (128,125,-1.77399e-07) (129,125,1.74753) (130,125,-2.14135) (131,125,1.75846e-07) (132,125,1.38302) (133,125,3.12495) (134,125,1.74753) (135,125,-2.69542e-08) (136,125,1.38302) (137,125,4.66471e-08) (37,126,1.4518) (39,126,-0.343748) (109,126,-3.12495) (125,126,3.12495) (126,126,6.2876) (127,126,-2.66779) (128,126,-0.343748) (129,126,1.45131) (130,126,-2.38018) (131,126,-0.343748) (132,126,1.06603) (179,126,3.12495) (180,126,3.12495) (771,126,-0.343748) (109,127,2.46993) (112,127,1.94497) (120,127,2.38442) (125,127,-2.46993) (126,127,-2.66779) (127,127,6.2876) (128,127,1.94497) (129,127,0.243847) (130,127,3.10638) (131,127,1.94497) (132,127,0.660081) (210,127,2.46993) (211,127,2.46993) (212,127,2.46993) (213,127,-1.94497) (214,127,-0.54288) (215,127,1.83647) (109,128,1.34359e-07) (114,128,1.94497) (125,128,-1.77399e-07) (126,128,-0.343748) (127,128,1.94497) (128,128,6.2876) (129,128,2.61335) (130,128,2.30177) (131,128,3.1438) (132,128,2.82325) (134,128,2.61335) (211,128,-1.03812e-07) (219,128,3.03112e-07) (220,128,-0.868539) (221,128,-3.1438) (222,128,-1.50638) (109,129,-1.74753) (125,129,1.74753) (126,129,1.45131) (127,129,0.243847) (128,129,2.61335) (129,129,6.2876) (130,129,0.723093) (131,129,2.61335) (132,129,3.11566) (135,129,2.61335) (212,129,1.74753) (219,129,1.74753) (223,129,0.281644) (224,129,-2.61335) (109,130,2.14135) (115,130,2.30177) (123,130,2.5832) (125,130,-2.14135) (126,130,-2.38018) (127,130,3.10638) (128,130,2.30177) (129,130,0.723093) (130,130,6.2876) (131,130,2.30177) (132,130,1.12505) (213,130,2.30177) (217,130,3.04149) (220,130,2.69391) (245,130,2.14135) (246,130,2.14135) (247,130,2.14135) (109,131,-2.18886e-07) (117,131,2.30177) (125,131,1.75846e-07) (126,131,-0.343748) (127,131,1.94497) (128,131,3.1438) (129,131,2.61335) (130,131,2.30177) (131,131,6.2876) (132,131,2.82325) (136,131,2.82325) (215,131,0.868538) (221,131,3.1438) (223,131,1.50638) (246,131,-1.22205e-07) (248,131,-8.25696e-07) (109,132,-1.38302) (125,132,1.38302) (126,132,1.06603) (127,132,0.660081) (128,132,2.82325) (129,132,3.11566) (130,132,1.12505) (131,132,2.82325) (132,132,6.2876) (137,132,2.82325) (222,132,2.5667) (224,132,2.82325) (247,132,1.38302) (248,132,1.38302) (30,133,-2.6681) (36,133,-0.343748) (38,133,1.45185) (110,133,3.12495) (125,133,3.12495) (133,133,6.2876) (134,133,1.45131) (135,133,-0.343748) (136,133,1.06603) (137,133,-0.343748) (178,133,-3.12495) (180,133,3.12495) (770,133,-0.343748) (110,134,1.74753) (114,134,0.243847) (125,134,1.74753) (128,134,2.61335) (133,134,1.45131) (134,134,6.2876) (135,134,2.61335) (136,134,3.11566) (137,134,2.61335) (211,134,-1.74753) (219,134,1.74753) (220,134,-2.40151) (221,134,-2.61335) (222,134,0.281644) (110,135,-5.51485e-08) (125,135,-2.69542e-08) (129,135,2.61335) (133,135,-0.343748) (134,135,2.61335) (135,135,6.2876) (136,135,2.82325) (137,135,3.1438) (212,135,3.17952e-08) (219,135,-9.87591e-08) (223,135,-1.50638) (224,135,-3.1438) (110,136,1.38302) (117,136,1.12505) (125,136,1.38302) (131,136,2.82325) (133,136,1.06603) (134,136,3.11566) (135,136,2.82325) (136,136,6.2876) (137,136,2.82325) (215,136,-0.549215) (221,136,2.82325) (223,136,2.5667) (246,136,-1.38302) (248,136,1.38302) (110,137,1.84529e-08) (125,137,4.66471e-08) (132,137,2.82325) (133,137,-0.343748) (134,137,2.61335) (135,137,3.1438) (136,137,2.82325) (137,137,6.2876) (222,137,1.50638) (224,137,3.1438) (247,137,-1.7733e-08) (248,137,6.03204e-07) (138,138,6.2876) (139,138,3.1438) (140,138,3.08186) (141,138,1.36771e-07) (142,138,1.07805) (143,138,2.53609) (144,138,4.49795e-07) (145,138,0.812187) (146,138,2.223) (147,138,-3.1438) (148,138,3.08186) (149,138,-3.13533) (150,138,1.07805) (151,138,-2.86242e-07) (152,138,-2.223) (153,138,0.812186) (154,138,-2.13808e-07) (155,138,-1.85788) (138,139,3.1438) (139,139,6.2876) (140,139,3.08186) (141,139,-3.86925e-08) (142,139,1.07805) (143,139,2.53609) (144,139,2.74331e-07) (145,139,0.812186) (146,139,2.223) (147,139,3.1438) (163,139,3.13533) (164,139,2.53609) (165,139,2.223) (166,139,-0.230625) (167,139,8.93117e-09) (168,139,2.223) (169,139,1.85788) (170,139,-5.51209e-08) (43,140,0.473883) (47,140,-0.620996) (54,140,-2.61866) (138,140,3.08186) (139,140,3.08186) (140,140,6.2876) (141,140,-0.620997) (142,140,0.473462) (143,140,2.11913) (144,140,-0.620996) (145,140,0.196268) (146,140,1.74009) (163,140,-3.028) (181,140,3.08186) (183,140,-3.08186) (773,140,-0.620997) (138,141,1.36771e-07) (139,141,-3.86925e-08) (140,141,-0.620997) (141,141,6.2876) (142,141,2.95319) (143,141,1.85788) (144,141,3.1438) (145,141,3.03708) (146,141,2.223) (150,141,2.95319) (164,141,1.85788) (225,141,2.53893e-07) (226,141,5.54687e-08) (227,141,-3.1438) (228,141,-2.223) (229,141,-0.812186) (138,142,1.07805) (139,142,1.07805) (140,142,0.473462) (141,142,2.95319) (142,142,6.2876) (143,142,2.61489) (144,142,2.95319) (145,142,3.13144) (146,142,2.85051) (151,142,2.95319) (165,142,1.32592) (225,142,1.07805) (230,142,-1.07805) (231,142,-1.32592) (232,142,-2.95318) (233,142,-2.02536) (138,143,2.53609) (139,143,2.53609) (140,143,2.11913) (141,143,1.85788) (142,143,2.61489) (143,143,6.2876) (144,143,1.85788) (145,143,2.45) (146,143,3.10701) (152,143,3.10701) (159,143,1.66683) (167,143,1.85788) (226,143,2.53609) (230,143,2.53609) (238,143,1.97002) (239,143,1.74523) (240,143,-2.32223) (241,143,-1.85788) (138,144,4.49795e-07) (139,144,2.74331e-07) (140,144,-0.620996) (141,144,3.1438) (142,144,2.95319) (143,144,1.85788) (144,144,6.2876) (145,144,3.03708) (146,144,2.223) (153,144,3.03708) (168,144,2.223) (227,144,3.1438) (231,144,2.223) (238,144,0.812186) (249,144,-1.35103e-06) (250,144,-4.93542e-07) (138,145,0.812187) (139,145,0.812186) (140,145,0.196268) (141,145,3.03708) (142,145,3.13144) (143,145,2.45) (144,145,3.03708) (145,145,6.2876) (146,145,2.72184) (154,145,3.03708) (169,145,1.97002) (228,145,2.72184) (232,145,3.03708) (239,145,0.278508) (249,145,0.812187) (251,145,-0.812186) (138,146,2.223) (139,146,2.223) (140,146,1.74009) (141,146,2.223) (142,146,2.85051) (143,146,3.10701) (144,146,2.223) (145,146,2.72184) (146,146,6.2876) (155,146,3.10701) (170,146,2.223) (229,146,2.72184) (233,146,2.85051) (236,146,1.74009) (241,146,2.223) (250,146,2.223) (251,146,2.223) (138,147,-3.1438) (139,147,3.1438) (147,147,6.2876) (148,147,-3.08186) (149,147,3.13533) (150,147,-1.07805) (151,147,4.67264e-08) (152,147,2.223) (153,147,-0.812186) (154,147,-2.57073e-08) (155,147,1.85788) (163,147,3.13533) (164,147,2.53609) (165,147,2.223) (166,147,-0.230625) (167,147,7.29833e-08) (168,147,2.223) (169,147,1.85788) (170,147,8.93116e-09) (42,148,-0.620996) (46,148,0.473875) (53,148,2.11958) (138,148,3.08186) (147,148,-3.08186) (148,148,6.2876) (149,148,-3.028) (150,148,0.473462) (151,148,-0.620996) (152,148,-2.61831) (153,148,0.196268) (154,148,-0.620996) (155,148,-2.32223) (181,148,3.08186) (182,148,3.08186) (772,148,-0.620996) (44,149,2.39338) (48,149,2.05443) (51,149,-0.460101) (56,149,-0.230625) (138,149,-3.13533) (147,149,3.13533) (148,149,-3.028) (149,149,6.2876) (150,149,-1.29178) (151,149,-0.230625) (152,149,2.05394) (153,149,-1.03279) (154,149,-0.230625) (155,149,1.66683) (182,149,3.13533) (183,149,3.13533) (775,149,-0.230625) (138,150,1.07805) (141,150,2.95319) (147,150,-1.07805) (148,150,0.473462) (149,150,-1.29178) (150,150,6.2876) (151,150,2.95319) (152,150,1.32592) (153,150,3.13144) (154,150,2.95319) (155,150,1.74523) (164,150,2.61489) (225,150,1.07805) (226,150,1.07805) (227,150,-2.95318) (228,150,-1.32592) (229,150,0.278508) (138,151,-2.86242e-07) (142,151,2.95319) (147,151,4.67264e-08) (148,151,-0.620996) (149,151,-0.230625) (150,151,2.95319) (151,151,6.2876) (152,151,2.223) (153,151,3.03708) (154,151,3.1438) (155,151,2.53609) (165,151,2.223) (225,151,-1.04422e-07) (230,151,-1.66436e-07) (231,151,-2.223) (232,151,-3.1438) (233,151,-1.07805) (138,152,-2.223) (143,152,3.10701) (147,152,2.223) (148,152,-2.61831) (149,152,2.05394) (150,152,1.32592) (151,152,2.223) (152,152,6.2876) (153,152,1.57324) (154,152,2.223) (155,152,3.10701) (159,152,2.05394) (167,152,2.223) (226,152,2.223) (230,152,2.223) (238,152,1.57324) (239,152,1.32592) (240,152,-2.61831) (241,152,-2.223) (138,153,0.812186) (144,153,3.03708) (147,153,-0.812186) (148,153,0.196268) (149,153,-1.03279) (150,153,3.13144) (151,153,3.03708) (152,153,1.57324) (153,153,6.2876) (154,153,3.03708) (155,153,1.97002) (168,153,2.72184) (227,153,3.03708) (231,153,2.72184) (238,153,1.56923) (249,153,0.812185) (250,153,0.812186) (138,154,-2.13808e-07) (145,154,3.03708) (147,154,-2.57073e-08) (148,154,-0.620996) (149,154,-0.230625) (150,154,2.95319) (151,154,3.1438) (152,154,2.223) (153,154,3.03708) (154,154,6.2876) (155,154,2.53609) (169,154,2.53609) (228,154,2.223) (232,154,3.1438) (239,154,1.07805) (249,154,1.11505e-06) (251,154,5.54687e-08) (138,155,-1.85788) (146,155,3.10701) (147,155,1.85788) (148,155,-2.32223) (149,155,1.66683) (150,155,1.74523) (151,155,2.53609) (152,155,3.10701) (153,155,1.97002) (154,155,2.53609) (155,155,6.2876) (170,155,2.53609) (229,155,2.45) (233,155,2.61489) (236,155,2.11913) (241,155,2.53609) (250,155,1.85788) (251,155,1.85788) (156,156,6.2876) (157,156,3.13532) (158,156,2.33447e-07) (159,156,-0.230625) (160,156,2.22254) (161,156,4.67114e-08) (162,156,1.85737) (171,156,3.13532) (172,156,2.22256) (173,156,4.16264e-05) (174,156,1.8574) (175,156,4.96308e-05) (779,156,3.1438) (780,156,-3.1438) (52,157,2.05387) (58,157,-0.230761) (156,157,3.13532) (157,157,6.2876) (158,157,-0.23072) (159,157,-0.460101) (160,157,2.05337) (161,157,-0.23072) (162,157,1.66622) (184,157,3.13532) (776,157,-0.23072) (779,157,3.13532) (782,157,-3.13532) (156,158,2.33447e-07) (157,158,-0.23072) (158,158,6.2876) (159,158,3.13533) (160,158,2.22346) (161,158,3.1438) (162,158,2.53647) (166,158,3.13533) (172,158,2.22345) (234,158,-3.3297e-07) (235,158,-3.1438) (236,158,-3.08186) (237,158,-1.07845) (779,158,1.61142e-07) (783,158,-1.61142e-07) (143,159,1.66683) (152,159,2.05394) (156,159,-0.230625) (157,159,-0.460101) (158,159,3.13533) (159,159,6.2876) (160,159,2.05443) (161,159,3.13533) (162,159,2.39338) (167,159,3.13533) (226,159,-0.230625) (230,159,-0.230625) (238,159,-1.03279) (239,159,-1.29178) (240,159,-3.028) (241,159,-3.13533) (779,159,-0.230625) (156,160,2.22254) (157,160,2.05337) (158,160,2.22346) (159,160,2.05443) (160,160,6.2876) (161,160,2.22346) (162,160,3.10701) (173,160,2.22343) (234,160,2.22254) (242,160,1.32496) (243,160,-2.22341) (779,160,2.22254) (784,160,-2.22254) (156,161,4.67114e-08) (157,161,-0.23072) (158,161,3.1438) (159,161,3.13533) (160,161,2.22346) (161,161,6.2876) (162,161,2.53646) (174,161,2.53645) (235,161,3.1438) (240,161,3.08186) (242,161,1.07844) (252,161,1.48656e-07) (779,161,-2.55937e-08) (785,161,2.55937e-08) (156,162,1.85737) (157,162,1.66622) (158,162,2.53647) (159,162,2.39338) (160,162,3.10701) (161,162,2.53646) (162,162,6.2876) (175,162,2.53644) (237,162,2.61478) (243,162,2.53642) (252,162,1.85737) (779,162,1.85737) (786,162,-1.85737) (43,163,-1.29217) (47,163,-0.230626) (54,163,2.05441) (139,163,3.13533) (140,163,-3.028) (147,163,3.13533) (163,163,6.2876) (164,163,2.39297) (165,163,2.05394) (166,163,-0.460008) (167,163,-0.230625) (168,163,2.05394) (169,163,1.66683) (170,163,-0.230625) (181,163,-3.13533) (183,163,3.13533) (773,163,-0.230625) (139,164,2.53609) (141,164,1.85788) (147,164,2.53609) (150,164,2.61489) (163,164,2.39297) (164,164,6.2876) (165,164,3.10701) (166,164,1.66683) (167,164,1.85788) (168,164,3.10701) (169,164,2.99749) (170,164,1.85788) (225,164,2.53609) (226,164,2.53609) (227,164,-1.85788) (228,164,0.479568) (229,164,1.97002) (139,165,2.223) (142,165,1.32592) (147,165,2.223) (151,165,2.223) (163,165,2.05394) (164,165,3.10701) (165,165,6.2876) (166,165,2.05394) (167,165,2.223) (168,165,3.1438) (169,165,3.10701) (170,165,2.223) (225,165,-2.223) (230,165,2.223) (231,165,-3.1438) (232,165,-2.223) (233,165,1.32592) (139,166,-0.230625) (147,166,-0.230625) (158,166,3.13533) (163,166,-0.460008) (164,166,1.66683) (165,166,2.05394) (166,166,6.2876) (167,166,3.13533) (168,166,2.05394) (169,166,2.39297) (170,166,3.13533) (172,166,2.05441) (234,166,-0.230626) (235,166,-3.13533) (236,166,-3.028) (237,166,-1.29217) (783,166,-0.230625) (139,167,8.93117e-09) (143,167,1.85788) (147,167,7.29833e-08) (152,167,2.223) (159,167,3.13533) (163,167,-0.230625) (164,167,1.85788) (165,167,2.223) (166,167,3.13533) (167,167,6.2876) (168,167,2.223) (169,167,2.53609) (170,167,3.1438) (226,167,-2.57073e-08) (230,167,4.67264e-08) (238,167,-0.812186) (239,167,-1.07805) (240,167,-3.08186) (241,167,-3.1438) (139,168,2.223) (144,168,2.223) (147,168,2.223) (153,168,2.72184) (163,168,2.05394) (164,168,3.10701) (165,168,3.1438) (166,168,2.05394) (167,168,2.223) (168,168,6.2876) (169,168,3.10701) (170,168,2.223) (227,168,2.223) (231,168,3.1438) (238,168,2.72184) (249,168,2.223) (250,168,2.223) (139,169,1.85788) (145,169,1.97002) (147,169,1.85788) (154,169,2.53609) (163,169,1.66683) (164,169,2.99749) (165,169,3.10701) (166,169,2.39297) (167,169,2.53609) (168,169,3.10701) (169,169,6.2876) (170,169,2.53609) (228,169,0.479568) (232,169,2.53609) (239,169,2.61489) (249,169,-1.85788) (251,169,1.85788) (139,170,-5.51209e-08) (146,170,2.223) (147,170,8.93116e-09) (155,170,2.53609) (163,170,-0.230625) (164,170,1.85788) (165,170,2.223) (166,170,3.13533) (167,170,3.1438) (168,170,2.223) (169,170,2.53609) (170,170,6.2876) (229,170,0.812186) (233,170,1.07805) (236,170,3.08186) (241,170,3.1438) (250,170,2.74331e-07) (251,170,-3.86925e-08) (50,171,-0.230717) (55,171,-0.46019) (57,171,2.05387) (156,171,3.13532) (171,171,6.2876) (172,171,2.05339) (173,171,-0.230675) (174,171,1.66625) (175,171,-0.230667) (184,171,3.13532) (774,171,-0.230717) (780,171,-3.13532) (781,171,3.13532) (156,172,2.22256) (158,172,2.22345) (166,172,2.05441) (171,172,2.05339) (172,172,6.2876) (173,172,2.22348) (174,172,3.10701) (175,172,2.22348) (234,172,2.22256) (235,172,-2.22345) (236,172,-2.61866) (237,172,1.32497) (780,172,-2.22256) (783,172,2.22256) (156,173,4.16264e-05) (160,173,2.22343) (171,173,-0.230675) (172,173,2.22348) (173,173,6.2876) (174,173,2.53647) (175,173,3.1438) (234,173,-4.15269e-05) (242,173,-1.07848) (243,173,-3.1438) (780,173,-4.16987e-05) (784,173,4.16987e-05) (156,174,1.8574) (161,174,2.53645) (171,174,1.66625) (172,174,3.10701) (173,174,2.53647) (174,174,6.2876) (175,174,2.53648) (235,174,2.53645) (240,174,2.11958) (242,174,2.61479) (252,174,1.8574) (780,174,-1.8574) (785,174,1.8574) (156,175,4.96308e-05) (162,175,2.53644) (171,175,-0.230667) (172,175,2.22348) (173,175,3.1438) (174,175,2.53648) (175,175,6.2876) (237,175,1.0784) (243,175,3.1438) (252,175,-4.98262e-05) (780,175,-4.97031e-05) (786,175,4.97031e-05) (23,176,-8.31384e-08) (24,176,2.4703) (29,176,0.60595) (31,176,2.4703) (33,176,-1.0109e-07) (111,176,2.944) (176,176,6.2876) (177,176,3.1438) (767,176,-8.31362e-08) (769,176,8.31362e-08) (24,177,2.4703) (28,177,-5.37685e-07) (29,177,0.605951) (32,177,0.60595) (33,177,3.53458e-07) (35,177,2.4703) (111,177,2.944) (118,177,2.944) (176,177,3.1438) (177,177,6.2876) (178,177,3.1438) (179,177,3.1438) (768,177,-5.37684e-07) (769,177,5.37684e-07) (28,178,-2.93512e-08) (30,178,2.4703) (32,178,0.60595) (35,178,2.4703) (36,178,-1.25278e-07) (38,178,-1.74804) (118,178,2.944) (133,178,-3.12495) (177,178,3.1438) (178,178,6.2876) (179,178,3.1438) (180,178,-3.1438) (768,178,-2.93499e-08) (770,178,2.93499e-08) (28,179,3.22349e-08) (32,179,0.60595) (35,179,2.4703) (37,179,1.748) (39,179,-6.82805e-08) (118,179,2.944) (126,179,3.12495) (177,179,3.1438) (178,179,3.1438) (179,179,6.2876) (180,179,3.1438) (768,179,3.22362e-08) (771,179,-3.22362e-08) (30,180,-2.4703) (36,180,3.03821e-07) (37,180,1.748) (38,180,1.74804) (39,180,-1.85238e-07) (126,180,3.12495) (133,180,3.12495) (178,180,-3.1438) (179,180,3.1438) (180,180,6.2876) (770,180,1.49194e-07) (771,180,-1.49194e-07) (42,181,6.60198e-07) (43,181,1.07845) (46,181,1.07844) (47,181,-3.65307e-07) (53,181,2.53645) (54,181,-2.22345) (140,181,3.08186) (148,181,3.08186) (163,181,-3.13533) (181,181,6.2876) (182,181,3.1438) (183,181,-3.1438) (772,181,5.37135e-07) (773,181,-5.37135e-07) (42,182,1.48656e-07) (44,182,2.53646) (46,182,1.07844) (48,182,2.22346) (51,182,-0.23072) (53,182,2.53645) (56,182,4.67114e-08) (148,182,3.08186) (149,182,3.13533) (181,182,3.1438) (182,182,6.2876) (183,182,3.1438) (772,182,2.55937e-08) (775,182,-2.55937e-08) (43,183,-1.07845) (44,183,2.53647) (47,183,-3.3297e-07) (48,183,2.22346) (51,183,-0.23072) (54,183,2.22345) (56,183,2.33447e-07) (140,183,-3.08186) (149,183,3.13533) (163,183,3.13533) (181,183,-3.1438) (182,183,3.1438) (183,183,6.2876) (773,183,-1.61142e-07) (775,183,1.61142e-07) (50,184,-4.13088e-07) (52,184,2.223) (55,184,-0.230717) (57,184,2.223) (58,184,-4.15218e-05) (157,184,3.13532) (171,184,3.13532) (184,184,6.2876) (774,184,-2.06544e-07) (776,184,2.06544e-07) (781,184,3.1438) (782,184,-3.1438) (59,185,-3.1438) (60,185,3.1438) (185,185,6.2876) (61,186,-3.1438) (62,186,3.1438) (186,186,6.2876) (63,187,-3.1438) (64,187,3.1438) (187,187,6.2876) (65,188,-3.1438) (66,188,3.1438) (188,188,6.2876) (67,189,-3.1438) (68,189,3.1438) (189,189,6.2876) (69,190,-3.1438) (70,190,3.1438) (190,190,6.2876) (71,191,-3.1438) (72,191,3.1438) (191,191,6.2876) (73,192,-3.1438) (74,192,3.1438) (192,192,6.2876) (75,193,-3.1438) (76,193,3.1438) (193,193,6.2876) (77,194,-3.1438) (78,194,3.1438) (194,194,6.2876) (79,195,-3.1438) (80,195,3.1438) (195,195,6.2876) (81,196,-3.1438) (82,196,3.1438) (196,196,6.2876) (83,197,-3.1438) (84,197,3.1438) (197,197,6.2876) (85,198,-3.1438) (86,198,3.1438) (198,198,6.2876) (87,199,-3.1438) (88,199,3.1438) (199,199,6.2876) (89,200,-3.1438) (90,200,3.1438) (200,200,6.2876) (91,201,-3.1438) (92,201,3.1438) (201,201,6.2876) (93,202,-3.1438) (94,202,3.1438) (202,202,6.2876) (95,203,-3.1438) (96,203,3.1438) (203,203,6.2876) (97,204,-3.1438) (98,204,3.1438) (204,204,6.2876) (99,205,-3.1438) (100,205,3.1438) (205,205,6.2876) (101,206,-3.1438) (102,206,3.1438) (206,206,6.2876) (104,207,-9.62876e-08) (105,207,2.46993) (113,207,0.605726) (119,207,2.46993) (121,207,-7.80036e-08) (207,207,6.2876) (208,207,9.62942e-08) (209,207,3.02144) (210,207,3.1438) (216,207,3.02144) (217,207,1.48924) (218,207,-1.40752e-06) (104,208,-3.1438) (106,208,3.1438) (119,208,-1.94497) (122,208,2.30177) (207,208,9.62942e-08) (208,208,6.2876) (209,208,0.868538) (216,208,0.868538) (244,208,3.06517e-07) (104,209,-0.868538) (107,209,2.69391) (116,209,1.28988) (119,209,1.83647) (124,209,0.868538) (207,209,3.02144) (208,209,0.868538) (209,209,6.2876) (214,209,2.19618) (218,209,0.868539) (244,209,3.02144) (245,209,3.02144) (105,210,2.46994) (112,210,-6.22748e-07) (113,210,0.605726) (120,210,0.605725) (121,210,4.48456e-07) (127,210,2.46993) (207,210,3.1438) (210,210,6.2876) (211,210,3.1438) (212,210,3.1438) (213,210,6.22752e-07) (214,210,1.48924) (215,210,3.02144) (216,210,3.02144) (217,210,1.48924) (218,210,-1.93398e-06) (112,211,-5.31853e-08) (114,211,2.46993) (120,211,0.605726) (127,211,2.46993) (128,211,-1.03812e-07) (134,211,-1.74753) (210,211,3.1438) (211,211,6.2876) (212,211,3.1438) (213,211,5.31889e-08) (214,211,1.48924) (215,211,3.02144) (219,211,-3.1438) (220,211,3.02144) (221,211,-1.21711e-06) (222,211,-2.7594) (112,212,1.55603e-08) (120,212,0.605726) (127,212,2.46993) (129,212,1.74753) (135,212,3.17952e-08) (210,212,3.1438) (211,212,3.1438) (212,212,6.2876) (213,212,-1.55568e-08) (214,212,1.48924) (215,212,3.02144) (219,212,3.1438) (223,212,2.7594) (224,212,2.43429e-07) (112,213,-3.1438) (115,213,3.1438) (120,213,-3.0849) (123,213,3.11177) (127,213,-1.94497) (130,213,2.30177) (210,213,6.22752e-07) (211,213,5.31889e-08) (212,213,-1.55568e-08) (213,213,6.2876) (214,213,2.76869) (215,213,0.868538) (217,213,2.76869) (220,213,0.868538) (245,213,1.98243e-06) (246,213,3.18449e-07) (247,213,-8.51635e-09) (107,214,3.04149) (112,214,-2.76869) (116,214,2.95252) (120,214,-2.42988) (124,214,2.76869) (127,214,-0.54288) (209,214,2.19618) (210,214,1.48924) (211,214,1.48924) (212,214,1.48924) (213,214,2.76869) (214,214,6.2876) (215,214,2.19618) (218,214,2.76869) (244,214,1.48924) (245,214,1.48924) (112,215,-0.868538) (117,215,2.69391) (120,215,-0.270113) (127,215,1.83647) (131,215,0.868538) (136,215,-0.549215) (210,215,3.02144) (211,215,3.02144) (212,215,3.02144) (213,215,0.868538) (214,215,2.19618) (215,215,6.2876) (221,215,0.868539) (223,215,-2.23584) (246,215,3.02144) (248,215,-3.02144) (105,216,1.83647) (106,216,0.868538) (113,216,-0.270114) (121,216,-0.868539) (122,216,2.69391) (207,216,3.02144) (208,216,0.868538) (210,216,3.02144) (216,216,6.2876) (217,216,2.19618) (218,216,0.868537) (244,216,3.02144) (105,217,-0.542882) (113,217,-2.42988) (115,217,2.76869) (121,217,-2.76869) (123,217,2.95252) (130,217,3.04149) (207,217,1.48924) (210,217,1.48924) (213,217,2.76869) (216,217,2.19618) (217,217,6.2876) (218,217,2.76869) (220,217,2.19618) (245,217,1.48924) (246,217,1.48924) (247,217,1.48924) (105,218,-1.94497) (107,218,2.30177) (113,218,-3.0849) (116,218,3.11177) (121,218,-3.1438) (124,218,3.1438) (207,218,-1.40752e-06) (209,218,0.868539) (210,218,-1.93398e-06) (214,218,2.76869) (216,218,0.868537) (217,218,2.76869) (218,218,6.2876) (244,218,1.00471e-06) (245,218,-6.712e-07) (114,219,-2.46993) (128,219,3.03112e-07) (129,219,1.74753) (134,219,1.74753) (135,219,-9.87591e-08) (211,219,-3.1438) (212,219,3.1438) (219,219,6.2876) (220,219,-3.02144) (221,219,1.01781e-06) (222,219,2.7594) (223,219,2.7594) (224,219,3.73983e-07) (114,220,1.83647) (115,220,0.868538) (123,220,1.28988) (128,220,-0.868539) (130,220,2.69391) (134,220,-2.40151) (211,220,3.02144) (213,220,0.868538) (217,220,2.19618) (219,220,-3.02144) (220,220,6.2876) (221,220,0.868537) (222,220,-2.23584) (245,220,3.02145) (246,220,3.02144) (247,220,3.02144) (114,221,-1.94497) (117,221,2.30177) (128,221,-3.1438) (131,221,3.1438) (134,221,-2.61335) (136,221,2.82325) (211,221,-1.21711e-06) (215,221,0.868539) (219,221,1.01781e-06) (220,221,0.868537) (221,221,6.2876) (222,221,1.50638) (223,221,1.50638) (246,221,8.45469e-07) (248,221,-1.79337e-06) (114,222,-3.09988) (128,222,-1.50638) (132,222,2.5667) (134,222,0.281644) (137,222,1.50638) (211,222,-2.7594) (219,222,2.7594) (220,222,-2.23584) (221,222,1.50638) (222,222,6.2876) (224,222,1.50638) (247,222,2.7594) (248,222,2.7594) (117,223,-0.776606) (129,223,0.281644) (131,223,1.50638) (135,223,-1.50638) (136,223,2.5667) (212,223,2.7594) (215,223,-2.23584) (219,223,2.7594) (221,223,1.50638) (223,223,6.2876) (224,223,1.50638) (246,223,-2.7594) (248,223,2.7594) (129,224,-2.61335) (132,224,2.82325) (135,224,-3.1438) (137,224,3.1438) (212,224,2.43429e-07) (219,224,3.73983e-07) (222,224,1.50638) (223,224,1.50638) (224,224,6.2876) (247,224,-2.19355e-07) (248,224,4.01581e-07) (141,225,2.53893e-07) (142,225,1.07805) (150,225,1.07805) (151,225,-1.04422e-07) (164,225,2.53609) (165,225,-2.223) (225,225,6.2876) (226,225,3.1438) (227,225,9.16624e-07) (228,225,2.223) (229,225,3.03708) (230,225,-3.1438) (231,225,2.223) (232,225,3.75279e-07) (233,225,-2.95318) (141,226,5.54687e-08) (143,226,2.53609) (150,226,1.07805) (152,226,2.223) (159,226,-0.230625) (164,226,2.53609) (167,226,-2.57073e-08) (225,226,3.1438) (226,226,6.2876) (227,226,1.11505e-06) (228,226,2.223) (229,226,3.03708) (230,226,3.1438) (238,226,3.03708) 