{
 "cells": [
  {
   "cell_type": "code",
   "execution_count": 134,
   "metadata": {},
   "outputs": [],
   "source": [
    "import numpy as np\n",
    "import scipy\n",
    "import sympy"
   ]
  },
  {
   "cell_type": "markdown",
   "metadata": {},
   "source": [
    "# Data setup"
   ]
  },
  {
   "cell_type": "code",
   "execution_count": 135,
   "metadata": {},
   "outputs": [
    {
     "data": {
      "text/plain": [
       "'\\nQ = np.array([\\n    [7.95775e-02, -9.83458e-04, 2.82364e-02, 3.97887e-02, 0.00000e+00, 0.00000e+00, 0.00000e+00, 0.00000e+00, 0.00000e+00, 0.00000e+00, 3.60034e-02, 2.87271e-02, 7.48199e-04, 2.76921e-02, 1.86455e-02, 9.89051e-04, 0.00000e+00, 0.00000e+00, 0.00000e+00, 0.00000e+00, 0.00000e+00, 0.00000e+00, 0.00000e+00],\\n    [-9.83458e-04, 7.95775e-02, 2.73265e-02, 0.00000e+00, 2.79594e-02,0.00000e+00, 0.00000e+00, 0.00000e+00, 0.00000e+00, 0.00000e+00,1.78227e-02, 0.00000e+00, 0.00000e+00, 0.00000e+00, 0.00000e+00,0.00000e+00, 6.30994e-05,-7.38974e-04, 0.00000e+00, 0.00000e+00,0.00000e+00, 0.00000e+00, 0.00000e+00],\\n    [ 2.82364e-02, 2.73265e-02, 7.95775e-02, 0.00000e+00, 0.00000e+00,2.78008e-02, 0.00000e+00, 0.00000e+00, 0.00000e+00, 0.00000e+00,0.00000e+00,-9.90247e-04, 0.00000e+00, 0.00000e+00, 0.00000e+00,0.00000e+00, 2.88773e-02, 0.00000e+00,-2.99603e-02, 0.00000e+00,0.00000e+00, 0.00000e+00, 0.00000e+00],\\n    [ 3.97887e-02, 0.00000e+00, 0.00000e+00, 7.95775e-02,-2.89643e-02,-2.85989e-04, 2.74670e-02,-1.68124e-02,-2.96454e-04, 1.73336e-02,3.59864e-02, 2.86994e-02, 7.08247e-04, 2.76634e-02, 1.86102e-02,9.49104e-04, 0.00000e+00, 0.00000e+00, 0.00000e+00, 0.00000e+00,0.00000e+00, 0.00000e+00, 0.00000e+00],\\n    [ 0.00000e+00, 2.79594e-02, 0.00000e+00,-2.89643e-02, 7.95775e-02,2.74877e-02,-2.57375e-04, 3.69639e-02, 2.74953e-02, 1.19374e-02,3.78344e-02, 0.00000e+00, 0.00000e+00, 0.00000e+00, 0.00000e+00,0.00000e+00, 2.83536e-02, 2.77851e-02, 0.00000e+00, 0.00000e+00,0.00000e+00, 0.00000e+00, 0.00000e+00],\\n    [ 0.00000e+00, 0.00000e+00, 2.78008e-02,-2.85989e-04, 2.74877e-02,7.95775e-02, 2.85891e-02, 3.61822e-02, 3.97887e-02, 3.56891e-02,0.00000e+00, 2.77644e-02, 0.00000e+00, 0.00000e+00, 0.00000e+00,0.00000e+00, 5.94487e-04, 0.00000e+00,-2.20242e-03, 0.00000e+00,0.00000e+00, 0.00000e+00, 0.00000e+00],\\n    [ 0.00000e+00, 0.00000e+00, 0.00000e+00, 2.74670e-02,-2.57375e-04,2.85891e-02, 7.95775e-02, 1.44852e-02, 2.85818e-02, 3.78778e-02,0.00000e+00, 0.00000e+00, 2.82938e-02, 0.00000e+00, 0.00000e+00,0.00000e+00, 0.00000e+00, 2.86595e-02, 2.92133e-02, 1.15227e-02,1.34712e-03,-2.79369e-02, 0.00000e+00],\\n    [ 0.00000e+00, 0.00000e+00, 0.00000e+00,-1.68124e-02, 3.69639e-02,3.61822e-02, 1.44852e-02, 7.95775e-02, 3.61865e-02, 2.51362e-02,0.00000e+00, 0.00000e+00, 0.00000e+00, 3.76091e-02, 0.00000e+00,0.00000e+00, 0.00000e+00, 0.00000e+00, 0.00000e+00, 3.12755e-02,0.00000e+00, 0.00000e+00, 1.98453e-02],\\n    [ 0.00000e+00, 0.00000e+00, 0.00000e+00,-2.96454e-04, 2.74953e-02,3.97887e-02, 2.85818e-02, 3.61865e-02, 7.95775e-02, 3.56845e-02,0.00000e+00, 0.00000e+00, 0.00000e+00, 0.00000e+00, 3.53059e-02,0.00000e+00, 0.00000e+00, 0.00000e+00, 0.00000e+00, 0.00000e+00,2.66972e-02, 0.00000e+00,-3.70998e-03],\\n    [ 0.00000e+00, 0.00000e+00, 0.00000e+00, 1.73336e-02, 1.19374e-02,3.56891e-02, 3.78778e-02, 2.51362e-02, 3.56845e-02, 7.95775e-02,0.00000e+00, 0.00000e+00, 0.00000e+00, 0.00000e+00, 0.00000e+00,3.53910e-02, 0.00000e+00, 0.00000e+00, 0.00000e+00, 0.00000e+00,0.00000e+00, 3.52698e-02, 0.00000e+00],\\n    [ 3.60034e-02, 1.78227e-02, 0.00000e+00, 3.59864e-02, 3.78344e-02,0.00000e+00, 0.00000e+00, 0.00000e+00, 0.00000e+00, 0.00000e+00,7.95775e-02, 3.77136e-02, 1.76120e-02, 3.72202e-02, 3.18348e-02,1.78277e-02, 3.56020e-02, 3.52366e-02, 0.00000e+00, 0.00000e+00,0.00000e+00, 0.00000e+00, 0.00000e+00],\\n    [ 2.87271e-02, 0.00000e+00,-9.90247e-04, 2.86994e-02, 0.00000e+00,2.77644e-02, 0.00000e+00, 0.00000e+00, 0.00000e+00, 0.00000e+00,3.77136e-02, 7.95775e-02, 2.80653e-02, 3.97617e-02, 3.77819e-02,2.82356e-02,-2.80826e-02, 0.00000e+00, 2.69200e-02, 0.00000e+00,0.00000e+00, 0.00000e+00, 0.00000e+00],\\n    [ 7.48199e-04, 0.00000e+00, 0.00000e+00, 7.08247e-04, 0.00000e+00,0.00000e+00, 2.82938e-02, 0.00000e+00, 0.00000e+00, 0.00000e+00,1.76120e-02, 2.80653e-02, 7.95775e-02, 2.90865e-02, 3.54939e-02,3.97880e-02, 0.00000e+00, 9.74234e-04, 1.78066e-03,-1.85825e-02,-2.70011e-02,-3.97855e-02, 0.00000e+00],\\n    [ 2.76921e-02, 0.00000e+00, 0.00000e+00, 2.76634e-02, 0.00000e+00,0.00000e+00, 0.00000e+00, 3.76091e-02, 0.00000e+00, 0.00000e+00,3.72202e-02, 3.97617e-02, 2.90865e-02, 7.95775e-02, 3.82164e-02,2.92503e-02, 0.00000e+00, 0.00000e+00, 0.00000e+00, 3.75914e-02,0.00000e+00, 0.00000e+00, 3.00157e-02],\\n    [ 1.86455e-02, 0.00000e+00, 0.00000e+00, 1.86102e-02, 0.00000e+00,0.00000e+00, 0.00000e+00, 0.00000e+00, 3.53059e-02, 0.00000e+00,3.18348e-02, 3.77819e-02, 3.54939e-02, 3.82164e-02, 7.95775e-02,3.56021e-02, 0.00000e+00, 0.00000e+00, 0.00000e+00, 0.00000e+00,3.72938e-02, 0.00000e+00,-2.15597e-02],\\n    [ 9.89051e-04, 0.00000e+00, 0.00000e+00, 9.49104e-04, 0.00000e+00,0.00000e+00, 0.00000e+00, 0.00000e+00, 0.00000e+00, 3.53910e-02,1.78277e-02, 2.82356e-02, 3.97880e-02, 2.92503e-02, 3.56021e-02,7.95775e-02, 0.00000e+00, 0.00000e+00, 0.00000e+00, 0.00000e+00,0.00000e+00, 3.97879e-02, 0.00000e+00],\\n    [ 0.00000e+00, 6.30994e-05, 2.88773e-02, 0.00000e+00, 2.83536e-02,5.94487e-04, 0.00000e+00, 0.00000e+00, 0.00000e+00, 0.00000e+00,3.56020e-02,-2.80826e-02, 0.00000e+00, 0.00000e+00, 0.00000e+00,0.00000e+00, 7.95775e-02, 3.97807e-02,-3.97562e-02, 0.00000e+00,0.00000e+00, 0.00000e+00, 0.00000e+00],\\n    [ 0.00000e+00,-7.38974e-04, 0.00000e+00, 0.00000e+00, 2.77851e-02,0.00000e+00, 2.86595e-02, 0.00000e+00, 0.00000e+00, 0.00000e+00,3.52366e-02, 0.00000e+00, 9.74234e-04, 0.00000e+00, 0.00000e+00,0.00000e+00, 3.97807e-02, 7.95775e-02, 3.97806e-02, 3.47173e-02,2.85548e-02,-4.69876e-04, 0.00000e+00],\\n    [ 0.00000e+00, 0.00000e+00,-2.99603e-02, 0.00000e+00, 0.00000e+00,-2.20242e-03, 2.92133e-02, 0.00000e+00, 0.00000e+00, 0.00000e+00,0.00000e+00, 2.69200e-02, 1.78066e-03, 0.00000e+00, 0.00000e+00,0.00000e+00,-3.97562e-02, 3.97806e-02, 7.95775e-02, 3.43160e-02,2.79871e-02,-1.27659e-03, 0.00000e+00],\\n    [ 0.00000e+00, 0.00000e+00, 0.00000e+00, 0.00000e+00, 0.00000e+00,0.00000e+00, 1.15227e-02, 3.12755e-02, 0.00000e+00, 0.00000e+00,0.00000e+00, 0.00000e+00,-1.85825e-02, 3.75914e-02, 0.00000e+00,0.00000e+00, 0.00000e+00, 3.47173e-02, 3.43160e-02, 7.95775e-02,3.84520e-02, 1.90271e-02, 3.69178e-02],\\n    [ 0.00000e+00, 0.00000e+00, 0.00000e+00, 0.00000e+00, 0.00000e+00,0.00000e+00, 1.34712e-03, 0.00000e+00, 2.66972e-02, 0.00000e+00,0.00000e+00, 0.00000e+00,-2.70011e-02, 0.00000e+00, 3.72938e-02,0.00000e+00, 0.00000e+00, 2.85548e-02, 2.79871e-02, 3.84520e-02,7.95775e-02, 2.73694e-02,-3.18634e-02],\\n    [ 0.00000e+00, 0.00000e+00, 0.00000e+00, 0.00000e+00, 0.00000e+00,0.00000e+00,-2.79369e-02, 0.00000e+00, 0.00000e+00, 3.52698e-02,0.00000e+00, 0.00000e+00,-3.97855e-02, 0.00000e+00, 0.00000e+00,3.97879e-02, 0.00000e+00,-4.69876e-04,-1.27659e-03, 1.90271e-02,2.73694e-02, 7.95775e-02, 0.00000e+00],\\n    [ 0.00000e+00, 0.00000e+00, 0.00000e+00, 0.00000e+00, 0.00000e+00,0.00000e+00, 0.00000e+00, 1.98453e-02,-3.70998e-03, 0.00000e+00,0.00000e+00, 0.00000e+00, 0.00000e+00, 3.00157e-02,-2.15597e-02,0.00000e+00, 0.00000e+00, 0.00000e+00, 0.00000e+00, 3.69178e-02,-3.18634e-02, 0.00000e+00, 7.95775e-02]\\n])\\n\\nN = np.array([\\n    [ 0.00337332,-0.999772,-0.702148,0,0,0,0,0,0,0,0,0,0,0,0,0,0,0,0,0,0,0,0],\\n    [-0.999994,0.0213446,-0.712031,0,0,0,0,0,0,0,0,0,0,0,0,0,0,0,0,0,0,0,0],\\n    [ 0,0,0,0,0,0,0,0,0,0,0,0,0,0,0,0,0,0,0,0,0,0,0],\\n    [ 0,0,0,0.00236906,-0.687349,-0.999988,-0.721866,-0.907342,-0.999987,-0.899086,0,0,0,0,0,0,0,0,0,0,0,0,0],\\n    [ 0,0,0,-0.999997,0.726327,0.00481866,-0.692033,0.420394,0.0050817,-0.437772,0,0,0,0,0,0,0,0,0,0,0,0,0],\\n    [ 0,0,0,0,0,0,0,0,0,0,0,0,0,0,0,0,0,0,0,0,0,0,0],\\n    [-0.00337332,0,0,-0.00236906,0,0,0,0,0,0,-0.428749,-0.694335,-0.999881,-0.720406,-0.88498,-0.999769,0,0,0,0,0,0,0],\\n    [ 0.999994,0,0,0.999997,0,0,0,0,0,0,0.903424,0.719652,0.0154315,0.693553,0.465629,0.0214851,0,0,0,0,0,0,0],\\n    [ 0,0,0,0,0,0,0,0,0,0,0,0,0,0,0,0,0,0,0,0,0,0,0],\\n    [ 0,0.999772,0,0,0.687349,0,0,0,0,0,0.428749,0,0,0,0,0,-0.019759,-0.0399091,0,0,0,0,0],\\n    [ 0,-0.0213446,0,0,-0.726327,0,0,0,0,0,-0.903424,0,0,0,0,0,-0.999805,-0.999203,0,0,0,0,0],\\n    [ 0,0,0,0,0,0,0,0,0,0,0,0,0,0,0,0,0,0,0,0,0,0,0],\\n    [ 0,0,0.702148,0,0,0.999988,0,0,0,0,0,0.694335,0,0,0,0,0.019759,0,-0.0601635,0,0,0,0],\\n    [ 0,0,0.712031,0,0,-0.00481866,0,0,0,0,0,-0.719652,0,0,0,0,0.999805,0,-0.998189,0,0,0,0],\\n    [ 0,0,0,0,0,0,0,0,0,0,0,0,0,0,0,0,0,0,0,0,0,0,0],\\n    [ 0,0,0,0,0,0,0.721866,0,0,0,0,0,0.999881,0,0,0,0,0.0399091,0.0601635,-0.453329,-0.667196,-0.999605,0],\\n    [ 0,0,0,0,0,0,0.692033,0,0,0,0,0,-0.0154315,0,0,0,0,0.999203,0.998189,0.891343,0.744882,0.0281064,0],\\n    [ 0,0,0,0,0,0,0,0,0,0,0,0,0,0,0,0,0,0,0,0,0,0,0],\\n    [ 0,0,0,0,0,0,0,0.907342,0,0,0,0,0,0.720406,0,0,0,0,0,0.453329,0,0,0.0881813],\\n    [ 0,0,0,0,0,0,0,-0.420394,0,0,0,0,0,-0.693553,0,0,0,0,0,-0.891343,0,0,-0.996104],\\n    [ 0,0,0,0,0,0,0,0,0,0,0,0,0,0,0,0,0,0,0,0,0,0,0],\\n    [ 0,0,0,0,0,0,0,0,0.999987,0,0,0,0,0,0.88498,0,0,0,0,0,0.667196,0,-0.0881813],\\n    [ 0,0,0,0,0,0,0,0,-0.0050817,0,0,0,0,0,-0.465629,0,0,0,0,0,-0.744882,0,0.996104],\\n    [ 0,0,0,0,0,0,0,0,0,0,0,0,0,0,0,0,0,0,0,0,0,0,0],\\n    [ 0,0,0,0,0,0,0,0,0,0.899086,0,0,0,0,0,0.999769,0,0,0,0,0,0.999605,0],\\n    [ 0,0,0,0,0,0,0,0,0,0.437772,0,0,0,0,0,-0.0214851,0,0,0,0,0,-0.0281064,0],\\n    [ 0,0,0,0,0,0,0,0,0,0,0,0,0,0,0,0,0,0,0,0,0,0,0],\\n])\\n\\nv0 = np.array([-0.0767099,0.152972,0,0.713166,0.688418,0,0.403309,-0.14552,0,-0.778098,0.900388,0,-0.618129,0.358938,0,0.289424,0.0094612,0,0.522351,0.47138,0,0.212198,0.113966,0,-0.15416,0.667785,0])\\n'"
      ]
     },
     "execution_count": 135,
     "metadata": {},
     "output_type": "execute_result"
    }
   ],
   "source": [
    "# these make cycle of 2, but questionably small error (around 1e-07 - 1e-08 range)\n",
    "\"\"\"\n",
    "Q = np.array([\n",
    "    [7.95775e-02, -9.83458e-04, 2.82364e-02, 3.97887e-02, 0.00000e+00, 0.00000e+00, 0.00000e+00, 0.00000e+00, 0.00000e+00, 0.00000e+00, 3.60034e-02, 2.87271e-02, 7.48199e-04, 2.76921e-02, 1.86455e-02, 9.89051e-04, 0.00000e+00, 0.00000e+00, 0.00000e+00, 0.00000e+00, 0.00000e+00, 0.00000e+00, 0.00000e+00],\n",
    "    [-9.83458e-04, 7.95775e-02, 2.73265e-02, 0.00000e+00, 2.79594e-02,0.00000e+00, 0.00000e+00, 0.00000e+00, 0.00000e+00, 0.00000e+00,1.78227e-02, 0.00000e+00, 0.00000e+00, 0.00000e+00, 0.00000e+00,0.00000e+00, 6.30994e-05,-7.38974e-04, 0.00000e+00, 0.00000e+00,0.00000e+00, 0.00000e+00, 0.00000e+00],\n",
    "    [ 2.82364e-02, 2.73265e-02, 7.95775e-02, 0.00000e+00, 0.00000e+00,2.78008e-02, 0.00000e+00, 0.00000e+00, 0.00000e+00, 0.00000e+00,0.00000e+00,-9.90247e-04, 0.00000e+00, 0.00000e+00, 0.00000e+00,0.00000e+00, 2.88773e-02, 0.00000e+00,-2.99603e-02, 0.00000e+00,0.00000e+00, 0.00000e+00, 0.00000e+00],\n",
    "    [ 3.97887e-02, 0.00000e+00, 0.00000e+00, 7.95775e-02,-2.89643e-02,-2.85989e-04, 2.74670e-02,-1.68124e-02,-2.96454e-04, 1.73336e-02,3.59864e-02, 2.86994e-02, 7.08247e-04, 2.76634e-02, 1.86102e-02,9.49104e-04, 0.00000e+00, 0.00000e+00, 0.00000e+00, 0.00000e+00,0.00000e+00, 0.00000e+00, 0.00000e+00],\n",
    "    [ 0.00000e+00, 2.79594e-02, 0.00000e+00,-2.89643e-02, 7.95775e-02,2.74877e-02,-2.57375e-04, 3.69639e-02, 2.74953e-02, 1.19374e-02,3.78344e-02, 0.00000e+00, 0.00000e+00, 0.00000e+00, 0.00000e+00,0.00000e+00, 2.83536e-02, 2.77851e-02, 0.00000e+00, 0.00000e+00,0.00000e+00, 0.00000e+00, 0.00000e+00],\n",
    "    [ 0.00000e+00, 0.00000e+00, 2.78008e-02,-2.85989e-04, 2.74877e-02,7.95775e-02, 2.85891e-02, 3.61822e-02, 3.97887e-02, 3.56891e-02,0.00000e+00, 2.77644e-02, 0.00000e+00, 0.00000e+00, 0.00000e+00,0.00000e+00, 5.94487e-04, 0.00000e+00,-2.20242e-03, 0.00000e+00,0.00000e+00, 0.00000e+00, 0.00000e+00],\n",
    "    [ 0.00000e+00, 0.00000e+00, 0.00000e+00, 2.74670e-02,-2.57375e-04,2.85891e-02, 7.95775e-02, 1.44852e-02, 2.85818e-02, 3.78778e-02,0.00000e+00, 0.00000e+00, 2.82938e-02, 0.00000e+00, 0.00000e+00,0.00000e+00, 0.00000e+00, 2.86595e-02, 2.92133e-02, 1.15227e-02,1.34712e-03,-2.79369e-02, 0.00000e+00],\n",
    "    [ 0.00000e+00, 0.00000e+00, 0.00000e+00,-1.68124e-02, 3.69639e-02,3.61822e-02, 1.44852e-02, 7.95775e-02, 3.61865e-02, 2.51362e-02,0.00000e+00, 0.00000e+00, 0.00000e+00, 3.76091e-02, 0.00000e+00,0.00000e+00, 0.00000e+00, 0.00000e+00, 0.00000e+00, 3.12755e-02,0.00000e+00, 0.00000e+00, 1.98453e-02],\n",
    "    [ 0.00000e+00, 0.00000e+00, 0.00000e+00,-2.96454e-04, 2.74953e-02,3.97887e-02, 2.85818e-02, 3.61865e-02, 7.95775e-02, 3.56845e-02,0.00000e+00, 0.00000e+00, 0.00000e+00, 0.00000e+00, 3.53059e-02,0.00000e+00, 0.00000e+00, 0.00000e+00, 0.00000e+00, 0.00000e+00,2.66972e-02, 0.00000e+00,-3.70998e-03],\n",
    "    [ 0.00000e+00, 0.00000e+00, 0.00000e+00, 1.73336e-02, 1.19374e-02,3.56891e-02, 3.78778e-02, 2.51362e-02, 3.56845e-02, 7.95775e-02,0.00000e+00, 0.00000e+00, 0.00000e+00, 0.00000e+00, 0.00000e+00,3.53910e-02, 0.00000e+00, 0.00000e+00, 0.00000e+00, 0.00000e+00,0.00000e+00, 3.52698e-02, 0.00000e+00],\n",
    "    [ 3.60034e-02, 1.78227e-02, 0.00000e+00, 3.59864e-02, 3.78344e-02,0.00000e+00, 0.00000e+00, 0.00000e+00, 0.00000e+00, 0.00000e+00,7.95775e-02, 3.77136e-02, 1.76120e-02, 3.72202e-02, 3.18348e-02,1.78277e-02, 3.56020e-02, 3.52366e-02, 0.00000e+00, 0.00000e+00,0.00000e+00, 0.00000e+00, 0.00000e+00],\n",
    "    [ 2.87271e-02, 0.00000e+00,-9.90247e-04, 2.86994e-02, 0.00000e+00,2.77644e-02, 0.00000e+00, 0.00000e+00, 0.00000e+00, 0.00000e+00,3.77136e-02, 7.95775e-02, 2.80653e-02, 3.97617e-02, 3.77819e-02,2.82356e-02,-2.80826e-02, 0.00000e+00, 2.69200e-02, 0.00000e+00,0.00000e+00, 0.00000e+00, 0.00000e+00],\n",
    "    [ 7.48199e-04, 0.00000e+00, 0.00000e+00, 7.08247e-04, 0.00000e+00,0.00000e+00, 2.82938e-02, 0.00000e+00, 0.00000e+00, 0.00000e+00,1.76120e-02, 2.80653e-02, 7.95775e-02, 2.90865e-02, 3.54939e-02,3.97880e-02, 0.00000e+00, 9.74234e-04, 1.78066e-03,-1.85825e-02,-2.70011e-02,-3.97855e-02, 0.00000e+00],\n",
    "    [ 2.76921e-02, 0.00000e+00, 0.00000e+00, 2.76634e-02, 0.00000e+00,0.00000e+00, 0.00000e+00, 3.76091e-02, 0.00000e+00, 0.00000e+00,3.72202e-02, 3.97617e-02, 2.90865e-02, 7.95775e-02, 3.82164e-02,2.92503e-02, 0.00000e+00, 0.00000e+00, 0.00000e+00, 3.75914e-02,0.00000e+00, 0.00000e+00, 3.00157e-02],\n",
    "    [ 1.86455e-02, 0.00000e+00, 0.00000e+00, 1.86102e-02, 0.00000e+00,0.00000e+00, 0.00000e+00, 0.00000e+00, 3.53059e-02, 0.00000e+00,3.18348e-02, 3.77819e-02, 3.54939e-02, 3.82164e-02, 7.95775e-02,3.56021e-02, 0.00000e+00, 0.00000e+00, 0.00000e+00, 0.00000e+00,3.72938e-02, 0.00000e+00,-2.15597e-02],\n",
    "    [ 9.89051e-04, 0.00000e+00, 0.00000e+00, 9.49104e-04, 0.00000e+00,0.00000e+00, 0.00000e+00, 0.00000e+00, 0.00000e+00, 3.53910e-02,1.78277e-02, 2.82356e-02, 3.97880e-02, 2.92503e-02, 3.56021e-02,7.95775e-02, 0.00000e+00, 0.00000e+00, 0.00000e+00, 0.00000e+00,0.00000e+00, 3.97879e-02, 0.00000e+00],\n",
    "    [ 0.00000e+00, 6.30994e-05, 2.88773e-02, 0.00000e+00, 2.83536e-02,5.94487e-04, 0.00000e+00, 0.00000e+00, 0.00000e+00, 0.00000e+00,3.56020e-02,-2.80826e-02, 0.00000e+00, 0.00000e+00, 0.00000e+00,0.00000e+00, 7.95775e-02, 3.97807e-02,-3.97562e-02, 0.00000e+00,0.00000e+00, 0.00000e+00, 0.00000e+00],\n",
    "    [ 0.00000e+00,-7.38974e-04, 0.00000e+00, 0.00000e+00, 2.77851e-02,0.00000e+00, 2.86595e-02, 0.00000e+00, 0.00000e+00, 0.00000e+00,3.52366e-02, 0.00000e+00, 9.74234e-04, 0.00000e+00, 0.00000e+00,0.00000e+00, 3.97807e-02, 7.95775e-02, 3.97806e-02, 3.47173e-02,2.85548e-02,-4.69876e-04, 0.00000e+00],\n",
    "    [ 0.00000e+00, 0.00000e+00,-2.99603e-02, 0.00000e+00, 0.00000e+00,-2.20242e-03, 2.92133e-02, 0.00000e+00, 0.00000e+00, 0.00000e+00,0.00000e+00, 2.69200e-02, 1.78066e-03, 0.00000e+00, 0.00000e+00,0.00000e+00,-3.97562e-02, 3.97806e-02, 7.95775e-02, 3.43160e-02,2.79871e-02,-1.27659e-03, 0.00000e+00],\n",
    "    [ 0.00000e+00, 0.00000e+00, 0.00000e+00, 0.00000e+00, 0.00000e+00,0.00000e+00, 1.15227e-02, 3.12755e-02, 0.00000e+00, 0.00000e+00,0.00000e+00, 0.00000e+00,-1.85825e-02, 3.75914e-02, 0.00000e+00,0.00000e+00, 0.00000e+00, 3.47173e-02, 3.43160e-02, 7.95775e-02,3.84520e-02, 1.90271e-02, 3.69178e-02],\n",
    "    [ 0.00000e+00, 0.00000e+00, 0.00000e+00, 0.00000e+00, 0.00000e+00,0.00000e+00, 1.34712e-03, 0.00000e+00, 2.66972e-02, 0.00000e+00,0.00000e+00, 0.00000e+00,-2.70011e-02, 0.00000e+00, 3.72938e-02,0.00000e+00, 0.00000e+00, 2.85548e-02, 2.79871e-02, 3.84520e-02,7.95775e-02, 2.73694e-02,-3.18634e-02],\n",
    "    [ 0.00000e+00, 0.00000e+00, 0.00000e+00, 0.00000e+00, 0.00000e+00,0.00000e+00,-2.79369e-02, 0.00000e+00, 0.00000e+00, 3.52698e-02,0.00000e+00, 0.00000e+00,-3.97855e-02, 0.00000e+00, 0.00000e+00,3.97879e-02, 0.00000e+00,-4.69876e-04,-1.27659e-03, 1.90271e-02,2.73694e-02, 7.95775e-02, 0.00000e+00],\n",
    "    [ 0.00000e+00, 0.00000e+00, 0.00000e+00, 0.00000e+00, 0.00000e+00,0.00000e+00, 0.00000e+00, 1.98453e-02,-3.70998e-03, 0.00000e+00,0.00000e+00, 0.00000e+00, 0.00000e+00, 3.00157e-02,-2.15597e-02,0.00000e+00, 0.00000e+00, 0.00000e+00, 0.00000e+00, 3.69178e-02,-3.18634e-02, 0.00000e+00, 7.95775e-02]\n",
    "])\n",
    "\n",
    "N = np.array([\n",
    "    [ 0.00337332,-0.999772,-0.702148,0,0,0,0,0,0,0,0,0,0,0,0,0,0,0,0,0,0,0,0],\n",
    "    [-0.999994,0.0213446,-0.712031,0,0,0,0,0,0,0,0,0,0,0,0,0,0,0,0,0,0,0,0],\n",
    "    [ 0,0,0,0,0,0,0,0,0,0,0,0,0,0,0,0,0,0,0,0,0,0,0],\n",
    "    [ 0,0,0,0.00236906,-0.687349,-0.999988,-0.721866,-0.907342,-0.999987,-0.899086,0,0,0,0,0,0,0,0,0,0,0,0,0],\n",
    "    [ 0,0,0,-0.999997,0.726327,0.00481866,-0.692033,0.420394,0.0050817,-0.437772,0,0,0,0,0,0,0,0,0,0,0,0,0],\n",
    "    [ 0,0,0,0,0,0,0,0,0,0,0,0,0,0,0,0,0,0,0,0,0,0,0],\n",
    "    [-0.00337332,0,0,-0.00236906,0,0,0,0,0,0,-0.428749,-0.694335,-0.999881,-0.720406,-0.88498,-0.999769,0,0,0,0,0,0,0],\n",
    "    [ 0.999994,0,0,0.999997,0,0,0,0,0,0,0.903424,0.719652,0.0154315,0.693553,0.465629,0.0214851,0,0,0,0,0,0,0],\n",
    "    [ 0,0,0,0,0,0,0,0,0,0,0,0,0,0,0,0,0,0,0,0,0,0,0],\n",
    "    [ 0,0.999772,0,0,0.687349,0,0,0,0,0,0.428749,0,0,0,0,0,-0.019759,-0.0399091,0,0,0,0,0],\n",
    "    [ 0,-0.0213446,0,0,-0.726327,0,0,0,0,0,-0.903424,0,0,0,0,0,-0.999805,-0.999203,0,0,0,0,0],\n",
    "    [ 0,0,0,0,0,0,0,0,0,0,0,0,0,0,0,0,0,0,0,0,0,0,0],\n",
    "    [ 0,0,0.702148,0,0,0.999988,0,0,0,0,0,0.694335,0,0,0,0,0.019759,0,-0.0601635,0,0,0,0],\n",
    "    [ 0,0,0.712031,0,0,-0.00481866,0,0,0,0,0,-0.719652,0,0,0,0,0.999805,0,-0.998189,0,0,0,0],\n",
    "    [ 0,0,0,0,0,0,0,0,0,0,0,0,0,0,0,0,0,0,0,0,0,0,0],\n",
    "    [ 0,0,0,0,0,0,0.721866,0,0,0,0,0,0.999881,0,0,0,0,0.0399091,0.0601635,-0.453329,-0.667196,-0.999605,0],\n",
    "    [ 0,0,0,0,0,0,0.692033,0,0,0,0,0,-0.0154315,0,0,0,0,0.999203,0.998189,0.891343,0.744882,0.0281064,0],\n",
    "    [ 0,0,0,0,0,0,0,0,0,0,0,0,0,0,0,0,0,0,0,0,0,0,0],\n",
    "    [ 0,0,0,0,0,0,0,0.907342,0,0,0,0,0,0.720406,0,0,0,0,0,0.453329,0,0,0.0881813],\n",
    "    [ 0,0,0,0,0,0,0,-0.420394,0,0,0,0,0,-0.693553,0,0,0,0,0,-0.891343,0,0,-0.996104],\n",
    "    [ 0,0,0,0,0,0,0,0,0,0,0,0,0,0,0,0,0,0,0,0,0,0,0],\n",
    "    [ 0,0,0,0,0,0,0,0,0.999987,0,0,0,0,0,0.88498,0,0,0,0,0,0.667196,0,-0.0881813],\n",
    "    [ 0,0,0,0,0,0,0,0,-0.0050817,0,0,0,0,0,-0.465629,0,0,0,0,0,-0.744882,0,0.996104],\n",
    "    [ 0,0,0,0,0,0,0,0,0,0,0,0,0,0,0,0,0,0,0,0,0,0,0],\n",
    "    [ 0,0,0,0,0,0,0,0,0,0.899086,0,0,0,0,0,0.999769,0,0,0,0,0,0.999605,0],\n",
    "    [ 0,0,0,0,0,0,0,0,0,0.437772,0,0,0,0,0,-0.0214851,0,0,0,0,0,-0.0281064,0],\n",
    "    [ 0,0,0,0,0,0,0,0,0,0,0,0,0,0,0,0,0,0,0,0,0,0,0],\n",
    "])\n",
    "\n",
    "v0 = np.array([-0.0767099,0.152972,0,0.713166,0.688418,0,0.403309,-0.14552,0,-0.778098,0.900388,0,-0.618129,0.358938,0,0.289424,0.0094612,0,0.522351,0.47138,0,0.212198,0.113966,0,-0.15416,0.667785,0])\n",
    "\"\"\""
   ]
  },
  {
   "cell_type": "code",
   "execution_count": 136,
   "metadata": {},
   "outputs": [],
   "source": [
    "# print(np.dot(N.T, N))"
   ]
  },
  {
   "cell_type": "code",
   "execution_count": 137,
   "metadata": {},
   "outputs": [],
   "source": [
    "Q = np.array([\n",
    "    [ 0.0795775  ,  0.0397859  ,  0.029291   , -0.0255903  ,  0.0199843  ,  0.00244885 ,  0.         ,  0.         ,  0.         ,  0.         ,  0.         ,  0.         ,  0.         ,  0.         ,  0.         ,  0.         ,  0.         ,  0.         ,  0.         ,  0.         ,  0.         ,  0.         ],\n",
    "    [ 0.0397859  ,  0.0795775  ,  0.         ,  0.         ,  0.         ,  0.         ,  0.0360052  ,  0.0295781  ,  0.0195412  ,  0.         ,  0.         ,  0.         ,  0.         ,  0.         ,  0.         ,  0.         ,  0.         ,  0.         ,  0.         ,  0.         ,  0.         ,  0.         ],\n",
    "    [ 0.029291   ,  0.         ,  0.0795775  ,  0.00178205 ,  0.0379978  ,  0.0286809  ,  0.0381066  ,  0.         ,  0.         ,  0.0290335  ,  0.0278924  , -0.0287509  , -0.000700284,  0.0118523  ,  0.         ,  0.         ,  0.         ,  0.         ,  0.         ,  0.         ,  0.         ,  0.         ],\n",
    "    [-0.0255903  ,  0.         ,  0.00178205 ,  0.0795775  ,  0.013493   ,  0.028835   ,  0.         ,  0.         ,  0.         ,  0.         ,  0.0270976  ,  0.         ,  0.         ,  0.         ,  0.0282953  ,  0.         ,  0.         ,  0.         ,  0.0116834  , -0.00199305 ,  0.         ,  0.         ],\n",
    "    [ 0.0199843  ,  0.         ,  0.0379978  ,  0.013493   ,  0.0795775  ,  0.0355707  ,  0.         ,  0.0380124  ,  0.         ,  0.         ,  0.         ,  0.0356159  ,  0.         ,  0.         ,  0.         ,  0.0378531  ,  0.         ,  0.         ,  0.031819   ,  0.         ,  0.0165403  ,  0.0173194  ],\n",
    "    [ 0.00244885 ,  0.         ,  0.0286809  ,  0.028835   ,  0.0355707  ,  0.0795775  ,  0.         ,  0.         ,  0.0360018  ,  0.         ,  0.         ,  0.         ,  0.0280786  ,  0.         ,  0.         ,  0.         ,  0.0397881  ,  0.         ,  0.         ,  0.0288269  ,  0.00142848 ,  0.         ],\n",
    "    [ 0.         ,  0.0360052  ,  0.0381066  ,  0.         ,  0.         ,  0.         ,  0.0795775  ,  0.0380923  ,  0.0324343  ,  0.0356332  ,  0.0348766  , -0.0196223  ,  0.0107745  ,  0.0222785  ,  0.         ,  0.         ,  0.         ,  0.         ,  0.         ,  0.         ,  0.         ,  0.         ],\n",
    "    [ 0.         ,  0.0295781  ,  0.         ,  0.         ,  0.0380124  ,  0.         ,  0.0380923  ,  0.0795775  ,  0.0377093  ,  0.         ,  0.         ,  0.0287849  ,  0.         ,  0.         ,  0.         ,  0.0397852  ,  0.         ,  0.         ,  0.0374567  ,  0.         ,  0.0264938  ,  0.0271299  ],\n",
    "    [ 0.         ,  0.0195412  ,  0.         ,  0.         ,  0.         ,  0.0360018  ,  0.0324343  ,  0.0377093  ,  0.0795775  ,  0.         ,  0.         ,  0.         ,  0.0134029  ,  0.         ,  0.         ,  0.         ,  0.035907   ,  0.         ,  0.         ,  0.0377606  , -0.015638   ,  0.         ],\n",
    "    [ 0.         ,  0.         ,  0.0290335  ,  0.         ,  0.         ,  0.         ,  0.0356332  ,  0.         ,  0.         ,  0.0795775  ,  0.0397552  , -0.00217188 ,  0.0266914  ,  0.03462    , -0.0396518  ,  0.0293587  ,  0.00184988 , -0.0258027  ,  0.         ,  0.         ,  0.         ,  0.         ],\n",
    "    [ 0.         ,  0.         ,  0.0278924  ,  0.0270976  ,  0.         ,  0.         ,  0.0348766  ,  0.         ,  0.         ,  0.0397552  ,  0.0795775  , -0.000539488,  0.02788    ,  0.0353957  ,  0.0397537  ,  0.         ,  0.         ,  0.         ,  0.0358077  ,  0.0277414  ,  0.         ,  0.         ],\n",
    "    [ 0.         ,  0.         , -0.0287509  ,  0.         ,  0.0356159  ,  0.         , -0.0196223  ,  0.0287849  ,  0.         , -0.00217188 , -0.000539488,  0.0795775  ,  0.0280069  ,  0.0176921  ,  0.         ,  0.0284179  ,  0.         ,  0.         ,  0.0178318  ,  0.         , -0.00132743 , -0.000466781],\n",
    "    [ 0.         ,  0.         , -0.000700284,  0.         ,  0.         ,  0.0280786  ,  0.0107745  ,  0.         ,  0.0134029  ,  0.0266914  ,  0.02788    ,  0.0280069  ,  0.0795775  ,  0.037768   ,  0.         ,  0.         ,  0.028235   ,  0.         ,  0.         ,  0.000911476,  0.0291809  ,  0.         ],\n",
    "    [ 0.         ,  0.         ,  0.0118523  ,  0.         ,  0.         ,  0.         ,  0.0222785  ,  0.         ,  0.         ,  0.03462    ,  0.0353957  ,  0.0176921  ,  0.037768   ,  0.0795775  ,  0.         ,  0.         ,  0.         ,  0.0373792  ,  0.         ,  0.         ,  0.         ,  0.035844   ],\n",
    "    [ 0.         ,  0.         ,  0.         ,  0.0282953  ,  0.         ,  0.         ,  0.         ,  0.         ,  0.         , -0.0396518  ,  0.0397537  ,  0.         ,  0.         ,  0.         ,  0.0795775  , -0.0270314  ,  0.00145128 ,  0.0282246  ,  0.0350489  ,  0.0265211  ,  0.         ,  0.         ],\n",
    "    [ 0.         ,  0.         ,  0.         ,  0.         ,  0.0378531  ,  0.         ,  0.         ,  0.0397852  ,  0.         ,  0.0293587  ,  0.         ,  0.0284179  ,  0.         ,  0.         , -0.0270314  ,  0.0795775  ,  0.0281913  ,  0.00140403 ,  0.0376315  ,  0.         ,  0.0268854  ,  0.0275137  ],\n",
    "    [ 0.         ,  0.         ,  0.         ,  0.         ,  0.         ,  0.0397881  ,  0.         ,  0.         ,  0.035907   ,  0.00184988 ,  0.         ,  0.         ,  0.028235   ,  0.         ,  0.00145128 ,  0.0281913  ,  0.0795775  ,  0.0290557  ,  0.         ,  0.0286739  ,  0.00164962 ,  0.         ],\n",
    "    [ 0.         ,  0.         ,  0.         ,  0.         ,  0.         ,  0.         ,  0.         ,  0.         ,  0.         , -0.0258027  ,  0.         ,  0.         ,  0.         ,  0.0373792  ,  0.0282246  ,  0.00140403 ,  0.0290557  ,  0.0795775  ,  0.         ,  0.         ,  0.         ,  0.0277539  ],\n",
    "    [ 0.         ,  0.         ,  0.         ,  0.0116834  ,  0.031819   ,  0.         ,  0.         ,  0.0374567  ,  0.         ,  0.         ,  0.0358077  ,  0.0178318  ,  0.         ,  0.         ,  0.0350489  ,  0.0376315  ,  0.         ,  0.         ,  0.0795775  ,  0.0374018  ,  0.0349545  ,  0.0353576  ],\n",
    "    [ 0.         ,  0.         ,  0.         , -0.00199305 ,  0.         ,  0.0288269  ,  0.         ,  0.         ,  0.0377606  ,  0.         ,  0.0277414  ,  0.         ,  0.000911476,  0.         ,  0.0265211  ,  0.         ,  0.0286739  ,  0.         ,  0.0374018  ,  0.0795775  , -0.0263728  ,  0.         ],\n",
    "    [ 0.         ,  0.         ,  0.         ,  0.         ,  0.0165403  ,  0.00142848 ,  0.         ,  0.0264938  , -0.015638   ,  0.         ,  0.         , -0.00132743 ,  0.0291809  ,  0.         ,  0.         ,  0.0268854  ,  0.00164962 ,  0.         ,  0.0349545  , -0.0263728  ,  0.0795775  ,  0.0397794  ],\n",
    "    [ 0.         ,  0.         ,  0.         ,  0.         ,  0.0173194  ,  0.         ,  0.         ,  0.0271299  ,  0.         ,  0.         ,  0.         , -0.000466781,  0.         ,  0.035844   ,  0.         ,  0.0275137  ,  0.         ,  0.0277539  ,  0.0353576  ,  0.         ,  0.0397794  ,  0.0795775  ]\n",
    "])\n",
    "\n",
    "N = np.array([\n",
    "    [ 0.0308264,  0.0427834,  0.       ,  0.       ,  0.       ,  0.       ,  0.       ,  0.       ,  0.       ,  0.       ,  0.       ,  0.       ,  0.       ,  0.       ,  0.       ,  0.       ,  0.       ,  0.       ,  0.       ,  0.       ,  0.       ,  0.       ],\n",
    "    [-0.999525 , -0.999084 ,  0.       ,  0.       ,  0.       ,  0.       ,  0.       ,  0.       ,  0.       ,  0.       ,  0.       ,  0.       ,  0.       ,  0.       ,  0.       ,  0.       ,  0.       ,  0.       ,  0.       ,  0.       ,  0.       ,  0.       ],\n",
    "    [ 0.       ,  0.       ,  0.       ,  0.       ,  0.       ,  0.       ,  0.       ,  0.       ,  0.       ,  0.       ,  0.       ,  0.       ,  0.       ,  0.       ,  0.       ,  0.       ,  0.       ,  0.       ,  0.       ,  0.       ,  0.       ,  0.       ],\n",
    "    [-0.0308264,  0.       , -0.699175 , -0.745547 , -0.879788 , -0.999527 ,  0.       ,  0.       ,  0.       ,  0.       ,  0.       ,  0.       ,  0.       ,  0.       ,  0.       ,  0.       ,  0.       ,  0.       ,  0.       ,  0.       ,  0.       ,  0.       ],\n",
    "    [ 0.999525 ,  0.       ,  0.71495  , -0.666453 ,  0.475366 ,  0.0307492,  0.       ,  0.       ,  0.       ,  0.       ,  0.       ,  0.       ,  0.       ,  0.       ,  0.       ,  0.       ,  0.       ,  0.       ,  0.       ,  0.       ,  0.       ,  0.       ],\n",
    "    [ 0.       ,  0.       ,  0.       ,  0.       ,  0.       ,  0.       ,  0.       ,  0.       ,  0.       ,  0.       ,  0.       ,  0.       ,  0.       ,  0.       ,  0.       ,  0.       ,  0.       ,  0.       ,  0.       ,  0.       ,  0.       ,  0.       ],\n",
    "    [ 0.       , -0.0427834,  0.       ,  0.       ,  0.       ,  0.       , -0.463929 , -0.700061 , -0.891304 ,  0.       ,  0.       ,  0.       ,  0.       ,  0.       ,  0.       ,  0.       ,  0.       ,  0.       ,  0.       ,  0.       ,  0.       ,  0.       ],\n",
    "    [ 0.       ,  0.999084 ,  0.       ,  0.       ,  0.       ,  0.       ,  0.885872 ,  0.714083 ,  0.453407 ,  0.       ,  0.       ,  0.       ,  0.       ,  0.       ,  0.       ,  0.       ,  0.       ,  0.       ,  0.       ,  0.       ,  0.       ,  0.       ],\n",
    "    [ 0.       ,  0.       ,  0.       ,  0.       ,  0.       ,  0.       ,  0.       ,  0.       ,  0.       ,  0.       ,  0.       ,  0.       ,  0.       ,  0.       ,  0.       ,  0.       ,  0.       ,  0.       ,  0.       ,  0.       ,  0.       ,  0.       ],\n",
    "    [ 0.       ,  0.       ,  0.699175 ,  0.       ,  0.       ,  0.       ,  0.463929 ,  0.       ,  0.       ,  0.0213156, -0.0197348, -0.999446 , -0.727145 , -0.474223 ,  0.       ,  0.       ,  0.       ,  0.       ,  0.       ,  0.       ,  0.       ,  0.       ],\n",
    "    [ 0.       ,  0.       , -0.71495  ,  0.       ,  0.       ,  0.       , -0.885872 ,  0.       ,  0.       , -0.999773 , -0.999805 ,  0.0332891, -0.686484 , -0.880405 ,  0.       ,  0.       ,  0.       ,  0.       ,  0.       ,  0.       ,  0.       ,  0.       ],\n",
    "    [ 0.       ,  0.       ,  0.       ,  0.       ,  0.       ,  0.       ,  0.       ,  0.       ,  0.       ,  0.       ,  0.       ,  0.       ,  0.       ,  0.       ,  0.       ,  0.       ,  0.       ,  0.       ,  0.       ,  0.       ,  0.       ,  0.       ],\n",
    "    [ 0.       ,  0.       ,  0.       ,  0.       ,  0.       ,  0.       ,  0.       ,  0.       ,  0.       , -0.0213156,  0.       ,  0.       ,  0.       ,  0.       , -0.0616356, -0.690524 , -0.999683 , -0.747226 ,  0.       ,  0.       ,  0.       ,  0.       ],\n",
    "    [ 0.       ,  0.       ,  0.       ,  0.       ,  0.       ,  0.       ,  0.       ,  0.       ,  0.       ,  0.999773 ,  0.       ,  0.       ,  0.       ,  0.       , -0.998099 ,  0.72331  ,  0.0251894, -0.66457  ,  0.       ,  0.       ,  0.       ,  0.       ],\n",
    "    [ 0.       ,  0.       ,  0.       ,  0.       ,  0.       ,  0.       ,  0.       ,  0.       ,  0.       ,  0.       ,  0.       ,  0.       ,  0.       ,  0.       ,  0.       ,  0.       ,  0.       ,  0.       ,  0.       ,  0.       ,  0.       ,  0.       ],\n",
    "    [ 0.       ,  0.       ,  0.       ,  0.745547 ,  0.       ,  0.       ,  0.       ,  0.       ,  0.       ,  0.       ,  0.0197348,  0.       ,  0.       ,  0.       ,  0.0616356,  0.       ,  0.       ,  0.       , -0.418154 , -0.702961 ,  0.       ,  0.       ],\n",
    "    [ 0.       ,  0.       ,  0.       ,  0.666453 ,  0.       ,  0.       ,  0.       ,  0.       ,  0.       ,  0.       ,  0.999805 ,  0.       ,  0.       ,  0.       ,  0.998099 ,  0.       ,  0.       ,  0.       ,  0.908376 ,  0.711228 ,  0.       ,  0.       ],\n",
    "    [ 0.       ,  0.       ,  0.       ,  0.       ,  0.       ,  0.       ,  0.       ,  0.       ,  0.       ,  0.       ,  0.       ,  0.       ,  0.       ,  0.       ,  0.       ,  0.       ,  0.       ,  0.       ,  0.       ,  0.       ,  0.       ,  0.       ],\n",
    "    [ 0.       ,  0.       ,  0.       ,  0.       ,  0.879788 ,  0.       ,  0.       ,  0.700061 ,  0.       ,  0.       ,  0.       ,  0.999446 ,  0.       ,  0.       ,  0.       ,  0.690524 ,  0.       ,  0.       ,  0.418154 ,  0.       , -0.0666141, -0.0450118],\n",
    "    [ 0.       ,  0.       ,  0.       ,  0.       , -0.475366 ,  0.       ,  0.       , -0.714083 ,  0.       ,  0.       ,  0.       , -0.0332891,  0.       ,  0.       ,  0.       , -0.72331  ,  0.       ,  0.       , -0.908376 ,  0.       , -0.997779 , -0.998986 ],\n",
    "    [ 0.       ,  0.       ,  0.       ,  0.       ,  0.       ,  0.       ,  0.       ,  0.       ,  0.       ,  0.       ,  0.       ,  0.       ,  0.       ,  0.       ,  0.       ,  0.       ,  0.       ,  0.       ,  0.       ,  0.       ,  0.       ,  0.       ],\n",
    "    [ 0.       ,  0.       ,  0.       ,  0.       ,  0.       ,  0.999527 ,  0.       ,  0.       ,  0.891304 ,  0.       ,  0.       ,  0.       ,  0.727145 ,  0.       ,  0.       ,  0.       ,  0.999683 ,  0.       ,  0.       ,  0.702961 ,  0.0666141,  0.       ],\n",
    "    [ 0.       ,  0.       ,  0.       ,  0.       ,  0.       , -0.0307492,  0.       ,  0.       , -0.453407 ,  0.       ,  0.       ,  0.       ,  0.686484 ,  0.       ,  0.       ,  0.       , -0.0251894,  0.       ,  0.       , -0.711228 ,  0.997779 ,  0.       ],\n",
    "    [ 0.       ,  0.       ,  0.       ,  0.       ,  0.       ,  0.       ,  0.       ,  0.       ,  0.       ,  0.       ,  0.       ,  0.       ,  0.       ,  0.       ,  0.       ,  0.       ,  0.       ,  0.       ,  0.       ,  0.       ,  0.       ,  0.       ],\n",
    "    [ 0.       ,  0.       ,  0.       ,  0.       ,  0.       ,  0.       ,  0.       ,  0.       ,  0.       ,  0.       ,  0.       ,  0.       ,  0.       ,  0.474223 ,  0.       ,  0.       ,  0.       ,  0.747226 ,  0.       ,  0.       ,  0.       ,  0.0450118],\n",
    "    [ 0.       ,  0.       ,  0.       ,  0.       ,  0.       ,  0.       ,  0.       ,  0.       ,  0.       ,  0.       ,  0.       ,  0.       ,  0.       ,  0.880405 ,  0.       ,  0.       ,  0.       ,  0.66457  ,  0.       ,  0.       ,  0.       ,  0.998986 ],\n",
    "    [ 0.       ,  0.       ,  0.       ,  0.       ,  0.       ,  0.       ,  0.       ,  0.       ,  0.       ,  0.       ,  0.       ,  0.       ,  0.       ,  0.       ,  0.       ,  0.       ,  0.       ,  0.       ,  0.       ,  0.       ,  0.       ,  0.       ]\n",
    "])\n",
    "\n",
    "# Q = np.dot(N.T, N)\n",
    "\n",
    "v0 = np.array(\n",
    "    [-0.996177, -0.624429,  0.      ,  0.450381, -0.928442,  0.      , -0.539189, -0.858849,  0.      ,  0.427077,  0.177408,  0.      ,  0.790088, -0.1611  ,  0.      , -0.306553, -0.927114,  0.      ,  0.404661,  0.466851,  0.      , -0.626333, -0.719153,  0.      ,  0.869225, -0.52794 ,  0.      ]\n",
    ")"
   ]
  },
  {
   "cell_type": "code",
   "execution_count": 138,
   "metadata": {},
   "outputs": [],
   "source": [
    "# messing around with sympy\n",
    "# what if we solved system of linearly independent equations first...?\n",
    "_, inds = sympy.Matrix(N).rref()\n",
    "inds_mask = [(i in inds) for i in range(N.shape[1])]\n",
    "N_prime = N[:,inds_mask]\n",
    "Q_prime = np.dot(N_prime.T, N_prime)"
   ]
  },
  {
   "cell_type": "markdown",
   "metadata": {},
   "source": [
    "# Policy Iteration Algo"
   ]
  },
  {
   "cell_type": "code",
   "execution_count": 139,
   "metadata": {},
   "outputs": [],
   "source": [
    "\n",
    "def get_policy(Q, x, b, policy):\n",
    "    \"\"\"\n",
    "    updates policy to the next policy,\n",
    "    returns error\n",
    "    \"\"\"\n",
    "    err2 = 0\n",
    "    y = np.dot(Q, x) + b\n",
    "    for i in range(len(x)):\n",
    "        choice = 0.0\n",
    "        if y[i] < x[i]:\n",
    "            choice = 1\n",
    "        err2 += min(x[i], y[i]) ** 2    # x should be > 0, while y should be as close to 0 as possible\n",
    "\n",
    "        policy[i,i] = choice\n",
    "    flat_policy = [i for i in range(policy.shape[0]) if policy[i,i] == 1]\n",
    "    return err2 ** 0.5\n",
    "\n",
    "\n",
    "def update_value(policy, Q, b, use_cg = True):\n",
    "    \"\"\"\n",
    "    returns the next x given the policy\n",
    "    \"\"\"\n",
    "    I = np.eye(len(b))\n",
    "    A = np.dot(\n",
    "            np.dot(\n",
    "                policy,\n",
    "                Q\n",
    "            ),\n",
    "            policy\n",
    "        ) + I - policy\n",
    "    rhs = -np.dot(policy, b) \n",
    "    lst_sqr_soln = np.linalg.lstsq(A , rhs)[0]\n",
    "    cg_soln = scipy.sparse.linalg.cg(A , rhs , tol=1e-12)[0]\n",
    "    # print(\n",
    "    #     \"cg soln err:\",\n",
    "    #     np.linalg.norm(\n",
    "    #         np.dot(A, cg_soln) - rhs\n",
    "    #     )\n",
    "    # )\n",
    "    if use_cg:\n",
    "        return cg_soln\n",
    "    else:\n",
    "        return lst_sqr_soln\n"
   ]
  },
  {
   "cell_type": "code",
   "execution_count": 140,
   "metadata": {},
   "outputs": [],
   "source": [
    "np.set_printoptions(linewidth=1000)"
   ]
  },
  {
   "cell_type": "code",
   "execution_count": 142,
   "metadata": {},
   "outputs": [
    {
     "name": "stdout",
     "output_type": "stream",
     "text": [
      "[ 0.00000000e+00  2.53756960e-01  8.13086645e-01  1.75409597e-01 -5.55111512e-16  4.44089210e-16  0.00000000e+00  0.00000000e+00 -1.47911420e-31 -9.86076132e-32  7.39557099e-32  4.93038066e-32  1.14694102e+00  2.46519033e-32  1.04009944e+00  8.32360775e-01  6.81124332e-01  0.00000000e+00  0.00000000e+00  0.00000000e+00  0.00000000e+00  0.00000000e+00]\n",
      "[0, 1, 2, 3, 4, 5, 6, 7, 8, 9, 10, 11, 12, 13, 14, 15, 16, 17, 18, 19, 20, 21]\n",
      "error 7.0428865918114365\n",
      "[ -4485.21057125   4484.99578965 -39159.32175468 -16150.78131352  45764.37251572   -684.9841403   -6493.13173407   -384.7364801    3439.76731997  39582.96647881  -2372.47034483 -35485.45686049  23660.72288382 -23676.71492744  36691.41892214   9729.84994949 -20463.71974592  14279.10765859 -27832.67356712   2559.73550666 -13409.13542834  11377.2758219 ]\n",
      "[1, 4, 8, 9, 12, 14, 15, 17, 19, 21]\n",
      "error 71104.53478435022\n",
      "[ 0.00000000e+00  7.31928693e+00  1.77635684e-15  3.55271368e-15  3.32999841e+00  0.00000000e+00 -3.55271368e-15  8.88178420e-16 -3.83482140e+00  1.78120442e+00  0.00000000e+00  0.00000000e+00  3.47748710e+01 -2.46519033e-32  3.41129792e+01  2.01193018e+01  0.00000000e+00 -1.48964492e+01  0.00000000e+00 -5.80615456e-01  0.00000000e+00  2.19653469e+01]\n",
      "[0, 1, 2, 3, 4, 5, 6, 9, 12, 14, 15, 16, 21]\n",
      "error 15.621788444742696\n",
      "[-2.83649332e+01  3.75336512e+01  6.93301225e+01  2.67643464e+00 -2.39754250e+01 -9.10788700e+00 -3.75166972e+01  0.00000000e+00 -2.13162821e-14 -1.53044465e+01  0.00000000e+00  7.10542736e-15  4.42632138e+01  0.00000000e+00  2.29937518e+01  3.20532296e+01  1.26639117e+01  0.00000000e+00  0.00000000e+00  0.00000000e+00  0.00000000e+00  1.85866592e+01]\n",
      "[1, 2, 3, 7, 8, 10, 12, 14, 15, 16, 18, 20, 21]\n",
      "error 55.71422857681397\n",
